-150,-143
-150,131;-150,132;-150,133;-150,134;-150,135;-149,131;-149,132;-149,133;-149,134;-149,135
-148,130;-148,129;-148,128;-148,127;-148,126;-147,126;-147,127;-147,128;-147,129;-147,130
-147,21;-147,22
-147,23;-146,23
-144,44
-144,45
-144,46
-144,47
-144,48
-143,-36
-143,44
-143,45;-143,46;-142,45;-142,46
-143,47
-142,-150
-142,44
-142,47
-141,44
-141,45
-141,46
-141,47
-140,44
-140,45
-140,46
-140,47
-138,-40
-137,-40;-137,-39;-137,-38
-135,-75;-134,-75;-133,-75;-132,-75
-128,-45
-126,-66
-126,15
-125,-21
-115,132;-116,132;-117,132;-118,132;-119,132;-120,132;-121,132;-122,132;-123,132;-124,132;-115,133;-116,133;-117,133;-118,133;-119,133;-120,133;-121,133;-122,133;-123,133;-124,133;-115,134;-116,134;-117,134;-118,134;-119,134;-120,134;-121,134;-122,134;-123,134;-124,134;-115,135;-116,135;-117,135;-118,135;-119,135;-120,135;-121,135;-122,135;-123,135;-124,135;-117,136;-118,136;-119,136;-120,136;-121,136;-122,136;-117,137;-118,137;-119,137;-120,137;-121,137;-122,137
-116,-111;-117,-111;-118,-111;-119,-111;-120,-111;-121,-111;-122,-111;-123,-111;-116,-112;-117,-112;-118,-112;-119,-112;-120,-112;-121,-112;-122,-112;-123,-112;-116,-113;-117,-113;-118,-113;-119,-113;-121,-113;-120,-113;-122,-113;-123,-113;-116,-114;-117,-114;-118,-114;-119,-114;-120,-114;-121,-114;-122,-114;-123,-114;-116,-115;-117,-115;-118,-115;-119,-115;-120,-115;-121,-115;-122,-115;-123,-115;-116,-116;-117,-116;-118,-116;-119,-116;-120,-116;-121,-116;-122,-116;-123,-116;-116,-117;-117,-117;-118,-117;-119,-117;-120,-117;-121,-117;-122,-117;-123,-117;-116,-118;-117,-118;-118,-118;-119,-118;-120,-118;-121,-118;-122,-118;-123,-118
-122,20;-123,20
-120,90
-121,90
-121,91;-120,91
-120,20;-119,20
-120,21
-119,21
-119,-106
-119,-105
-119,-104;-119,-103;-118,-104;-118,-103
-119,-102
-118,-106
-118,-105
-118,-102
-117,-106
-117,-105
-117,-104
-117,-103
-117,-102
-116,-106
-116,-105
-116,-104
-116,-103
-116,-102
-115,-106
-115,-105
-115,-104
-115,-103
-115,-102
-114,-106
-114,-105
-114,-104
-114,-103
-114,-102
-118,25
-118,26
-110,-60
-109,-32;-110,-32
-110,-25
-108,-95
-109,-27;-109,-26
-109,-6;-109,-5;-109,-4;-108,-6;-108,-5;-108,-4;-107,-6;-107,-5;-107,-4
-107,-94
-107,-28
-106,-82;-105,-82
-106,-61;-106,-60
-106,21
-105,-147;-105,-146;-105,-145;-105,-144;-105,-143;-104,-147;-104,-146;-104,-145;-104,-144;-104,-143;-104,-142;-103,-147;-103,-146;-103,-145;-103,-144;-103,-143;-103,-142;-102,-147;-102,-146;-102,-145;-102,-144;-102,-143
-105,-95
-104,-28;-104,-27;-105,-27;-105,-28
-104,-45
-104,-44
-104,-43
-104,138;-104,132;-104,133;-104,134;-104,135;-104,136;-104,137;-103,138;-103,132;-103,133;-103,134;-103,135;-103,136;-103,137;-102,138;-102,132;-102,133;-102,134;-102,135;-102,136;-102,137;-101,138;-101,132;-101,133;-101,134;-101,135;-101,136;-101,137;-100,138;-100,132;-100,133;-100,134;-100,135;-100,136;-100,137;-99,138;-99,132;-99,133;-99,134;-99,135;-99,136;-99,137;-98,138;-98,132;-98,133;-98,134;-98,135;-98,136;-98,137
-103,-97;-102,-97
-103,-7;-103,-6
-102,-7;-102,-6;-102,-5;-101,-7;-101,-6;-101,-5;-100,-7;-100,-6;-100,-5
-99,126;-99,127;-99,128;-99,129;-100,126;-100,127;-100,128;-100,129;-101,126;-101,127;-101,128;-101,129;-102,126;-102,127;-102,128;-102,129
-101,-97
-101,8;-101,9;-101,10;-100,8;-100,9;-100,10
-101,14;-101,15;-100,14;-100,15
-101,146
-100,-21
-99,-7;-99,-6;-99,-5;-98,-7;-98,-6;-98,-5
-96,-22;-96,-21
-90,-81
-89,-86;-89,-85;-89,-84;-88,-86;-88,-85;-88,-84;-87,-86;-87,-85;-87,-84
-86,29;-87,29
-86,-120
-81,59;-81,60;-80,59;-80,60
-77,-19
-75,-31
-74,32;-74,33;-74,34;-73,33;-73,34;-72,32;-72,33;-72,34;-71,32;-71,33;-71,34;-71,35;-70,32;-70,33;-70,34;-70,35
-73,26
-72,47
-71,-71;-71,-70;-71,-69;-71,-68;-71,-67;-71,-66;-71,-65;-71,-64;-71,-63;-71,-62;-71,-61;-71,-60;-71,-59;-71,-58;-71,-57;-71,-56;-71,-55;-71,-54;-71,-53;-71,-52;-70,-71;-70,-70;-70,-69;-70,-68;-70,-67;-70,-66;-70,-65;-70,-64;-70,-63;-70,-62;-70,-61;-70,-60;-70,-59;-70,-58;-70,-57;-70,-56;-70,-55;-70,-54;-70,-53;-70,-52;-69,-71;-69,-70;-69,-69;-69,-68;-69,-67;-69,-66;-69,-65;-69,-64;-69,-63;-69,-62;-69,-61;-69,-60;-69,-59;-69,-53;-69,-52;-68,-71;-68,-70;-68,-69;-68,-68;-68,-67;-68,-66;-68,-65;-68,-64;-68,-63;-68,-62;-68,-61;-68,-60;-68,-59;-68,-53;-68,-52;-67,-71;-67,-70;-67,-69;-67,-68;-67,-65;-67,-64;-67,-63;-67,-62;-67,-61;-67,-60;-67,-59;-67,-53;-67,-52;-66,-71;-66,-70;-66,-69;-66,-68;-66,-65;-66,-64;-66,-63;-66,-62;-66,-61;-66,-60;-66,-59;-66,-53;-66,-52;-65,-71;-65,-70;-65,-69;-65,-68;-65,-67;-65,-66;-65,-65;-65,-64;-65,-63;-65,-62;-65,-61;-65,-60;-65,-59;-65,-53;-65,-52;-64,-71;-64,-70;-64,-69;-64,-68;-64,-67;-64,-66;-64,-65;-64,-64;-64,-63;-64,-62;-64,-61;-64,-60;-64,-59;-64,-53;-64,-52;-63,-71;-63,-70;-63,-69;-63,-68;-63,-67;-63,-66;-63,-65;-63,-64;-63,-63;-63,-62;-63,-61;-63,-60;-63,-59;-63,-53;-63,-52;-62,-71;-62,-70;-62,-69;-62,-68;-62,-67;-62,-66;-62,-65;-62,-64;-62,-63;-62,-62;-62,-61;-62,-60;-62,-59;-62,-53;-62,-52;-61,-71;-61,-70;-61,-69;-61,-68;-61,-67;-61,-66;-61,-65;-61,-64;-61,-63;-61,-62;-61,-61;-61,-60;-61,-59;-61,-58;-61,-57;-61,-56;-61,-55;-61,-54;-61,-53;-61,-52;-60,-71;-60,-70;-60,-69;-60,-68;-60,-67;-60,-66;-60,-65;-60,-64;-60,-63;-60,-62;-60,-61;-60,-60;-60,-59;-60,-58;-60,-57;-60,-56;-60,-55;-60,-54;-60,-53;-60,-52;-59,-71;-59,-70;-59,-69;-59,-68;-59,-67;-59,-66;-59,-65;-59,-64;-59,-63;-59,-62;-59,-61;-59,-60;-59,-59;-59,-58;-59,-57;-59,-56;-59,-55;-59,-54;-59,-53;-59,-52;-58,-71;-58,-70;-58,-64;-58,-63;-58,-62;-58,-61;-58,-60;-58,-59;-58,-58;-58,-57;-58,-56;-58,-55;-58,-54;-58,-53;-58,-52;-57,-71;-57,-70;-57,-64;-57,-63;-57,-62;-57,-61;-57,-60;-57,-59;-57,-58;-57,-57;-57,-56;-57,-55;-57,-54;-57,-53;-57,-52;-56,-71;-56,-70;-56,-64;-56,-63;-56,-62;-56,-58;-56,-57;-56,-53;-56,-52;-55,-71;-55,-70;-55,-64;-55,-63;-55,-62;-55,-58;-55,-57;-55,-53;-55,-52;-54,-71;-54,-70;-54,-64;-54,-63;-54,-62;-54,-61;-54,-60;-54,-59;-54,-58;-54,-57;-54,-53;-54,-52;-53,-71;-53,-70;-53,-69;-53,-68;-53,-67;-53,-66;-53,-65;-53,-64;-53,-63;-53,-62;-53,-61;-53,-60;-53,-59;-53,-58;-53,-57;-53,-56;-53,-55;-53,-54;-53,-53;-53,-52;-52,-71;-52,-70;-52,-69;-52,-68;-52,-67;-52,-66;-52,-65;-52,-64;-52,-63;-52,-62;-52,-61;-52,-60;-52,-59;-52,-58;-52,-57;-52,-56;-52,-55;-52,-54;-52,-53;-52,-52
-71,77;-71,76;-70,77;-70,76;-69,77;-69,76
-70,117;-70,118
-69,-139
-69,-20
-69,28;-69,29;-69,30;-69,31;-68,28;-68,29;-68,30;-68,31;-67,28;-67,29;-67,30;-67,31;-66,28;-66,29;-66,30;-66,31;-65,28;-65,29;-65,30;-65,31;-64,28;-64,29;-64,30;-64,31;-63,28;-63,29;-63,30;-63,31;-62,28;-62,29;-62,30;-62,31;-61,28;-61,29;-61,30;-61,31
-69,35
-66,110
-65,-37
-65,125
-64,-128
-61,45;-62,45;-61,46
-62,128;-62,129;-61,128;-61,129
-59,35
-59,127;-59,128;-58,127;-58,128
-57,127;-57,128;-56,127;-56,128
-56,-105;-55,-105
-56,44
-55,-127
-55,44
-54,127;-54,128;-53,127;-53,128
-52,-107
-51,122
-51,123
-50,122
-50,123
-49,15;-48,15
-49,31
-48,33;-48,34
-47,133;-47,134;-47,135;-47,136;-47,137;-46,133;-46,134;-46,135;-46,136;-46,137;-45,133;-45,134;-45,135;-45,136;-45,137;-44,133;-44,134;-44,135;-44,136;-44,137;-43,133;-43,134;-43,135;-43,136;-43,137
-42,133;-42,134;-42,135;-42,136;-42,137;-41,133;-41,134;-41,135;-41,136;-41,137;-40,133;-40,134;-40,135;-40,136;-40,137;-39,133;-39,134;-39,135;-39,136;-39,137;-38,133;-38,134;-38,135;-38,136;-38,137
-46,-16
-46,13
-44,74
-43,-97
-43,104;-42,104;-41,104;-40,104;-39,104;-38,104;-43,103;-42,103;-41,103;-40,103;-39,103;-38,103;-43,102;-42,102;-41,102;-40,102;-39,102
-42,-108
-40,-140
-40,-59
-40,7;-40,8;-39,7;-39,8
-40,114
-39,64
-38,-36
-38,118
-37,-36
-37,77
-35,-65;-34,-65;-35,-64;-35,-63;-35,-62;-34,-64;-34,-63;-34,-62;-33,-65;-33,-64;-33,-63;-33,-62;-32,-65;-32,-64;-32,-63;-32,-62
-32,-53
-31,-27
-30,-108;-30,-107;-29,-108;-29,-107
-30,141;-29,141;-30,142;-29,142
-29,80;-29,81;-29,82;-29,83;-29,84;-28,83;-28,84;-29,85;-28,85;-27,85;-26,85;-28,80;-28,81;-28,82;-27,80;-27,81;-27,82;-27,83;-27,84;-26,80;-26,81;-26,82;-26,83;-26,84;-25,80;-25,81;-25,82;-25,83;-25,84;-24,83;-24,84;-25,85;-24,80;-24,81;-24,82;-24,85
-28,-60;-28,-59;-28,-58;-28,-57;-28,-56;-28,-55;-27,-60;-27,-59;-27,-58;-27,-57;-27,-56;-27,-55;-26,-60;-26,-59;-26,-58;-26,-57;-26,-56;-26,-55;-25,-60;-25,-59;-25,-58;-25,-57;-25,-56;-25,-55;-24,-60;-24,-59;-24,-58;-24,-57;-24,-56;-24,-55
-28,144;-27,144
-26,-125
-26,88;-26,89;-26,90;-26,91;-26,92;-25,88;-25,89;-25,90;-25,91;-25,92;-24,88;-24,89;-24,90;-24,91;-24,92;-23,88;-23,89;-23,90;-23,91;-23,92
-25,-49;-25,-48;-25,-47;-24,-49;-24,-48;-24,-47;-23,-49;-23,-48;-23,-47;-22,-49;-22,-48;-22,-47;-21,-49;-21,-48;-21,-47;-20,-49;-20,-48;-20,-47;-19,-49;-19,-48;-19,-47;-18,-49;-18,-48;-18,-47
-25,-9;-25,-8;-24,-9;-24,-8
-25,14
-24,55;-24,56;-24,57;-24,58;-24,59;-24,60
-23,-56;-23,-55;-22,-56;-22,-55
-21,-110;-21,-111;-21,-112;-21,-113;-21,-114;-21,-115;-20,-110;-20,-111;-20,-112;-20,-113;-20,-114;-20,-115;-19,-110;-19,-111;-19,-112;-19,-113;-19,-114;-19,-115;-18,-110;-18,-111;-18,-112;-18,-113;-18,-114;-18,-115;-17,-110;-17,-111;-17,-112;-17,-113;-17,-114;-17,-115
-21,68
-21,148
-20,-133
-20,-132
-20,26;-20,27;-19,26;-19,27
-18,52;-18,53;-18,54;-18,55;-18,56;-18,57;-18,58;-17,52;-17,53;-17,54;-17,55;-17,56;-17,57;-17,58;-17,59;-17,60;-17,61;-17,62;-17,63;-17,64;-17,65;-17,66;-17,67;-16,52;-16,53;-16,54;-16,55;-16,56;-16,57;-16,58;-16,59;-16,60;-16,61;-16,62;-16,63;-16,64;-16,65;-16,66;-16,67;-15,52;-15,53;-15,54;-15,55;-15,56;-15,57;-15,58;-15,59;-15,60;-15,61;-15,62;-15,63;-15,64;-15,65;-15,66;-15,67;-14,52;-14,53;-14,54;-14,55;-14,56;-14,57;-14,58;-14,59;-14,60;-14,61;-14,62;-14,63;-14,64;-14,65;-14,66;-14,67;-13,52;-13,53;-13,54;-13,55;-13,56;-13,57;-13,58;-13,59;-13,60;-13,61;-13,62;-13,63;-13,64;-13,65;-13,66;-13,67;-12,52;-12,53;-12,54;-12,55;-12,56;-12,57;-12,58;-12,59;-12,60;-12,61;-12,62;-12,63;-12,64;-12,65;-12,66;-12,67;-11,52;-11,53;-11,54;-11,55;-11,56;-11,57;-11,58;-11,59;-11,60;-11,61;-11,62;-11,63;-11,64;-11,65;-11,66;-11,67;-10,52;-10,53;-10,54;-10,55;-10,56;-10,57;-10,58;-10,59;-10,60;-10,61;-10,62;-10,63;-10,64;-10,65;-10,66;-10,67;-9,58;-9,59;-9,60;-9,61;-9,62;-9,63;-9,64;-9,65;-9,66;-9,67;-8,58;-8,59;-8,60;-8,61;-8,62;-8,63;-8,64;-8,65;-8,66;-8,67;-7,58;-7,59;-7,60;-7,61;-7,62;-7,63;-7,64;-7,65;-7,66;-7,67;-6,58;-6,59;-6,60;-6,61;-6,62;-6,63;-6,64;-6,65;-6,66;-6,67;-5,58;-5,59;-5,60;-5,61;-5,62;-5,63;-5,64;-5,65;-5,66;-5,67;-4,58;-4,59;-4,60;-4,61;-4,62;-4,63;-4,64;-4,65;-4,66;-4,67;-3,58;-3,59;-3,60;-3,61;-3,62;-3,63;-3,64;-3,65;-3,66;-3,67;-2,58;-2,59;-2,60;-2,61;-2,62;-2,63;-2,64;-2,65;-2,66;-2,67;-1,58;-1,59;-1,60;-1,61;-1,62;-1,63;-1,64;-1,65;-1,66;-1,67;-9,52;-9,53;-9,54;-9,55;-9,56;-9,57;-8,52;-8,53;-8,54;-8,55;-8,56;-8,57;-7,52;-7,53;-7,54;-7,55;-7,56;-7,57;-6,52;-6,53;-6,54;-6,55;-6,56;-6,57;-5,52;-5,53;-5,54;-5,55;-5,56;-5,57;-1,56;-1,55;-1,54;-1,53;-1,52;-2,56;-2,55;-2,54;-2,53;-2,52;-3,56;-3,55;-3,54;-3,53;-3,52;-4,56;-4,55;-4,54;-4,53;-4,52;-4,57;-3,57;-2,57;-1,57
-15,-115
-14,1
-11,-142
-11,-123
-8,-69
-8,-68
-7,-69
-7,-68
-6,-69;-6,-68;-5,-69;-5,-68;-4,-69;-4,-68
-7,-110
-4,-61
-4,-34;-3,-34;-4,-35;-3,-35;-2,-34;-2,-35;-1,-35;-1,-34
-2,-122
2,-54;3,-54
5,18;5,17;5,16;4,18;4,17;4,16;3,18;3,17;3,16;2,18;2,17;2,16
2,46
3,65;2,65
4,-110;4,-111
5,-148
5,-46
5,19
5,100;5,101;5,102;5,103;5,104;6,100;6,101;6,102;6,103;6,104;7,100;7,101;7,102;7,103;7,104;8,100;8,101;8,102;8,103;8,104;9,100;9,101;9,102;9,103;9,104;10,100;10,101;10,102;10,103;10,104;11,100;11,101;11,102;11,103;11,104
6,99
7,-36;7,-35;7,-34;7,-33;8,-36;8,-35;8,-34;8,-33;9,-36;9,-35;9,-34;9,-33;10,-36;10,-35;10,-34;10,-33
7,97;7,98;7,99;8,97;8,98;8,99;9,97;9,98;9,99;10,97;10,98;10,99;11,97;11,98;11,99
8,18
10,-48
11,-43
11,145;11,146;11,147;11,148;11,149;12,145;12,146;12,147;12,148;12,149;13,145;13,146;13,147;13,148;13,149;14,145;14,146;14,147;14,148;14,149;15,145;15,146;15,147;15,148;15,149
14,-130;13,-130
13,10
13,85;13,84;13,83;13,82;13,81;13,80;13,79;13,78;13,77;13,76;13,75;14,85;14,84;14,83;14,82;14,81;14,80;14,79;14,78;14,77;14,76;14,75;15,85;15,84;15,83;15,82;15,81;15,80;15,79;15,78;15,77;15,76;15,75;16,85;16,84;16,83;16,82;16,81;16,80;16,79;16,78;16,77;16,76;16,75;17,85;17,84;17,83;17,82;17,81;17,80;17,79;17,78;17,77;17,76;17,75;18,85;18,84;18,83;18,82;18,81;18,80;18,79;18,78;18,77;18,76;18,75;19,85;19,84;19,83;19,82;19,81;19,80;19,79;19,78;19,77;19,76;19,75;20,85;20,84;20,83;20,82;20,81;20,80;20,79;20,78;20,77;20,76;20,75;21,85;21,84;21,83;21,82;21,81;21,80;21,79;21,78;21,77;21,76;21,75;22,85;22,84;22,83;22,82;22,81;22,80;22,79;22,78;22,77;22,76;22,75
14,100;14,101;14,102;14,103;14,104;15,100;15,101;15,102;15,103;15,104;16,100;16,101;16,102;16,103;16,104;17,100;17,101;17,102;17,103;17,104;18,101;18,102;18,103;18,104
15,-143
15,-117;16,-117;17,-117
16,65
18,143;19,143
19,105;19,106;19,107;19,108;19,109;19,110;20,105;20,106;20,107;20,108;20,109;20,110;21,105;21,106;21,107;21,108;21,109;21,110;22,105;22,106;22,107;22,108;22,109;22,110;23,105;23,106;23,107;23,108;23,109;23,110;24,105;24,106;24,107;24,108;24,109;24,110;25,105;25,106;25,107;25,108;25,109;25,110
20,-123;20,-122;21,-123;21,-122
21,-125
21,15
21,129
22,69;22,70;22,71;23,69;23,70;23,71;24,69;24,70;24,71
23,-143;23,-142;24,-143;24,-142
23,-140
23,-139
24,-140
24,-139
23,-123;24,-123
23,-104
24,-54
24,-32
24,-28
25,111;25,112
26,8;26,9;27,8;27,9
27,86
28,9
28,11;28,12;29,11;29,12
29,-56;29,-55;30,-56;30,-55
31,-116
31,-111
31,-4
34,92
35,90
36,-32;36,-31
38,97
37,-115
37,-114
37,-31
38,85
38,103
39,-62
40,-55;41,-55;40,-56;41,-56
40,-49;40,-48;40,-47;41,-49;41,-48;41,-47;42,-49;42,-48;42,-47
40,36;40,37;40,38;40,39;40,40;40,41;40,42;40,43;40,44;41,36;41,37;41,38;41,39;41,40;41,41;41,42;41,43;41,44;42,36;42,37;42,38;42,39;42,40;42,41;42,42;42,43;43,36;43,37;43,38;43,39;43,40;43,41;43,42;43,43
41,81
43,-2;44,-2;43,-3;44,-3
44,140;44,141;45,140;45,141
45,146
45,147
46,146
46,147
47,146
47,147
48,146
48,147
46,-6;46,-5;47,-6;47,-5;46,-4;47,-4;48,-6;48,-5;48,-4
46,58
47,-46;47,-45;48,-45;49,-45;47,-44;48,-44;49,-44;47,-43;48,-43;49,-43;48,-46;49,-46
47,-12;48,-12;49,-12
47,-3
48,-3
49,-4
49,-3
49,-5
50,74
55,27;55,26;54,27;54,26;53,27;53,26;52,27;52,26
54,-20
56,-25
57,136;57,137;58,136;58,137;59,136;59,137
60,-111
60,35
62,-29
63,-116
64,-127;64,-126;65,-127;65,-126
66,-1;66,-2;67,-1;67,-2
69,-4
69,31
74,-137;75,-137;76,-137;77,-137;74,-138;75,-138;76,-138;77,-138
79,-137
76,-105;76,-106
78,-105
74,48;75,48;76,50;74,50;75,50;74,49;75,49;76,49;76,48;77,48;77,49;77,50;78,50;78,49;78,48;74,46;74,47;75,46;75,47;76,47;77,47;78,47;78,46;78,45;79,46;79,45;80,46;80,45
74,51;75,56;75,55;75,54;75,53;75,52;75,51;74,56;74,55;74,54;74,53;74,52;76,56;76,55;76,54;76,53;76,52;76,51;77,56;77,55;77,54;77,53;77,52;77,51;78,56;78,55;78,54;78,53;78,52;78,51;79,56;79,55;79,54;79,53;79,52;79,51
75,-25
75,60;75,61;75,62;75,63;75,64;75,65;76,60;76,61;76,62;76,63;76,64;76,65;77,60;77,61;77,62;77,63;77,64;77,65;78,60;78,61;78,62;78,63;78,64;78,65;79,60;79,61;79,62;79,63;79,64;79,65
83,46;84,47;84,46;83,47;82,47;81,47;80,47;79,47;81,51;82,51;79,50;79,49;79,48;80,51;81,50;81,49;81,48;82,50;82,49;82,48;80,50;80,49;80,48
80,54;81,56;82,56;80,55;81,55;82,55;80,56;81,54;82,54;80,52;82,53;80,53;81,53;81,52;82,52;83,48;84,56;83,56;84,55;83,55;84,54;83,54;84,53;83,53;84,52;83,52;84,51;83,51;84,50;83,50;84,49;83,49;84,48
83,34;84,34
85,48;85,54;86,54;85,53;86,53;85,52;86,52;85,51;86,51;85,50;86,50;85,49;86,49;86,48;87,51;87,52;88,51;88,52;89,51;89,52;90,51;90,52;87,48;87,49;87,50;88,48;88,49;88,50;89,48;89,49;89,50;90,48;90,49;90,50;85,46;85,47;86,47;86,46
85,55;86,56;87,56;88,56;89,56;90,56;91,56;92,56;93,56;94,56;85,56;86,55;87,55;88,55;89,55;90,55;91,55;92,55;93,55;94,55;87,53;88,54;89,54;90,54;91,54;92,54;93,54;94,54;87,54;88,53;89,53;90,53;91,53;92,53;93,53;94,53
91,48;91,52;91,51;91,50;91,49;92,52;92,51;92,50;92,49;92,48;93,52;93,51;93,50;93,49;93,48;94,52;94,51;94,50;94,49;94,48;87,46;87,47;88,46;88,47;89,46;89,47;90,46;90,47;91,46;91,47;92,46;92,47;93,46;93,47;94,46;94,47
92,-129
103,-136;103,-137
103,-138
96,-106;97,-106;98,-106;99,-106;100,-106;96,-107;97,-107;98,-107;99,-107;100,-107;96,-108;97,-108;98,-108;99,-108;100,-108;96,-109;97,-109;98,-109;99,-109;100,-109;96,-110;97,-110;98,-110;99,-110;100,-110;96,-111;97,-111;98,-111;99,-111;100,-111
102,-106;103,-106;102,-107;103,-107;102,-108;103,-108;102,-109;103,-109;102,-110;103,-110
101,-108;101,-109;101,-110
94,-33;95,-33
94,-32;94,-31;94,-30;94,-29;94,-28;95,-32;95,-31;95,-30;95,-29;95,-28;96,-32;96,-31;96,-30;96,-29;96,-28;97,-32;97,-31;97,-30;97,-29;97,-28;98,-32;98,-31;98,-30;98,-29;98,-28;99,-32;99,-31;99,-30;99,-29;99,-28
94,22;95,22;96,22;94,23;95,23;96,23;97,22;97,23;98,22;98,23;99,22;99,23
100,83;100,84;101,84;102,84;100,85;101,85;102,85;103,85;100,86;101,86;102,86;103,86;101,83;102,83;103,83;103,84
95,98;95,99;95,100;95,101;96,98;96,99;96,100;96,101;97,98;97,99;97,100;97,101;98,100;98,101;98,98;98,99
98,-139;99,-139
99,82
100,-149
100,77;100,78;100,79;100,80;100,81;101,77;101,78;101,79;101,80;101,81;102,77;102,78;102,79;102,80;102,81;103,77;103,78;103,79;103,80;103,81;104,77;104,78;104,79;104,80;104,81;105,77;105,78;105,79;105,80;105,81;106,77;106,78;106,79;106,80;106,81;107,79;107,78;107,77;101,76;102,76;103,76;104,76;105,76;106,76;103,75;104,75;100,82;101,82;102,82;103,82;104,82
103,-31
123,-122;124,-122
118,-125
107,-100
111,-142
116,-16
119,-12;119,-11;120,-12;120,-11
122,-34;123,-34
122,-10
127,-119
125,-122
126,-122
131,-126
124,-35;125,-35
125,-11;125,-10;126,-11;126,-10
126,-9
126,44;126,45;126,46;126,47;126,48;126,49;126,50;127,44;127,45;127,46;127,47;127,48;127,49;127,50;128,44;128,45;128,46;128,47;128,48;128,49;128,50;129,44;129,45;129,46;129,47;129,48;129,49;129,50;130,44;130,45;130,46;130,47;130,48;130,49;130,50;131,44;131,45;131,46;131,47;131,48;131,49;131,50;132,44;132,45;132,46;132,47;132,48;132,49;132,50
127,-14
127,-11
127,-10
127,-9
128,-11;128,-10;129,-11;129,-10
128,32;128,33
129,-9
133,-5
135,-149
135,-12
137,-2;137,-3;138,-2;138,-3
139,-143
138,-143
139,-112;139,-111;140,-112;140,-111;141,-112;141,-111;142,-112;142,-111;143,-112;143,-111;144,-112;144,-111;145,-112;145,-111;146,-112;146,-111;147,-112;147,-111;148,-112;148,-111;149,-112;149,-111
139,-74;139,-73;140,-74;140,-73
140,-37;140,-36;140,-35;141,-37;141,-36;141,-35;142,-37;142,-36;142,-35
140,-2;140,-3;140,-4;140,-5;140,-6;140,-7;140,-8;140,-9;140,-10;140,-11;141,-2;141,-3;141,-4;141,-5;141,-6;141,-7;141,-8;141,-9;141,-10;141,-11;142,-2;142,-3;142,-4;142,-5;142,-6;142,-7;142,-8;142,-9;142,-10;142,-11;143,-2;143,-3;143,-4;143,-5;143,-6;143,-7;143,-8;143,-9;143,-10;143,-11;144,-2;144,-3;144,-4;144,-5;144,-6;144,-7;144,-8;144,-9;144,-10;144,-11;145,-2;145,-3;145,-4;145,-5;145,-6;145,-7;145,-8;145,-9;145,-10;145,-11;146,-2;146,-3;146,-4;146,-5;146,-6;146,-7;146,-8;146,-9;146,-10;146,-11;147,-2;147,-3;147,-4;147,-5;147,-6;147,-7;147,-8;147,-9;147,-10;147,-11;148,-2;148,-3;148,-4;148,-5;148,-6;148,-7;148,-8;148,-9;148,-10;148,-11;149,-2;149,-3;149,-4;149,-5;149,-6;149,-7;149,-8;149,-9;149,-10;149,-11
140,30
142,-146;142,-145;142,-144;143,-146;143,-145;143,-144
143,-14
145,-148;144,-148
144,44
145,-51;145,-50;145,-49;145,-48;146,-51;146,-50;146,-49;146,-48
147,-49
148,-51
145,60;145,61;145,62;145,63;145,64;145,65;146,60;146,61;146,62;146,63;146,64;146,65;147,60;147,61;147,62;147,63;147,64;147,65;148,60;148,61;148,62;148,63;148,64;148,65;149,60;149,61;149,62;149,63;149,64;149,65
147,71;146,71
149,-92