-150,150
-149,122
-149,12;-148,12
-126,-77
-123,26;-122,26
-119,-43;-120,-43
-115,-101
-116,136
-113,-38;-113,-36;-113,-37
-112,-43
-110,20
-109,-93
-107,-94
-95,34;-96,36;-96,35;-95,35;-96,34;-95,36
-98,37;-98,34;-99,37;-97,39;-98,39;-99,38;-99,39;-99,34;-98,38;-98,35;-98,36;-99,36;-99,35;-97,38;-100,38;-100,37;-97,37;-100,39
-96,41;-97,41
-97,36;-97,35;-97,34
-96,37;-96,39;-96,38
-98,-94;-99,-94
-89,-85;-88,-86;-87,-84;-87,-86;-89,-86;-87,-85;-89,-84;-88,-84;-88,-85
-86,-36
-78,110
-78,108
-75,-150;-75,-149;-74,-149;-74,-150
-73,-150;-73,-149;-72,-150;-72,-149
-64,-69;-63,-71;-59,-68;-62,-68;-61,-70;-59,-70;-64,-70;-62,-69;-62,-71;-61,-71;-64,-68;-63,-70;-60,-71;-60,-70;-61,-68;-59,-69;-59,-71;-61,-69;-64,-71;-63,-69;-60,-68;-60,-69;-63,-68;-62,-70
-71,53;-70,56;-68,57;-70,53;-66,57;-69,57;-71,55;-71,52;-71,56;-66,53;-66,56;-71,57;-66,55;-69,52;-67,57;-68,53;-68,54;-67,54;-70,54;-68,55;-67,53;-66,52;-69,53;-68,52;-67,55;-66,54;-71,54;-70,55;-69,55;-68,56;-69,54;-70,52;-67,56;-69,56;-67,52;-70,57
-52,60;-52,58;-53,59;-54,59;-53,60;-53,58;-52,59;-54,60;-54,58
-69,-149;-69,-150;-68,-149;-68,-150
-62,125;-62,126
-55,-132
-39,106;-40,107;-40,106;-39,107
-28,57;-26,58;-25,57;-27,56;-25,60;-29,60;-28,61;-28,62;-26,62;-25,62;-29,61;-28,58;-28,59;-28,60;-27,57;-29,57;-26,56;-29,55;-29,56;-26,59;-28,55;-27,58;-27,59;-27,61;-27,62;-26,57;-29,58;-29,62;-27,60;-26,55;-25,59;-28,56;-26,60;-25,58;-26,61;-25,55;-25,61;-29,59;-27,55;-25,56
-26,146
-20,84;-14,90;-12,84;-19,84;-18,84;-18,85;-17,91;-15,85;-15,86;-15,88;-13,89;-12,87;-20,88;-18,92;-17,85;-17,86;-16,84;-16,91;-13,84;-12,90;-21,83;-19,85;-18,86;-16,85;-16,87;-15,84;-12,91;-21,91;-21,92;-19,90;-18,83;-18,89;-12,86;-12,89;-21,85;-20,85;-20,87;-20,89;-20,92;-19,83;-18,91;-16,86;-15,90;-14,91;-21,86;-20,83;-20,86;-20,91;-15,87;-18,88;-17,88;-15,83;-14,84;-14,92;-15,91;-15,89;-13,83;-12,85;-12,88;-20,90;-17,87;-16,88;-14,83;-14,87;-14,86;-13,85;-17,83;-16,90;-13,90;-19,91;-17,89;-16,83;-13,86;-13,92;-21,88;-21,90;-19,87;-19,92;-17,84;-17,90;-17,92;-16,92;-15,92;-14,85;-13,87;-13,91;-12,92;-21,84;-21,87;-21,89;-19,86;-19,88;-19,89;-18,87;-18,90;-16,89;-14,88;-14,89;-13,88;-12,83
-21,-53
-9,-85;-9,-81;-9,-77;-7,-91;-7,-90;-7,-85;-9,-89;-9,-80;-9,-76;-8,-89;-8,-75;-9,-91;-9,-90;-9,-84;-8,-73;-7,-82;-6,-87;-9,-74;-8,-91;-8,-88;-7,-78;-7,-77;-6,-86;-8,-90;-8,-72;-7,-73;-9,-75;-7,-87;-9,-73;-7,-84;-7,-83;-7,-76;-6,-81;-8,-86;-8,-85;-8,-80;-6,-88;-6,-83;-6,-79;-9,-86;-9,-78;-8,-82;-8,-77;-7,-88;-7,-74;-7,-86;-7,-79;-7,-75;-9,-82;-9,-79;-7,-72;-9,-88;-9,-83;-8,-81;-8,-78;-6,-91;-6,-82;-8,-84;-8,-79;-8,-74;-7,-89;-7,-81;-7,-80;-9,-72;-6,-90;-6,-89;-6,-85;-9,-87;-8,-83;-8,-76;-6,-84;-6,-80;-6,-78;-6,-77;-6,-75;-5,-87;-6,-74;-5,-82;-4,-82;-4,-81;-4,-78;-3,-85;-2,-77;-1,-79;0,-86;1,-91;2,-72;3,-80;5,-73;6,-82;6,-73;7,-76;8,-89;9,-86;9,-82;10,-72;-6,-76;-5,-84;-5,-79;-5,-76;-4,-84;-3,-74;-2,-91;-2,-87;-2,-86;-1,-90;-1,-86;-1,-77;-1,-73;0,-85;1,-80;1,-76;2,-91;3,-79;3,-76;3,-72;4,-90;4,-78;4,-77;4,-75;5,-89;5,-84;7,-75;7,-73;8,-73;9,-91;10,-80;-5,-88;-3,-84;0,-81;0,-80;0,-74;1,-89;1,-73;2,-83;3,-86;3,-82;4,-88;7,-81;8,-85;9,-79;-5,-86;-4,-89;-4,-80;0,-87;1,-87;5,-91;5,-87;5,-86;5,-74;6,-89;6,-86;6,-84;6,-75;7,-86;7,-79;8,-75;10,-85;10,-74;-6,-73;-5,-91;-5,-72;-4,-76;-2,-82;-1,-87;-1,-80;0,-90;0,-79;0,-77;1,-88;1,-77;2,-87;2,-74;4,-89;5,-82;6,-87;6,-80;6,-77;7,-89;7,-83;8,-83;9,-73;10,-90;-5,-90;-5,-81;-3,-78;0,-73;1,-86;1,-83;3,-77;4,-74;4,-72;6,-74;7,-84;8,-91;8,-78;10,-79;10,-77;-3,-90;-2,-83;-2,-81;-1,-83;3,-84;5,-85;5,-80;5,-79;5,-78;6,-72;8,-77;9,-83;9,-78;-4,-86;-6,-72;-4,-77;-4,-73;-4,-72;-3,-80;-2,-85;-2,-79;-2,-76;-2,-75;-2,-73;-1,-89;0,-89;2,-88;2,-84;2,-77;2,-76;3,-75;4,-86;4,-84;4,-76;6,-76;7,-87;8,-80;8,-79;8,-76;9,-84;9,-75;10,-89;-5,-89;-5,-75;-5,-77;-5,-85;-5,-83;-4,-83;-4,-79;-3,-82;-3,-75;-2,-78;-1,-91;2,-89;2,-78;3,-85;3,-78;4,-82;4,-81;6,-79;7,-90;7,-80;8,-72;10,-84;10,-82;-3,-91;-4,-88;-4,-87;-4,-74;-3,-83;-3,-79;-3,-77;-2,-90;-1,-75;0,-75;0,-72;1,-82;1,-74;3,-90;3,-88;3,-74;4,-87;4,-80;5,-90;5,-81;5,-75;5,-72;6,-91;8,-81;9,-85;-1,-88;-1,-85;-1,-74;0,-82;1,-84;4,-83;6,-88;8,-87;10,-75;10,-73;-4,-85;-3,-88;-3,-87;-3,-81;-3,-72;-1,-84;-1,-82;-1,-72;1,-81;1,-75;2,-86;2,-73;3,-89;6,-90;6,-81;7,-88;7,-72;-5,-78;-3,-73;-2,-72;-1,-81;-1,-78;0,-83;0,-76;1,-79;2,-79;3,-83;3,-73;5,-76;6,-85;7,-91;7,-78;8,-74;9,-87;9,-80;10,-87;-4,-90;-2,-88;0,-84;0,-78;1,-85;5,-88;6,-78;7,-82;7,-77;7,-74;8,-88;8,-84;10,-78;-5,-80;-5,-73;-5,-74;-4,-75;-3,-89;-3,-86;-2,-89;1,-90;1,-72;2,-82;2,-80;2,-75;3,-87;4,-85;4,-79;4,-73;5,-83;5,-77;7,-85;8,-86;8,-82;9,-90;9,-89;9,-88;9,-81;10,-88;10,-86;10,-76;-4,-91;-3,-76;-2,-84;-2,-80;-2,-74;-1,-76;0,-91;0,-88;1,-78;2,-90;2,-85;2,-81;3,-91;3,-81;4,-91;6,-83;8,-90;9,-77;9,-76;9,-74;9,-72;10,-91;10,-83;10,-81
-9,-128
-8,-87
-8,0;-6,-9;-6,-8;-6,-2;-6,2;-5,7;-4,2;-4,7;-3,2;-3,3;-3,8;-3,9;-2,-7;-2,-2;-9,-9;-9,8;-7,-3;-6,1;-6,5;-6,6;-5,-9;-5,-5;-5,-4;-4,-8;-4,-2;-4,5;-9,-7;-8,2;-8,4;-7,-9;-6,-5;-6,0;-5,-7;-5,5;-5,9;-4,-1;-3,-6;-2,-1;-9,-6;-9,9;-8,9;-5,6;-9,4;-7,8;-5,2;-4,-5;-3,-5;-3,4;-2,-9;-8,-7;-7,6;-6,-4;-4,-3;-4,0;-3,-9;-9,1;-8,-2;-8,5;-8,8;-7,4;-6,-1;-3,0;-3,7;-9,-2;-9,-1;-9,5;-8,-1;-8,3;-8,6;-8,7;-5,-3;-2,-6;-9,-8;-7,-6;-6,-6;-5,4;-3,-7;-3,-1;-3,1;-9,-5;-6,8;-5,-1;-4,-7;-3,5;-9,-3;-8,-6;-8,-3;-7,-7;-7,1;-6,-3;-6,3;-5,-2;-5,1;-4,-6;-4,1;-3,-3;-3,6;-2,-4;-9,-4;-9,7;-8,1;-7,5;-6,4;-5,-8;-4,-9;-4,6;-4,8;-3,-8;-3,-4;-2,0;-9,3;-8,-5;-7,-8;-7,-5;-7,-1;-7,3;-7,7;-5,-6;-5,8;-3,-2;-8,-4;-7,-2;-7,2;-7,9;-6,9;-5,0;-4,-4;-4,9;-2,-5;-9,0;-9,2;-8,-9;-5,3;-2,-3;-9,6;-8,-8;-7,-4;-7,0;-6,-7;-6,7;-4,3;-4,4;-2,-8;-2,5;-1,-2;-1,1;-2,4;-2,3;0,2;1,8;2,-6;3,0;3,9;4,-1;7,2;8,8;9,7;10,-2;1,-7;1,5;2,-4;2,-1;3,-6;3,7;3,8;4,-8;4,0;6,-9;6,-5;6,-2;7,0;8,-9;10,-5;-1,-8;2,-3;2,2;3,-8;3,1;4,-2;4,7;5,-6;5,2;5,3;6,-7;6,0;6,4;6,9;7,-9;7,-2;8,4;9,-6;10,-1;10,5;-1,9;0,-4;2,-2;2,1;2,4;4,-7;5,-2;6,2;6,8;7,-1;8,0;9,-5;10,3;0,-7;1,-6;1,-4;5,0;9,2;10,4;-1,6;0,9;-1,-9;-1,7;0,8;2,3;3,-3;4,4;4,6;6,7;7,-6;7,-5;8,-8;8,7;9,-7;9,-3;10,-3;10,6;-1,-6;1,-8;1,-5;5,-7;5,-1;6,-4;6,-3;8,5;9,-1;9,9;10,-8;10,0;10,1;-1,-7;-1,4;0,-5;0,-3;1,9;2,0;4,-4;5,8;7,1;7,5;7,9;8,-2;8,6;9,-9;10,-9;10,-4;10,7;-1,3;0,4;0,5;1,1;2,-9;2,5;3,6;4,1;4,5;5,-3;5,5;6,-1;7,-7;7,8;8,-3;8,-1;9,-2;-1,0;-2,7;-1,2;0,-2;3,-4;3,-2;3,2;3,4;4,-3;5,-5;7,-3;9,3;10,9;-2,9;0,-8;1,2;2,-8;5,-9;5,7;7,3;7,6;-1,8;0,6;1,-1;1,0;2,-7;2,9;3,-9;4,-9;5,6;6,-6;6,5;6,6;7,-8;7,-4;7,7;8,-5;8,-4;8,3;9,0;9,4;10,8;-2,6;-1,-5;1,-3;1,4;2,6;4,-5;4,8;4,9;5,-4;5,9;6,3;7,4;8,-7;8,-6;10,2;-2,2;0,-9;0,-6;0,-1;0,3;1,-9;1,-2;1,3;1,7;2,7;2,8;3,-7;3,-1;4,-6;5,1;5,4;-2,1;-1,-3;-1,-1;-1,5;0,0;0,7;1,6;2,-5;3,-5;3,3;3,5;5,-8;6,1;8,1;9,5;9,8;10,-6;-2,8;-1,-4;0,1;4,2;4,3;6,-8;8,2;8,9;9,-8;9,-4;9,1;9,6;10,-7
-8,-119
-7,-120
-8,-120
-7,-119
4,117;3,118;4,118;3,117
8,118
8,117
5,117;6,117;6,118;5,118
7,118
7,117
7,-47;6,-47
12,-112;12,-111;13,-112;13,-111
14,-135;15,-135
17,-145
20,-122;21,-122;21,-123;20,-123
30,-123;29,-122;27,-121;28,-121;28,-123;30,-121;29,-121;30,-122;29,-123;27,-123;27,-122;28,-122
31,10
35,-86
36,81;36,80;35,81;35,80
35,10;36,10
36,-77;36,-76;35,-79;35,-76;35,-78;36,-79;35,-77;36,-78;37,-76;37,-78;37,-77;37,-79
37,-115;37,-114
43,-109;43,-110;45,-110;44,-109;44,-110;45,-109;46,-110;46,-109
49,-41;47,-40;48,-41;48,-40;47,-41;49,-40
48,-46;47,-45;48,-44;49,-45;48,-43;47,-44;47,-43;49,-46;48,-45;49,-44;49,-43
60,-127
61,-126;61,-124;61,-125
63,29;63,30;63,28
65,-126;64,-127;65,-127;64,-126
67,-2;67,-1
74,9;75,-3;75,7;77,-2;78,3;79,-7;79,6;80,-2;81,8;82,8;82,10;85,0;87,-6;88,5;89,-4;90,3;91,-9;91,-8;91,-5;74,5;75,-2;75,9;76,-5;76,0;76,4;77,9;78,-2;78,7;80,-6;80,-1;83,-9;83,6;84,-5;84,-2;85,-7;85,9;90,-9;72,-1;72,4;72,8;73,-9;73,-6;73,-5;74,0;77,-6;77,8;79,0;79,5;80,-5;80,-4;81,1;81,5;81,7;82,1;82,6;82,7;85,-6;85,10;87,-9;88,-8;88,-5;88,6;90,-2;91,-6;72,-7;74,-3;75,-1;76,-8;77,4;78,4;78,6;78,10;81,-2;82,-8;82,-7;82,-4;82,9;83,-1;84,-9;84,0;84,5;86,8;87,-7;88,-9;88,-7;89,-9;89,-3;89,1;90,0;72,-6;72,-5;73,2;74,2;74,4;75,-8;75,2;77,6;79,-5;80,5;80,8;81,-5;81,0;82,-6;82,-5;83,-5;83,2;83,8;83,10;84,9;86,-1;86,9;87,-2;89,8;72,-2;72,3;73,1;73,10;74,-9;74,3;74,6;75,1;78,-7;78,-4;79,-9;79,-8;79,-2;80,1;81,-9;81,4;82,-3;83,4;85,-4;85,2;85,4;86,-7;86,-3;86,-2;89,-8;89,-5;89,-1;90,-8;90,-6;90,2;72,0;73,-8;73,0;74,-7;74,-6;74,8;77,-9;79,2;79,4;79,10;80,-9;80,4;80,6;81,-3;82,0;83,-3;83,1;83,5;83,7;84,-6;84,-4;84,4;84,6;84,8;85,-3;85,6;86,6;87,10;88,0;89,3;89,5;89,7;90,-7;91,-7;91,0;72,7;73,4;75,5;75,6;76,-2;76,1;77,-3;78,-5;78,5;79,-3;79,9;81,10;83,-2;87,-5;90,4;90,8;90,10;72,1;72,6;72,9;73,6;75,-6;76,9;76,10;77,-8;78,9;79,-1;80,-7;80,2;80,9;81,-4;81,2;81,6;83,-8;83,-6;84,2;84,7;85,5;86,-5;86,3;87,2;88,-2;88,4;89,4;89,6;90,9;73,9;74,1;74,7;91,2;75,3;75,10;76,-3;76,7;77,-5;78,-9;78,-6;79,-4;80,0;81,-1;82,-9;83,0;84,-1;85,8;86,-6;87,-8;87,3;87,4;87,5;88,10;89,-6;90,1;90,5;91,1;72,5;72,10;73,-7;73,-3;74,-2;75,-9;76,-9;76,3;77,-4;78,-3;80,-3;80,10;82,5;85,1;86,1;86,2;86,5;87,-1;88,-6;88,2;89,9;72,-9;72,-8;72,2;73,-4;73,7;74,-1;74,10;75,0;76,-6;76,-4;76,-1;77,7;77,10;78,1;80,-8;80,3;81,3;81,9;84,-7;85,-1;86,-9;86,-8;86,0;87,7;88,-4;88,7;89,-2;89,2;91,-4;91,-3;91,-2;72,-4;72,-3;73,8;74,-4;75,-7;75,-4;75,4;77,0;77,2;77,3;78,2;79,1;79,7;80,7;81,-6;82,3;83,3;84,-3;85,-5;85,7;86,-4;86,10;87,0;87,6;88,1;88,3;88,8;89,-7;90,6;90,7;73,-1;73,5;75,8;76,5;76,6;76,8;77,5;78,0;78,8;79,-6;79,3;82,2;83,-7;85,-9;86,7;87,9;89,0;89,10;90,-5;91,-1;74,-8;75,-5;76,2;77,-7;78,-8;82,-2;82,-1;83,9;84,10;85,-8;85,3;86,4;87,-3;87,1;88,-1;90,-4;90,-3;90,-1;73,-2;73,3;74,-5;76,-7;77,-1;77,1;78,-1;79,8;81,-8;81,-7;82,4;83,-4;84,-8;84,1;84,3;85,-2;87,-4;87,8;88,-3;88,9;91,7;91,3;91,8;91,10;91,4;91,5;91,6;91,9
77,-101;77,-102
79,-137
78,-105
105,77;106,78;106,77;107,79;107,78;105,79;107,77;105,78;106,79
105,80;105,81;106,81;106,80
104,75;103,75
105,76;106,76
100,-138;100,-137;100,-136;102,-138;101,-137;102,-136;102,-137;101,-136;101,-138;103,-137;103,-138;103,-136
116,-26;118,-25;118,-26;121,-26;120,-25;120,-27;117,-26;117,-27;119,-27;120,-26;117,-25;119,-25;121,-27;119,-26;118,-27;121,-25
120,-9
126,-5
128,-116;127,-116;129,-116
129,132;130,131;132,131;129,133;132,133;129,130;129,131;130,130;130,133;132,130;131,133;132,132;130,132;131,130;131,131;131,132
137,130;136,130;138,130
142,-3;146,-7;149,-7;141,-10;144,-2;145,-5;146,-5;148,-10;142,-8;142,-10;146,-10;149,-9;149,-11;140,-3;140,-6;141,-11;144,-11;146,-3;147,-2;148,-9;140,-8;141,-5;141,-9;143,-4;143,-9;144,-5;144,-6;148,-2;140,-10;141,-6;143,-10;145,-7;147,-5;147,-9;149,-4;149,-10;140,-2;141,-8;142,-9;143,-6;147,-3;149,-3;149,-8;140,-7;144,-7;146,-6;147,-6;141,-2;143,-7;140,-4;141,-7;144,-3;145,-4;147,-11;148,-4;149,-6;145,-9;145,-10;146,-9;148,-11;149,-2;142,-7;143,-8;145,-8;146,-8;140,-5;140,-9;141,-4;142,-4;143,-5;144,-4;144,-8;145,-3;145,-6;146,-4;146,-11;147,-10;148,-6;143,-2;145,-11;148,-7;142,-5;142,-11;143,-3;143,-11;144,-10;146,-2;147,-4;147,-7;148,-3;140,-11;142,-6;145,-2;147,-8;148,-8;141,-3;142,-2;144,-9;148,-5;149,-5
147,61;147,62;147,63;148,60;149,65;145,65;146,61;145,64;148,61;149,63;145,62;147,60;145,60;146,65;149,64;147,65;149,61;148,63;149,60;146,60;147,64;145,63;145,61;146,62;148,62;148,64;146,64;148,65;149,62;146,63
149,-59;149,-60