-150,97;-150,100;-150,95;-150,98;-150,103;-150,99;-150,104;-150,101;-150,105;-150,94;-150,96;-150,102;-149,104;-149,94;-149,105;-149,97;-149,100;-149,96;-149,98;-149,99;-149,101;-149,102;-149,103;-149,95;-148,97;-148,105;-148,104;-148,96;-148,94;-148,99;-148,102;-148,95;-148,100;-148,101;-148,98;-148,103;-146,101;-147,98;-146,103;-146,95;-146,99;-146,98;-147,103;-146,94;-146,102;-147,94;-147,95;-147,96;-146,104;-147,101;-147,104;-147,97;-147,105;-147,102;-147,100;-146,100;-146,105;-147,99;-146,96;-146,97;-145,94;-144,104;-145,99;-144,97;-145,100;-144,105;-145,97;-145,104;-145,96;-144,98;-144,103;-145,101;-145,105;-144,94;-144,102;-145,98;-145,103;-144,100;-144,95;-144,99;-145,95;-145,102;-144,96;-144,101;-142,94;-143,94;-142,96;-143,95;-143,97;-142,104;-142,102;-142,103;-143,102;-143,100;-143,105;-143,96;-142,97;-143,104;-143,99;-143,101;-142,99;-142,100;-143,103;-142,95;-142,101;-143,98;-142,98;-142,105;-141,97;-141,100;-140,95;-141,103;-141,104;-141,105;-139,95;-141,101;-141,102;-140,96;-141,98;-141,99;-138,95;-139,94;-139,100;-141,95;-140,94;-138,94;-141,94;-141,96;-138,100;-140,103;-140,97;-140,102;-140,99;-140,104;-139,104;-139,97;-140,105;-139,105;-140,98;-139,99;-138,99;-139,103;-138,98;-139,98;-139,101;-139,102;-140,100;-140,101;-138,97;-139,96;-138,105;-138,104;-138,101;-138,103;-138,96;-138,102
-145,45
-145,43
-145,48
-145,44
-145,47
-145,46
-141,44
-144,48
-144,45
-144,44
-143,46
-143,47
-142,45
-142,46
-143,44
-142,44
-141,45
-144,46
-143,45
-142,47
-144,43
-141,47
-144,47
-141,46
-142,43
-141,48
-142,48
-143,48
-143,43
-143,89
-140,43
-140,44
-140,48
-140,45
-140,46
-140,47
-141,43
-139,-89
-120,-69
-121,-69
-122,-69
-109,-32
-107,-94
-104,-95
-98,37;-98,34;-99,37;-101,40;-101,38;-97,39;-98,39;-99,40;-99,38;-96,37;-97,40;-99,39;-99,34;-100,40;-98,38;-98,35;-96,39;-98,36;-99,36;-99,35;-101,37;-96,40;-96,38;-97,38;-100,38;-100,37;-98,40;-101,39;-97,37;-100,39
-98,-94;-99,-94
-75,-150;-75,-149;-74,-149;-74,-150
-73,-150;-73,-149;-72,-150;-72,-149
-71,-150;-71,-149;-70,-150;-70,-149
-71,116;-71,117
-69,-149;-69,-150;-68,-149;-68,-150
-60,3;-60,7;-62,7;-60,2;-60,8;-62,2;-61,4;-61,9;-60,5;-61,1;-61,6;-62,5;-61,8;-62,4;-61,3;-62,6;-61,5;-61,7;-62,3;-60,4;-60,1;-62,9;-62,1;-61,2;-60,6;-62,8;-60,9;-58,1;-58,3;-58,2;-58,8;-57,3;-59,3;-59,7;-59,4;-59,8;-58,4;-57,2;-57,6;-59,2;-58,5;-57,8;-58,6;-58,9;-59,9;-59,5;-59,6;-57,9;-57,1;-57,4;-57,7;-58,7;-59,1;-57,5;-56,1
-59,-12;-59,-11
-57,-15
-57,-14
-39,8;-40,8;-39,7;-40,7
-31,140;-32,140
-32,68
-22,-66
-21,148
-19,-20
-15,-115
-9,-85;-9,-81;-9,-77;-7,-91;-7,-90;-7,-85;-9,-89;-9,-80;-9,-76;-8,-89;-8,-75;-9,-91;-9,-90;-9,-84;-8,-73;-7,-82;-6,-87;-9,-74;-8,-91;-8,-88;-7,-78;-7,-77;-6,-86;-8,-90;-8,-72;-7,-73;-9,-75;-7,-87;-9,-73;-7,-84;-7,-83;-7,-76;-6,-81;-8,-86;-8,-85;-8,-80;-6,-88;-6,-83;-6,-79;-9,-86;-9,-78;-8,-82;-8,-77;-7,-88;-7,-74;-7,-86;-7,-79;-7,-75;-9,-82;-9,-79;-7,-72;-9,-88;-9,-83;-8,-81;-8,-78;-6,-91;-6,-82;-8,-84;-8,-79;-8,-74;-7,-89;-7,-81;-7,-80;-9,-72;-6,-90;-6,-89;-6,-85;-9,-87;-8,-87;-8,-83;-8,-76;-6,-84;-6,-80;-6,-78;-6,-77;-6,-75;-5,-87;-6,-74;-5,-82;-4,-82;-4,-81;-4,-78;-3,-85;-2,-77;-1,-79;0,-86;1,-91;2,-72;3,-80;5,-73;6,-82;6,-73;7,-76;8,-89;9,-86;9,-82;10,-72;-6,-76;-5,-84;-5,-79;-5,-76;-4,-84;-3,-74;-2,-91;-2,-87;-2,-86;-1,-90;-1,-86;-1,-77;-1,-73;0,-85;1,-80;1,-76;2,-91;3,-79;3,-76;3,-72;4,-90;4,-78;4,-77;4,-75;5,-89;5,-84;7,-75;7,-73;8,-73;9,-91;10,-80;-5,-88;-3,-84;0,-81;0,-80;0,-74;1,-89;1,-73;2,-83;3,-86;3,-82;4,-88;7,-81;8,-85;9,-79;-5,-86;-4,-89;-4,-80;0,-87;1,-87;5,-91;5,-87;5,-86;5,-74;6,-89;6,-86;6,-84;6,-75;7,-86;7,-79;8,-75;10,-85;10,-74;-6,-73;-5,-91;-5,-72;-4,-76;-2,-82;-1,-87;-1,-80;0,-90;0,-79;0,-77;1,-88;1,-77;2,-87;2,-74;4,-89;5,-82;6,-87;6,-80;6,-77;7,-89;7,-83;8,-83;9,-73;10,-90;-5,-90;-5,-81;-3,-78;0,-73;1,-86;1,-83;3,-77;4,-74;4,-72;6,-74;7,-84;8,-91;8,-78;10,-79;10,-77;-3,-90;-2,-83;-2,-81;-1,-83;3,-84;5,-85;5,-80;5,-79;5,-78;6,-72;8,-77;9,-83;9,-78;-4,-86;-6,-72;-4,-77;-4,-73;-4,-72;-3,-80;-2,-85;-2,-79;-2,-76;-2,-75;-2,-73;-1,-89;0,-89;2,-88;2,-84;2,-77;2,-76;3,-75;4,-86;4,-84;4,-76;6,-76;7,-87;8,-80;8,-79;8,-76;9,-84;9,-75;10,-89;-5,-89;-5,-75;-5,-77;-5,-85;-5,-83;-4,-83;-4,-79;-3,-82;-3,-75;-2,-78;-1,-91;2,-89;2,-78;3,-85;3,-78;4,-82;4,-81;6,-79;7,-90;7,-80;8,-72;10,-84;10,-82;-3,-91;-4,-88;-4,-87;-4,-74;-3,-83;-3,-79;-3,-77;-2,-90;-1,-75;0,-75;0,-72;1,-82;1,-74;3,-90;3,-88;3,-74;4,-87;4,-80;5,-90;5,-81;5,-75;5,-72;6,-91;8,-81;9,-85;-1,-88;-1,-85;-1,-74;0,-82;1,-84;4,-83;6,-88;8,-87;10,-75;10,-73;-4,-85;-3,-88;-3,-87;-3,-81;-3,-72;-1,-84;-1,-82;-1,-72;1,-81;1,-75;2,-86;2,-73;3,-89;6,-90;6,-81;7,-88;7,-72;-5,-78;-3,-73;-2,-72;-1,-81;-1,-78;0,-83;0,-76;1,-79;2,-79;3,-83;3,-73;5,-76;6,-85;7,-91;7,-78;8,-74;9,-87;9,-80;10,-87;-4,-90;-2,-88;0,-84;0,-78;1,-85;5,-88;6,-78;7,-82;7,-77;7,-74;8,-88;8,-84;10,-78;-5,-80;-5,-73;-5,-74;-4,-75;-3,-89;-3,-86;-2,-89;1,-90;1,-72;2,-82;2,-80;2,-75;3,-87;4,-85;4,-79;4,-73;5,-83;5,-77;7,-85;8,-86;8,-82;9,-90;9,-89;9,-88;9,-81;10,-88;10,-86;10,-76;-4,-91;-3,-76;-2,-84;-2,-80;-2,-74;-1,-76;0,-91;0,-88;1,-78;2,-90;2,-85;2,-81;3,-91;3,-81;4,-91;6,-83;8,-90;9,-77;9,-76;9,-74;9,-72;10,-91;10,-83;10,-81
-2,-66;-2,-65;-1,-65;-1,-66
3,-54;2,-54
6,65
7,64
6,64
7,65
15,78;16,75;17,83;17,81;21,81;21,80;22,83;13,78;13,76;14,78;17,85;19,85;22,85;15,85;15,82;17,79;17,78;18,80;19,75;22,84;22,80;22,77;22,76;13,80;14,83;14,79;15,77;16,85;16,78;17,75;19,83;19,82;20,84;20,76;21,82;21,77;15,80;16,83;16,79;18,81;18,78;19,76;21,85;21,75;14,85;14,84;19,78;21,76;13,84;13,79;13,75;14,80;15,83;15,81;16,82;16,77;18,75;15,84;18,76;20,81;20,75;13,83;16,84;16,80;16,76;17,77;18,85;18,77;19,84;19,77;20,79;21,84;21,79;22,82;15,76;17,82;18,82;18,79;20,77;13,82;13,81;14,82;15,79;20,82;21,83;14,76;14,75;18,83;22,79;22,78;19,81;21,78;15,75;16,81;14,81;14,77;17,84;18,84;19,79;20,85;20,83;20,80;22,81;22,75;13,85;13,77;17,80;17,76;19,80;20,78
14,-135;15,-135
15,-142
24,78;26,80;25,76;26,77;24,79;27,81;23,79;23,76;27,82;24,81;25,78;25,79;25,75;26,81;26,75;27,79;28,80;23,82;23,75;25,80;24,75;27,78;27,76;23,77;24,77;26,76;24,82;25,81;25,77;28,79;23,80;24,80;25,82;27,75;28,82;23,81;26,79;26,78;27,77;28,81;26,82;28,78;23,78;24,76;27,80
37,-6;36,-6;37,-5
40,-5
45,104
49,-41;47,-40;48,-41;48,-40;47,-41;49,-40
68,-54;68,-53;68,-55;69,-53;70,-54;69,-55;70,-53;69,-54;70,-55
71,53
61,58
57,59
66,59
64,60
57,61
68,67
69,67
63,68
69,52
65,54
60,57
63,57
64,62
56,63
60,67
70,67
62,52
67,52
68,52
61,54
63,54
63,55
59,59
71,59
57,60
71,61
70,62
64,64
68,64
60,66
68,66
63,69
70,52
65,53
67,53
71,57
65,59
64,61
57,63
56,64
61,68
62,68
56,54
64,54
63,59
59,61
57,62
59,63
62,64
71,64
61,52
66,52
69,56
71,56
71,58
71,63
60,68
60,69
60,52
56,53
63,56
67,59
59,60
69,61
63,64
61,65
63,67
71,68
57,69
62,53
66,53
63,58
69,62
63,65
69,66
56,69
60,53
59,54
62,54
66,54
70,56
60,59
58,61
69,63
70,64
60,65
71,65
71,67
63,53
60,58
61,59
56,60
70,60
58,64
59,64
69,64
70,65
71,52
70,59
65,64
63,66
63,52
60,54
69,57
70,58
58,62
57,64
61,53
71,54
60,55
62,58
58,59
64,59
69,59
71,62
64,63
60,64
61,64
70,66
71,66
59,69
67,54
68,57
70,57
68,58
56,59
68,59
69,60
66,64
56,52
58,54
71,55
68,56
62,59
71,60
59,62
62,65
57,52
57,53
57,54
60,56
70,61
70,63
67,64
68,65
58,69
66,69
56,70
59,71
68,71
60,71
65,70
61,71
64,71
65,69
71,69
57,71
62,71
69,71
58,71
64,69
71,71
65,71
67,70
63,70
57,70
58,70
71,70
56,71
70,71
63,71
66,71
67,71
67,69
60,70
66,70
56,62
56,61
62,32;63,32;62,31;63,31
58,52
59,52
58,53
65,52
64,52
79,-137
85,52;85,53;87,52;85,54;86,52;86,54;87,54;86,53;87,53
88,53
88,51;85,50;86,51;88,50;85,51;86,50;87,51;87,50
86,55
88,54
88,52
85,55
95,42
100,41
96,42
97,41;98,41;98,40;97,40
98,42
100,46
96,41
100,44
100,42
95,41
100,43
96,-131;96,-132;98,-132;97,-131;98,-131;97,-132
99,41
100,45
94,24
97,42
99,42
98,17
100,17
99,-131;99,-130;100,-130;100,-131
99,17
104,51
106,54;107,54
105,50;106,50;107,50
106,51
110,-30;110,-31
116,-26;118,-25;118,-26;121,-26;120,-25;120,-27;117,-26;117,-27;119,-27;120,-26;117,-25;119,-25;121,-27;119,-26;118,-27;121,-25
120,-19;118,-19;119,-19
118,-124
128,-16
142,-3;146,-7;149,-7;141,-10;144,-2;145,-5;146,-5;148,-10;142,-8;142,-10;146,-10;149,-9;149,-11;140,-3;140,-6;141,-11;144,-11;146,-3;147,-2;148,-9;140,-8;141,-5;141,-9;143,-4;143,-9;144,-5;144,-6;148,-2;140,-10;141,-6;143,-10;145,-7;147,-5;147,-9;149,-4;149,-10;140,-2;141,-8;142,-9;143,-6;147,-3;149,-3;149,-8;140,-7;144,-7;146,-6;147,-6;141,-2;143,-7;140,-4;141,-7;144,-3;145,-4;147,-11;148,-4;149,-6;145,-9;145,-10;146,-9;148,-11;149,-2;142,-7;143,-8;145,-8;146,-8;140,-5;140,-9;141,-4;142,-4;143,-5;144,-4;144,-8;145,-3;145,-6;146,-4;146,-11;147,-10;148,-6;143,-2;145,-11;148,-7;142,-5;142,-11;143,-3;143,-11;144,-10;146,-2;147,-4;147,-7;148,-3;140,-11;142,-6;145,-2;147,-8;148,-8;141,-3;142,-2;144,-9;148,-5;149,-5
147,61;147,62;147,63;148,60;149,65;145,65;146,61;145,64;148,61;149,63;145,62;147,60;145,60;146,65;149,64;147,65;149,61;148,63;149,60;146,60;147,64;145,63;145,61;146,62;148,62;148,64;146,64;148,65;149,62;146,63