-142,72;-146,71;-141,71;-149,70;-142,68;-139,68;-145,66;-148,65;-145,65;-142,65;-144,64;-145,72;-141,72;-150,70;-150,69;-145,67;-140,72;-139,72;-139,70;-146,66;-140,65;-147,64;-146,64;-140,64;-149,72;-146,72;-143,71;-140,71;-148,70;-146,70;-149,64;-148,69;-143,69;-147,68;-140,68;-147,67;-147,66;-141,65;-148,72;-143,72;-150,71;-140,70;-146,69;-139,69;-143,67;-141,66;-146,65;-147,70;-145,69;-140,66;-141,64;-147,71;-145,71;-139,66;-150,65;-144,65;-147,72;-142,71;-143,68;-150,66;-148,66;-150,64;-144,69;-140,69;-150,67;-142,69;-150,68;-144,68;-141,68;-149,66;-139,65;-145,64;-142,64;-139,64;-144,72;-146,67;-142,67;-140,67;-142,66;-148,64;-143,64;-150,72;-141,70;-149,69;-147,69;-144,67;-149,65;-149,71;-148,71;-144,71;-145,70;-148,67;-141,67;-139,67;-144,66;-143,66;-147,65;-144,70;-142,70;-148,68;-146,68;-149,67;-139,71;-143,70;-141,69;-149,68;-145,68;-143,65
-150,112
-150,20
-150,114
-150,21
-150,111
-150,113
-144,112
-148,114
-148,111
-147,113
-149,126;-149,129;-149,130;-149,128;-149,127;-150,130;-150,126;-150,127;-150,128;-150,129
-150,134;-150,131;-150,133;-150,135;-149,133;-149,131;-150,132;-149,134;-149,135;-149,132
-147,115
-146,114
-148,115
-146,112
-149,111
-146,115
-149,114
-145,113
-145,114
-150,115
-147,112
-144,115
-148,112
-149,115
-147,114
-148,113
-145,115
-146,111
-144,114
-146,113
-145,110
-145,112
-144,113
-149,150
-147,111
-149,112
-149,113
-144,111
-145,111
-147,130;-148,128;-147,126;-148,126;-147,128;-147,129;-148,127;-147,127;-148,130;-148,129
-148,132;-147,135;-147,131;-147,132;-148,133;-148,131;-147,133;-147,134;-148,135;-148,134
-142,112
-142,115
-142,113;-142,114;-141,113;-141,114
-143,112
-142,111
-143,113
-143,115
-143,111
-143,114
-141,111
-141,112
-141,115
-137,-41;-136,-41;-137,-42;-136,-42
-137,82;-137,83
-131,-117;-130,-118;-130,-116;-129,-116;-127,-118;-127,-112;-124,-113;-129,-114;-131,-115;-127,-115;-125,-115;-125,-118;-124,-118;-130,-117;-126,-117;-126,-118;-130,-112;-130,-113;-130,-114;-126,-115;-128,-117;-125,-113;-129,-115;-124,-115;-131,-111;-128,-112;-126,-112;-131,-116;-128,-118;-129,-113;-131,-114;-127,-114;-127,-116;-125,-116;-131,-118;-130,-111;-125,-112;-131,-113;-126,-116;-129,-117;-127,-117;-128,-111;-129,-112;-128,-113;-126,-113;-124,-116;-129,-111;-128,-114;-128,-115;-129,-118;-126,-111;-128,-116;-124,-117;-124,-111;-124,-112;-126,-114;-125,-114;-130,-115;-125,-117;-127,-111;-125,-111;-131,-112;-127,-113;-124,-114
-126,-77
-116,132;-121,134;-115,135;-122,135;-119,132;-117,134;-120,134;-119,137;-118,132;-120,132;-117,135;-120,136;-117,132;-121,133;-124,134;-119,136;-122,137;-118,133;-122,134;-117,136;-122,132;-123,132;-117,133;-123,133;-119,135;-116,134;-118,134;-117,137;-121,137;-121,132;-115,132;-116,133;-124,135;-118,136;-119,133;-122,133;-124,133;-122,136;-120,137;-120,133;-121,135;-123,134;-124,132;-115,134;-120,135;-121,136;-118,137;-118,135;-119,134;-123,135;-115,133;-116,135
-122,26
-119,-43;-120,-43
-118,6;-117,6
-116,-69
-115,-70
-115,-69
-116,-70
-114,-45
-111,-44
-109,-95
-109,-93
-107,-94
-106,-94
-104,-142;-103,-142;-102,-147;-104,-145;-103,-143;-105,-146;-104,-143;-105,-145;-105,-144;-103,-144;-102,-146;-102,-143;-105,-147;-104,-144;-104,-146;-103,-145;-103,-146;-105,-143;-102,-145;-104,-147;-103,-147;-102,-144
-104,-95
-103,-98
-102,-98
-102,-97;-103,-97
-103,-6;-103,-7
-98,37;-98,34;-99,37;-97,39;-98,39;-99,38;-99,39;-99,34;-98,38;-98,35;-98,36;-99,36;-99,35;-97,38;-100,38;-100,37;-97,37;-100,39
-96,35;-97,35
-101,35;-100,35
-97,34;-96,34
-95,37
-100,34;-101,34
-102,-100
-100,-150
-98,-21
-96,112;-93,112;-96,111;-94,111;-92,111;-95,111;-95,110;-92,112;-93,111;-95,112;-94,110;-93,110;-92,110;-94,112;-96,110;-93,108;-95,108;-94,108;-92,109;-94,109;-93,109;-96,109;-95,109;-96,108;-92,108
-96,-22
-96,-21
-95,-21
-89,-18
-87,-81
-73,26
-70,-107
-71,136
-69,-20
-69,-139
-60,3;-60,7;-62,7;-60,2;-60,8;-62,2;-61,4;-61,9;-60,5;-61,1;-61,6;-62,5;-61,8;-62,4;-61,3;-62,6;-61,5;-61,7;-62,3;-60,4;-60,1;-62,9;-62,1;-61,2;-60,6;-62,8;-60,9;-58,1;-58,3;-58,2;-58,8;-57,3;-59,3;-59,7;-59,4;-59,8;-58,4;-57,2;-57,6;-59,2;-58,5;-57,8;-58,6;-58,9;-59,9;-59,5;-59,6;-57,9;-57,1;-57,4;-57,7;-58,7;-59,1;-57,5;-56,1
-55,29
-51,-110;-50,-110
-52,-140
-49,15
-48,15
-42,-108
-29,108;-29,109;-28,108;-29,106;-28,107;-28,106;-29,107;-28,109;-29,110;-28,110;-27,108;-26,106;-27,109;-27,110;-27,106;-26,108;-27,107;-25,110;-26,107;-26,109;-24,110;-25,109;-26,110;-24,109;-25,106;-24,107;-24,106;-25,108;-24,108;-25,107
-27,85;-25,82;-26,80;-26,84;-25,80;-29,83;-28,84;-28,80;-24,83;-24,84;-24,85;-26,83;-24,80;-27,83;-26,81;-26,82;-24,82;-28,82;-29,85;-24,81;-29,81;-28,81;-27,82;-29,80;-28,83;-26,85;-29,84;-27,80;-25,83;-29,82;-28,85;-25,81;-27,81;-27,84;-25,84;-25,85
-31,140;-32,140
-16,-131
-17,-131
-4,-128;-5,-128;-5,-127;-4,-127
-1,-34;-4,-35;-2,-35;-4,-34;-1,-35;-2,-34;-3,-35;-3,-34
-2,17
-1,17
2,16;5,17;4,18;4,16;5,18;2,18;2,17;3,17;3,18;3,16;5,16;4,17
2,-24
15,78;16,75;17,83;17,81;21,81;21,80;22,83;13,78;13,76;14,78;17,85;19,85;22,85;15,85;15,82;17,79;17,78;18,80;19,75;22,84;22,80;22,77;22,76;13,80;14,83;14,79;15,77;16,85;16,78;17,75;19,83;19,82;20,84;20,76;21,82;21,77;15,80;16,83;16,79;18,81;18,78;19,76;21,85;21,75;14,85;14,84;19,78;21,76;13,84;13,79;13,75;14,80;15,83;15,81;16,82;16,77;18,75;15,84;18,76;20,81;20,75;13,83;16,84;16,80;16,76;17,77;18,85;18,77;19,84;19,77;20,79;21,84;21,79;22,82;15,76;17,82;18,82;18,79;20,77;13,82;13,81;14,82;15,79;20,82;21,83;14,76;14,75;18,83;22,79;22,78;19,81;21,78;15,75;16,81;14,81;14,77;17,84;18,84;19,79;20,85;20,83;20,80;22,81;22,75;13,85;13,77;17,80;17,76;19,80;20,78
16,9
17,-145
24,-90;24,-91;25,-91;25,-90
23,74
27,-118;29,-118;29,-119;26,-118;28,-118
26,116;28,112;28,113;28,114;29,113;31,111;32,117;33,117;33,113;27,114;28,118;29,117;32,118;26,111;30,115;31,118;27,117;30,114;30,116;30,117;32,112;29,111;29,116;32,113;30,112;31,117;32,114;33,115;27,115;28,116;29,115;29,118;31,115;26,114;28,115;31,116;32,111;26,117;27,112;29,114;33,111;26,113;26,118;30,118;31,112;31,114;33,114;27,116;28,117;32,115;33,116;33,118;27,113;29,112;31,113;27,111;27,118;30,111;30,113;32,116;33,112;26,112;26,115;28,111
30,-123;29,-122;27,-121;28,-121;28,-123;30,-121;29,-121;30,-122;29,-123;27,-123;27,-122;28,-122
36,81;36,80;35,81;35,80
37,70
40,-120
41,10;40,10;40,11;41,11;41,9;40,9;42,10;42,11;42,9
44,140;45,140;44,141;45,141
45,12;46,12;45,11;46,11
49,-41;47,-40;48,-41;48,-40;47,-41;49,-40
48,-46;47,-45;48,-44;49,-45;48,-43;47,-46;47,-44;47,-43;49,-46;48,-45;49,-44;49,-43
71,53
61,58
52,59;54,62;55,63;53,64;54,57;54,61;55,66;53,67;55,57;55,64;55,52;52,58;52,67;53,61;54,63;54,58;53,59;53,65;55,65;52,56;52,61;53,62;52,63;52,66;54,66;52,55;55,56;55,60;53,63;52,64;54,67;53,52;54,52;52,60;53,60;52,62;52,68;52,69;52,53;52,65;52,52;54,65;52,57;53,58;55,58;55,67;52,54;54,60;53,56;54,56;55,59;52,71;53,55;55,68;55,69;53,70;54,69;53,71;54,71;53,54;53,57;53,68;52,70;53,53;54,53;54,64;55,70;55,53;53,69;55,71;55,55;55,54;54,55;53,66;54,70;54,59;54,54;54,68;55,61;55,62
57,59
64,60
57,61
69,52
65,54
64,62
56,63
70,67
62,52
67,52
68,52
61,54
63,54
59,59
71,59
57,60
71,61
70,62
64,64
63,69
70,52
65,53
67,53
71,57
65,59
64,61
57,63
56,64
56,54
64,54
63,59
59,61
57,62
59,63
62,64
71,64
61,52
66,52
71,56
71,58
71,63
60,69
60,52
56,53
64,53
59,60
63,64
61,65
71,68
57,69
62,53
66,53
63,58
63,65
56,69
60,53
59,54
62,54
66,54
70,56
60,59
58,61
70,64
60,65
71,65
71,67
63,53
60,58
61,59
56,60
70,60
58,64
59,64
70,65
71,52
70,59
65,64
63,52
60,54
70,58
58,62
57,64
61,53
71,54
62,58
58,59
64,59
71,62
64,63
60,64
61,64
70,66
71,66
59,69
67,54
70,57
56,59
56,52
58,54
71,55
62,59
71,60
59,62
62,65
57,52
57,53
57,54
70,61
70,63
58,69
66,69
56,70
59,71
68,71
60,71
65,70
61,71
64,71
65,69
71,69
57,71
62,71
69,71
58,71
64,69
71,71
65,71
67,70
63,70
57,70
58,70
71,70
56,71
70,71
63,71
66,71
67,71
67,69
60,70
66,70
55,125;55,129;55,128;55,126;55,127;57,125;56,129;57,126;58,129;57,129;56,125;58,126;56,127;59,127;58,125;58,128;56,126;59,125;59,126;57,127;58,127;59,128;56,128;57,128;59,129
57,57
57,55
56,62
56,28;55,28
56,55
56,65
56,56
56,58
59,58
56,57
56,61
56,-126
57,58
57,56
58,58
57,65
59,77;57,78;59,78;58,78;57,77;58,77
56,66
58,-30
57,67
58,63
57,66
59,65
57,68
58,60
58,52
57,-30
57,-29
58,-29
59,53
56,67
56,68
59,52
58,65
58,53
59,70
61,60;60,61;63,62;63,61;61,62;60,62;62,60;62,63;61,61;63,63;62,61;62,62;63,60;60,63;60,60;61,63
62,-27;62,-26;61,-27;61,-26
61,-129;61,-128;62,-128;62,-129
61,69
62,69
61,70
62,70
65,61
65,52
64,65
64,70
65,62
64,58
65,65
65,60
65,63
64,52
65,58
66,67;67,67;66,68;67,68
68,69
69,70
70,54;70,55;69,55;68,53;68,54;69,54;68,55;70,53;69,53
69,69
70,69
70,68
70,70
68,70
77,-101;77,-102
78,-105
92,-145;91,-144;92,-144;93,-145;91,-147;91,-140;92,-148;93,-143;91,-146;93,-144;92,-141;93,-146;91,-142;91,-148;92,-147;92,-142;91,-143;91,-145;92,-143;92,-146;92,-140;91,-141;94,-148;94,-145;93,-141;94,-147;94,-141;94,-144;94,-146;93,-140;94,-142;93,-147;93,-142;93,-148;94,-143;94,-140;95,-140;96,-141;95,-143;95,-147;96,-146;95,-146;95,-145;95,-144;95,-142;96,-140;96,-143;95,-141;96,-147;95,-148;96,-144;96,-148;96,-142;96,-145;97,-148;98,-148;98,-142;97,-144;98,-141;98,-147;97,-145;97,-143;97,-147;98,-145;97,-140;98,-146;98,-140;98,-143;97,-146;97,-141;98,-144;97,-142;99,-141;99,-140;99,-147;99,-146;99,-143;99,-144;99,-148;99,-142;99,-145
95,85
95,87
95,84
95,88
95,86
96,-131;96,-132;98,-132;97,-131;98,-131;97,-132
96,84
103,81
103,76
101,87
104,77
103,82
101,84
99,84
99,86
100,81
101,81
103,80
105,77
105,80
100,87
100,80
104,76
104,75
104,82
102,86
99,87
103,78
103,75
101,85
102,84
102,81
106,78
105,76
99,83
102,77
103,77
106,77
100,85
100,89
99,85
101,77
101,78
103,79
101,76
102,76
101,82
100,78
107,79
106,76
100,83
100,84
100,86
102,78
104,80
98,83
98,89
99,89
104,81
105,81
106,81
101,86
102,85
102,87
101,79
102,80
104,79
107,78
100,82
102,82
104,78
105,79
107,77
100,77
100,79
101,80
102,79
105,78
106,79
106,80
108,-115
109,-103
109,-102
110,-103
110,-102
116,-26;118,-25;118,-26;121,-26;120,-25;120,-27;117,-26;117,-27;119,-27;120,-26;117,-25;119,-25;121,-27;119,-26;118,-27;121,-25
119,-4
127,-131
129,136;130,136;132,136;129,137;130,135;131,136;131,135;131,137;130,137;132,137
137,130;136,130;138,130
142,-3;146,-7;149,-7;141,-10;144,-2;145,-5;146,-5;148,-10;142,-8;142,-10;146,-10;149,-9;149,-11;140,-3;140,-6;141,-11;144,-11;146,-3;147,-2;148,-9;140,-8;141,-5;141,-9;143,-4;143,-9;144,-5;144,-6;148,-2;140,-10;141,-6;143,-10;145,-7;147,-5;147,-9;149,-4;149,-10;140,-2;141,-8;142,-9;143,-6;147,-3;149,-3;149,-8;140,-7;144,-7;146,-6;147,-6;141,-2;143,-7;140,-4;141,-7;144,-3;145,-4;147,-11;148,-4;149,-6;145,-9;145,-10;146,-9;148,-11;149,-2;142,-7;143,-8;145,-8;146,-8;140,-5;140,-9;141,-4;142,-4;143,-5;144,-4;144,-8;145,-3;145,-6;146,-4;146,-11;147,-10;148,-6;143,-2;145,-11;148,-7;142,-5;142,-11;143,-3;143,-11;144,-10;146,-2;147,-4;147,-7;148,-3;140,-11;142,-6;145,-2;147,-8;148,-8;141,-3;142,-2;144,-9;148,-5;149,-5
147,61;147,62;147,63;148,60;149,65;145,65;146,61;145,64;148,61;149,63;145,62;147,60;145,60;146,65;149,64;147,65;149,61;148,63;149,60;146,60;147,64;145,63;145,61;146,62;148,62;148,64;146,64;148,65;149,62;146,63
149,29
150,72;150,67;150,73;151,72;152,70;157,65;157,67;152,72;153,72;154,66;155,70;155,71;155,72;156,63;156,65;157,72;158,64;158,70;160,67;160,70;151,71;153,63;153,67;155,64;151,63;158,73;159,72;160,64;160,68;150,63;150,71;151,64;158,63;159,66;160,73;150,68;152,68;154,64;154,73;156,70;158,71;159,64;159,65;160,69;150,65;151,66;152,67;153,65;154,72;157,63;159,67;160,63;151,70;152,64;153,69;157,68;158,67;159,69;150,64;154,65;154,69;155,66;155,67;156,72;158,69;159,70;160,65;151,67;154,63;154,68;152,63;152,71;153,64;155,65;156,69;157,69;158,66;159,71;160,66;150,69;151,68;152,73;153,66;153,73;155,63;155,68;156,67;156,68;158,72;160,71;150,70;153,68;155,73;156,73;158,65;159,63;151,65;154,67;154,70;155,69;157,64;157,73;150,66;151,69;152,65;152,69;153,70;154,71;156,64;156,66;157,70;159,68;159,73;160,72;151,73;152,66;153,71;156,71;157,66;157,71;158,68