-150,-40
-149,9;-149,8;-149,10;-150,9;-150,10
-148,72;-147,72;-143,72;-140,71;-144,69;-143,69;-139,67;-142,66;-140,64;-142,70;-148,68;-145,67;-145,66;-147,65;-145,65;-141,65;-150,64;-149,71;-150,70;-139,70;-144,68;-142,68;-144,67;-139,66;-139,64;-142,72;-140,72;-147,71;-145,70;-143,70;-148,64;-150,69;-145,69;-149,67;-140,67;-147,66;-143,65;-145,64;-142,64;-150,66;-149,65;-146,64;-148,71;-139,71;-141,70;-146,68;-141,71;-148,70;-144,70;-146,69;-142,69;-150,67;-146,66;-141,66;-139,65;-141,72;-144,71;-146,65;-149,72;-145,71;-149,70;-149,69;-147,69;-147,64;-143,71;-147,70;-145,68;-148,67;-147,67;-141,67;-149,66;-144,66;-150,65;-146,71;-140,68;-139,68;-140,66;-142,65;-144,64;-139,72;-142,71;-140,70;-139,69;-142,67;-149,64;-143,64;-150,72;-150,68;-149,68;-143,68;-146,67;-146,72;-145,72;-144,72;-148,69;-143,67;-150,71;-146,70;-143,66;-148,65;-141,69;-140,69;-144,65;-140,65;-147,68;-141,68;-148,66;-141,64
-150,83;-150,80;-150,78;-150,79;-150,76;-150,82;-150,75;-150,77;-150,81;-149,79;-149,83;-149,80;-149,78;-149,75;-149,81;-149,82;-149,77;-149,76;-148,76;-148,81;-148,78;-148,79;-148,83;-148,75;-148,80;-148,77;-148,82;-147,81;-146,80;-147,75;-146,81;-146,77;-146,83;-147,76;-147,82;-146,76;-147,80;-146,78;-147,78;-146,79;-147,77;-146,75;-147,83;-146,82;-147,79;-145,81;-145,82;-145,83;-144,77;-145,77;-144,75;-144,82;-145,79;-144,83;-145,76;-144,80;-145,80;-145,78;-144,79;-144,81;-144,76;-145,75;-144,78;-143,80;-142,79;-142,75;-142,80;-142,83;-143,81;-143,82;-143,83;-142,82;-143,79;-142,77;-143,77;-143,76;-142,76;-143,75;-143,78;-142,78;-142,81
-150,-6
-150,-7
-150,-5
-149,126;-150,129;-149,127;-150,128;-150,126;-150,127;-150,130;-149,129;-149,128;-149,130
-149,150
-150,148
-150,150
-149,12
-149,147
-150,147
-149,148
-148,147
-148,148
-146,31
-146,130;-146,128;-146,127;-146,129;-146,126;-145,127;-145,129;-145,128;-145,130;-145,126
-143,-117
-140,-4;-140,-6;-141,-6;-141,-5;-140,-5;-141,-4;-139,-6;-139,-4;-139,-5
-141,-7
-141,-8
-139,-109
-139,-7
-138,-116
-139,-8
-135,13
-134,-31
-133,-33;-132,-34;-132,-33
-130,-54
-129,-54
-126,15
-120,133;-122,135;-115,132;-121,133;-119,134;-118,135;-118,136;-122,136;-124,132;-122,133;-123,134;-117,135;-119,135;-115,135;-115,133;-121,134;-123,135;-124,135;-117,136;-116,132;-116,134;-117,134;-116,135;-121,135;-118,137;-115,134;-121,132;-117,132;-119,132;-119,133;-117,137;-119,137;-118,132;-117,133;-120,132;-116,133;-124,133;-118,134;-120,136;-122,134;-123,132;-120,135;-121,136;-120,137;-122,137;-122,132;-118,133;-123,133;-120,134;-119,136;-121,137;-124,134
-124,144;-124,145;-121,146;-122,145;-122,147;-123,146;-122,148;-123,147;-123,144;-121,147;-124,146;-122,144;-123,149;-120,146;-121,145;-121,149;-123,145;-120,144;-124,148;-121,144;-121,148;-124,147;-123,148;-124,150;-122,146;-122,149;-120,145;-124,149;-120,147;-120,148;-120,149;-123,150;-121,150;-122,150;-120,150;-119,145;-119,144;-118,148;-118,149;-119,149;-118,146;-119,146;-118,150;-119,150;-119,147;-118,145;-119,148;-118,144;-118,147
-123,140;-123,141;-123,142;-123,143;-120,141;-122,140;-122,141;-121,140;-121,141;-122,142;-120,140;-121,142;-121,143;-122,143;-120,142;-120,143
-122,26
-120,91;-121,91
-120,-53
-119,-59;-119,-58;-118,-58;-118,-59
-116,-43
-113,-107;-114,-107;-113,-108;-114,-108;-112,-108;-112,-107
-114,10
-114,-43
-114,-41
-112,-35
-113,-36;-113,-37;-113,-38
-112,-34
-112,-41
-113,-34
-113,-35
-112,22
-111,23
-111,22
-109,-32;-110,-32
-110,-25
-109,37;-109,36;-110,35;-107,34;-109,34;-107,35;-108,36;-108,35;-109,35;-110,37;-110,34;-108,34;-107,37;-108,37;-110,36;-107,36
-110,22
-110,23
-109,-27
-108,-4;-109,-6;-107,-6;-107,-5;-109,-4;-109,-5;-107,-4;-108,-6;-108,-5
-109,21
-109,-26
-109,-25
-109,22
-107,-64
-105,-143;-104,-143;-104,-145;-103,-142;-103,-144;-103,-145;-105,-147;-104,-147;-105,-144;-104,-144;-102,-145;-102,-146;-103,-143;-103,-146;-102,-143;-105,-145;-102,-144;-105,-146;-104,-142;-104,-146;-103,-147;-102,-147
-104,134;-103,133;-99,132;-99,135;-102,138;-102,133;-102,135;-103,136;-102,134;-101,137;-104,132;-100,133;-99,136;-102,136;-101,132;-100,132;-99,137;-104,138;-104,136;-103,135;-100,134;-98,132;-104,137;-102,137;-103,138;-100,137;-104,135;-101,133;-103,134;-101,138;-98,133;-98,135;-98,136;-100,135;-104,133;-102,132;-101,135;-100,138;-99,138;-98,137;-103,132;-101,134;-101,136;-100,136;-103,137;-99,133;-99,134;-98,138;-98,134
-102,-98;-101,-99;-102,-99;-101,-98
-104,28
-103,-21
-100,126;-99,126;-99,127;-101,126;-100,128;-99,128;-100,129;-99,129;-100,127;-101,127;-101,128;-102,126;-102,128;-102,127;-102,129;-101,129
-101,-21
-101,-97
-101,146;-100,146
-96,112;-93,110;-93,112;-92,111;-96,111;-96,110;-95,110;-95,111;-94,111;-93,111;-94,110;-92,110;-94,112;-92,112;-95,112;-94,108;-92,108;-94,109;-93,109;-95,108;-96,108;-92,109;-93,108;-96,109;-95,109
-94,-40
-94,-39
-95,-40
-92,-84
-92,-94
-91,-22
-87,-84;-88,-85;-88,-86;-87,-86;-89,-86;-89,-84;-88,-84;-87,-85;-89,-85
-88,-20
-87,146
-86,-28
-82,83;-82,84;-84,84;-85,84;-85,86;-83,85;-82,85;-84,85;-85,85;-82,86;-83,84;-83,86;-83,83;-84,83;-84,86;-85,83
-74,33
-74,34
-73,34
-72,32
-71,35
-72,33
-70,33
-73,31
-73,33
-71,34
-71,32
-70,34
-74,32
-72,34
-73,28
-70,32
-71,33
-70,35
-72,29
-71,-124;-70,-125;-71,-125;-70,-124
-72,28
-72,30
-71,28
-71,31
-71,30
-71,76;-71,77;-70,77;-69,76;-70,76;-69,77
-71,116
-65,29;-65,28;-61,28;-61,29;-68,28;-67,29;-66,31;-69,29;-66,28;-63,31;-69,28;-68,31;-67,30;-65,30;-63,30;-67,31;-66,30;-65,31;-64,29;-62,30;-62,29;-69,31;-68,29;-66,29;-67,28;-64,30;-61,31;-68,30;-63,28;-62,31;-69,30;-64,28;-63,29;-62,28;-64,31;-61,30
-69,-27
-69,-125;-69,-124;-69,-123
-69,-139
-69,-120;-69,-122;-69,-121
-70,29
-68,-120;-68,-118;-68,-119
-67,-121;-67,-122;-67,-123;-68,-123;-66,-121;-68,-125;-66,-122;-67,-125;-67,-124;-68,-122;-68,-121;-68,-124;-66,-124;-66,-125;-66,-123
-67,122;-68,123;-68,122;-67,123
-65,-128
-65,-125
-62,129;-62,128;-61,128;-61,129
-60,-18
-57,-115;-56,-114;-56,-116;-58,-115;-57,-116;-57,-114;-56,-115;-58,-114;-58,-116
-59,127;-58,127;-58,128;-59,128
-56,127;-56,128;-55,127;-55,128
-54,-23
-56,-24
-57,125
-56,-23
-55,-23
-56,125
-53,-23
-55,-22
-56,-22
-54,-22
-53,-22
-56,126
-57,126
-54,128;-54,127;-53,127;-53,128
-54,126
-55,126
-55,125
-52,-22
-51,91;-50,91;-51,92;-50,92
-48,73;-47,73;-49,73
-48,34;-48,33
-46,-130
-46,88
-45,81
-39,-3;-37,-3;-38,-3;-36,-3
-40,-59
-40,-24
-37,26;-36,26
-31,140;-32,140
-31,-27
-28,60;-27,61;-29,58;-25,56;-27,57;-26,59;-25,61;-28,58;-27,59;-26,58;-26,60;-26,62;-28,55;-29,56;-29,59;-25,57;-25,58;-25,59;-25,60;-29,62;-28,56;-27,55;-27,56;-26,56;-29,60;-28,59;-27,58;-25,55;-28,57;-28,61;-28,62;-26,61;-25,62;-29,55;-27,60;-29,61;-27,62;-26,57;-29,57;-26,55
-24,20;-23,19;-26,19;-24,19;-27,20;-23,20;-25,20;-25,19;-27,19;-22,19;-26,20;-21,19;-22,20
-26,91;-25,88;-26,88;-26,92;-23,88;-24,90;-24,92;-25,92;-23,89;-23,90;-25,91;-26,90;-24,91;-23,91;-25,90;-24,89;-23,92;-24,88;-26,89;-25,89
-24,60;-24,57;-24,59;-24,58;-24,55;-24,56
-17,-41
-19,-143
-21,-53
-20,-143
-21,148
-19,-132
-18,-17
-16,-37
-13,-39
-15,-39
-13,-38
-17,-40
-14,-39
-14,-37
-15,-37
-16,-111
-17,-39
-13,-37
-17,-38
-16,-39
-14,-38
-16,-41
-17,-37
-15,-38
-16,-40
-16,-38
-15,-115
-15,-40
-15,-41
-13,-41
-13,-40
-14,-41
-14,33;-14,34
-14,-40
-12,-37
-12,-39
-12,-41
-11,-120
-12,-40
-12,-38
-10,-120
-12,-120
-9,145;-9,146;-8,145;-8,146;-9,144;-8,144;-7,144;-7,145;-7,146
-9,-69
-9,70
-5,47;-4,47
-4,-125
-4,-35;-2,-35;-1,-35;-2,-34;-3,-35;-1,-34;-4,-34;-3,-34
4,17;3,16;4,16;3,18;4,18;5,17;2,18;2,17;5,18;3,17;2,16;5,16
3,-35
4,-111;4,-110
6,99
6,-130
7,-21
8,-111;8,-110
8,-142
10,-45
11,-43
12,-19;13,-19;14,-19;12,-18;13,-18;14,-18
14,-15;13,-16;14,-16;13,-15;12,-16;12,-15
17,-19;15,-18;16,-19;15,-19;16,-18;17,-18
15,-117;17,-117;16,-117
16,-16;17,-16;16,-15;17,-15
16,-11;17,-13;17,-11;16,-12;17,-12;16,-13
19,-12;20,-12;20,-13;19,-13;20,-11;19,-11
19,-119
20,-118;20,-119;20,-120
22,70;24,70;23,70;22,69;23,69;23,71;24,71;22,71;24,69
23,-118;22,-118
23,-104
21,9
29,-118;27,-118;28,-118;29,-119;26,-118
25,-83
29,-56;30,-56;29,-55;30,-55
28,-45
29,-96
30,-138
29,-95
31,10
35,-122
35,80;35,81;36,80;36,81
35,10;36,10
36,8;37,9;37,8;36,9
39,72;38,72
40,-116
38,103
41,11;40,11;41,9;40,9;41,10;40,10;42,10;42,9;42,11
46,78
48,-46;49,-46;48,-43;47,-45;49,-45;48,-44;47,-43;49,-44;49,-43;47,-44;47,-46;48,-45
50,-74
48,140;48,141
50,-75
54,-136
55,-140
56,-134;55,-134;55,-135;56,-135
55,-141
56,112
60,-136
59,-21;59,-22;60,-22;60,-21
61,-111
64,-111
61,-26;62,-27;61,-27;62,-26
62,-111
61,-112
66,-111
62,-112
66,-112
63,-111
65,-111
63,-112
65,-127;64,-126;64,-127;65,-126
64,28;65,28;64,29;65,29;66,28;66,29
66,-11;69,-11;67,-9;68,-11;69,-9;66,-8;66,-10;68,-9;67,-10;66,-9;67,-11;67,-8;68,-10;69,-10;68,-8
66,35
69,-147
71,-146
70,-147
69,-146
70,-146
71,-147
69,31
77,-102;77,-101
88,-110
96,-132;96,-131;97,-131;98,-131;97,-132;98,-132
96,-102
99,-130;99,-131;100,-131;100,-130
103,-137
110,-26;111,-26
116,-26;117,-27;118,-26;118,-27;119,-26;119,-27;117,-25;120,-25;121,-26;120,-26;121,-27;121,-25;117,-26;119,-25;120,-27;118,-25
114,-22
116,-5
118,-119;119,-119;121,-119;121,-118;122,-120;122,-119;122,-121;122,-118;119,-118;118,-121;120,-120;118,-118;119,-120;120,-121;120,-118;121,-121;119,-121;118,-120;121,-120;120,-119
126,-12;124,-12;128,-11;129,-10;125,-11;127,-12;127,-11;128,-10;124,-10;129,-12;122,-12;124,-11;123,-12;126,-10;123,-11;129,-11;122,-11;126,-11;127,-10;125,-12;122,-10;125,-10;123,-10;128,-12
124,48;125,54;125,55;124,43;124,49;125,48;125,49;125,44;125,46;125,50;124,51;124,53;125,53;124,47;124,50;124,54;124,44;125,45;125,51;125,52;124,45;124,42;124,46;124,52;125,43;125,47;125,42;124,55;125,41;126,44;127,47;128,44;129,47;127,51;126,46;126,49;128,46;129,49;130,44;131,46;127,46;131,49;127,52;127,53;128,47;129,50;132,47;126,47;127,48;127,50;128,50;131,45;128,48;128,49;130,47;132,46;127,42;127,45;129,48;127,49;128,45;130,45;130,46;131,48;127,43;126,41;130,48;126,54;126,45;129,44;129,45;131,50;126,42;126,50;129,46;131,44;127,54;132,50;126,52;127,41;126,43;127,44;131,47;132,44;132,45;132,49;130,49;130,50;132,48;126,51;127,55;126,48;126,53;126,55;129,54;129,55;129,42;129,52;129,53;128,52;128,43;128,41;128,55;129,41;128,42;128,51;128,53;129,51;129,43;128,54;130,53;131,52;130,52;130,55;131,53;132,53;130,51;131,43;130,41;131,54;130,42;132,54;132,51;131,42;132,41;132,43;131,51;132,55;130,54;131,41;131,55;132,42;132,52;130,43;133,41;133,51;133,45;133,52;133,55;133,47;133,48;133,49;133,54;133,46;133,53;133,43;133,42;133,44;133,50
133,36
134,-143
136,1;135,1
137,-3;138,-2;137,-2;138,-3
140,-8;141,-9;143,-7;144,-10;145,-4;145,-8;149,-6;140,-7;140,-10;142,-3;147,-5;149,-4;141,-3;141,-8;142,-2;142,-5;142,-7;144,-3;145,-3;145,-7;146,-7;147,-3;141,-4;142,-4;142,-9;145,-11;147,-4;140,-11;141,-6;142,-10;143,-10;144,-9;146,-2;148,-8;148,-11;140,-2;141,-7;147,-2;147,-6;148,-4;149,-9;141,-2;140,-9;142,-11;144,-6;146,-3;146,-8;149,-2;140,-5;144,-5;145,-2;146,-5;146,-6;148,-5;148,-10;149,-10;141,-11;143,-11;146,-10;147,-10;148,-3;148,-7;148,-9;141,-10;144,-7;146,-4;146,-9;148,-6;149,-5;142,-6;144,-11;147,-7;140,-4;145,-6;146,-11;148,-2;149,-7;141,-5;143,-2;143,-3;143,-5;143,-6;143,-8;144,-8;145,-10;147,-9;140,-3;143,-4;147,-8;149,-8;149,-11;144,-4;147,-11;140,-6;142,-8;143,-9;144,-2;145,-5;145,-9;149,-3
143,-14
148,-37;146,-37;145,-37;147,-37
149,6