-150,-146
-148,116
-120,-43
-119,-43
-118,6;-117,6
-118,83;-118,84;-117,83;-117,84;-116,83;-116,84
-111,-125;-111,-124;-111,-123;-111,-122;-111,-121;-111,-120;-111,-119;-111,-118;-111,-117;-111,-116;-111,-115;-111,-114;-111,-113;-110,-125;-110,-124;-110,-123;-110,-122;-110,-121;-110,-120;-110,-119;-110,-118;-110,-117;-110,-116;-110,-115;-110,-114;-110,-113;-109,-125;-109,-124;-109,-123;-109,-122;-109,-121;-109,-120;-109,-119;-109,-118;-109,-117;-109,-116;-109,-115;-109,-114;-109,-113;-108,-125;-108,-124;-108,-123;-108,-122;-108,-121;-108,-120;-108,-119;-108,-118;-108,-117;-108,-116;-108,-115;-108,-114;-108,-113;-107,-125;-107,-124;-107,-123;-107,-122;-107,-121;-107,-120;-107,-119;-107,-118;-107,-117;-107,-116;-107,-115;-107,-114;-107,-113;-106,-125;-106,-124;-106,-123;-106,-122;-106,-121;-106,-120;-106,-119;-106,-118;-106,-117;-106,-116;-106,-115;-106,-114;-106,-113;-105,-125;-105,-124;-105,-123;-105,-122;-105,-121;-105,-120;-105,-119;-105,-118;-105,-117;-105,-116;-105,-115;-105,-114;-105,-113;-104,-125;-104,-124;-104,-123;-104,-122;-104,-121;-104,-120;-104,-119;-104,-118;-104,-117;-104,-116;-104,-115;-104,-114;-104,-113;-103,-125;-103,-124;-103,-123;-103,-122;-103,-121;-103,-120;-103,-119;-103,-118;-103,-117;-103,-116;-103,-115;-103,-114;-103,-113;-102,-125;-102,-124;-102,-123;-102,-122;-102,-121;-102,-120;-102,-119;-102,-118;-102,-117;-102,-116;-102,-115;-102,-114;-102,-113;-101,-125;-101,-124;-101,-123;-101,-122;-101,-121;-101,-120;-101,-119;-101,-118;-101,-117;-101,-116;-101,-115;-101,-114;-101,-113;-100,-125;-100,-124;-100,-123;-100,-122;-100,-121;-100,-120;-100,-119;-100,-118;-100,-117;-100,-116;-100,-115;-100,-114;-100,-113;-99,-125;-99,-124;-99,-123;-99,-122;-99,-121;-99,-120;-99,-119;-99,-118;-99,-117;-99,-116;-99,-115;-99,-114;-99,-113
-106,-94
-103,-97;-102,-97
-95,36;-95,35;-95,34;-96,36;-96,35;-96,34
-90,57;-90,58;-90,59;-89,57;-89,58;-89,59;-88,59;-88,58;-88,57
-71,116;-71,117
-54,150
-50,149;-49,149
-31,-27
-29,80;-29,81;-29,82;-29,83;-29,84;-29,85;-28,80;-28,81;-28,82;-28,83;-28,84;-28,85;-27,80;-27,81;-27,82;-27,83;-27,84;-27,85;-26,80;-26,81;-26,82;-26,83;-26,84;-26,85;-25,80;-25,81;-25,82;-25,83;-25,84;-25,85;-24,80;-24,81;-24,82;-24,83;-24,84;-24,85
-20,-30
-4,-34;-3,-34;-4,-35;-3,-35;-2,-34;-2,-35;-1,-35;-1,-34
-3,132;-3,133;-3,134;-2,132;-2,133;-2,134;-1,132;-1,133;-1,134
13,-1
14,100;14,101;14,102;14,103;14,104;15,100;15,101;15,102;15,103;15,104;16,100;16,101;16,102;16,103;16,104;17,100;17,101;17,102;17,103;17,104;18,101;18,102;18,103;18,104
16,-75
17,-145
37,-115;37,-114
37,70
47,-41;47,-40;48,-41;48,-40;49,-41;49,-40
68,-55;68,-54;68,-53;69,-55;69,-54;69,-53;70,-55;70,-54;70,-53
83,46;82,45;82,46;83,45
82,43;82,44;83,43;83,44;84,43;84,44
85,54;86,54;85,53;86,53;85,52;86,52;87,52;88,52;85,55;86,55;87,55;88,55;87,53;88,54;87,54;88,53
89,51;89,52;90,51;90,52;91,52;91,51
86,56;85,56
100,44;99,44
107,-123;107,-122;107,-121;108,-123;108,-122;108,-121;109,-123;109,-122;109,-121
110,49;110,50;111,49;111,50
124,-134
133,-148
140,-4;140,-5;140,-6;140,-7;140,-8;140,-9;140,-10;140,-11;141,-4;141,-5;141,-6;141,-7;141,-8;141,-9;141,-10;141,-11;142,-2;142,-3;142,-4;142,-5;142,-6;142,-7;142,-8;142,-9;142,-10;142,-11;143,-2;143,-3;143,-4;143,-5;143,-6;143,-7;143,-8;143,-9;143,-10;143,-11;144,-2;144,-3;144,-4;144,-5;144,-6;144,-7;144,-8;144,-9;144,-10;144,-11;145,-2;145,-3;145,-4;145,-5;145,-6;145,-7;145,-8;145,-9;145,-10;145,-11;146,-2;146,-3;146,-4;146,-5;146,-6;146,-7;146,-8;146,-9;146,-10;146,-11;147,-2;147,-3;147,-4;147,-5;147,-6;147,-7;147,-8;147,-9;147,-10;147,-11;148,-2;148,-3;148,-4;148,-5;148,-6;148,-7;148,-8;148,-9;148,-10;148,-11;149,-2;149,-3;149,-4;149,-5;149,-6;149,-7;149,-8;149,-9;149,-10;149,-11;141,-2;141,-3;140,-2;140,-3
145,60;145,61;145,62;145,63;145,64;145,65;146,60;146,61;146,62;146,63;146,64;146,65;147,60;147,61;147,62;147,63;147,64;148,60;147,65;148,61;148,62;148,63;148,64;148,65;149,60;149,61;149,62;149,63;149,64;149,65