-150,43;-148,43;-147,43;-147,45;-146,45;-150,45;-148,45;-148,48;-150,46;-149,45;-147,46;-149,44;-148,46;-146,48;-146,47;-150,47;-149,43;-148,44;-146,44;-150,48;-149,46;-147,48;-146,43;-147,44;-147,47;-149,47;-146,46;-149,48;-150,44;-148,47
-150,86;-150,85
-150,97
-150,100
-150,84;-150,83
-150,95
-150,98
-150,103
-150,99
-150,92
-150,104
-150,101
-150,105
-150,91
-150,94
-150,96
-150,93
-150,102
-149,104
-149,94
-149,105
-149,97
-149,100
-149,96
-149,98
-149,99
-149,101
-149,102
-149,103
-149,93
-149,92
-149,95
-149,91
-148,97
-148,105
-148,104
-148,96
-148,94
-148,99
-148,102
-148,95
-148,100
-148,101
-148,98
-148,103
-146,101
-147,98
-146,103
-146,95
-146,99
-146,98
-147,103
-146,94
-146,102
-147,94
-147,95
-147,96
-146,104
-147,101
-147,104
-147,97
-147,105
-147,102
-147,100
-146,100
-146,105
-147,99
-146,96
-146,97
-145,94
-144,104
-145,99
-144,97
-145,100
-144,105
-145,97
-145,104
-145,96
-144,98
-144,103
-145,101
-145,105
-144,94
-144,102
-145,98
-145,103
-144,100
-144,95
-144,99
-145,95
-145,102
-144,96
-144,101
-142,94
-143,94
-142,96
-143,95
-143,97
-142,104
-142,102
-142,103
-143,102
-143,100
-143,105
-143,96
-142,97
-143,104
-143,99
-143,101
-142,99
-142,100
-143,103
-142,95
-142,101
-143,98
-142,98
-142,105
-141,97
-141,100
-140,95
-141,103
-141,104
-141,105
-139,95
-141,101
-141,102
-140,96
-141,98
-141,99
-138,95
-139,94
-139,100
-141,95
-140,94
-138,94
-141,94
-141,96
-138,100
-140,103
-140,97
-140,102
-140,99
-140,104
-139,104
-139,97
-140,105
-139,105
-140,98
-139,99
-138,99
-139,103
-138,98
-139,98
-139,101
-139,102
-140,100
-140,101
-138,97
-139,96
-138,105
-138,104
-138,101
-138,103
-138,96
-138,102
-119,-43;-120,-43
-112,-41
-104,-95
-103,-4
-102,-98
-102,-99
-101,-99
-84,70
-98,81
-98,77
-98,76
-93,78
-93,70
-98,79
-100,70
-85,70
-98,78
-83,73
-91,70
-98,74
-98,71
-84,76
-84,75
-93,77
-93,75
-93,74
-87,73
-85,73
-101,-98
-99,70
-84,80
-93,76
-98,80
-98,73
-84,81
-84,79
-84,74
-84,71
-85,82
-98,70
-82,70
-89,73
-82,73
-96,70
-86,73
-88,70
-88,73
-101,70
-86,70
-98,72
-90,73
-83,70
-95,70
-87,70
-84,82
-84,77
-93,80
-92,70
-90,70
-98,75
-93,79
-89,70
-84,73
-84,72
-97,70
-94,70
-84,78
-93,81
-93,73
-92,73
-91,73
-86,66
-87,66
-86,65
-82,68
-93,67
-88,66
-86,67
-85,65
-82,65
-93,69
-92,66
-83,65
-91,71
-89,66
-90,66
-86,68
-85,68
-84,68
-93,68
-93,66
-91,66
-83,68
-93,71
-92,71
-84,65
-87,69
-90,57;-89,59;-90,59;-89,57;-90,58;-89,58;-88,58;-88,59;-88,57
-89,69
-92,67
-87,68
-92,69
-90,67
-90,68
-88,68
-90,69
-89,67
-89,68
-92,68
-87,67
-91,68
-91,69
-88,69
-91,67
-88,67
-75,104;-75,105
-89,-85;-88,-86;-87,-84;-87,-86;-89,-86;-87,-85;-89,-84;-88,-84;-88,-85
-88,-63;-88,-66;-88,-64;-89,-66;-89,-64;-88,-65;-89,-65;-89,-63
-80,105
-79,105
-85,-97
-78,104;-79,104;-79,103;-78,103
-75,-150;-75,-149;-74,-149;-74,-150
-75,-46
-73,-150;-73,-149;-72,-150;-72,-149
-71,-150;-71,-149;-70,-150;-70,-149
-71,116;-71,117
-69,-149;-69,-150;-68,-149;-68,-150
-62,125
-62,126
-56,18
-56,17
-56,16
-55,17
-54,17
-54,18
-55,18
-54,16
-55,16
-52,16
-53,16
-52,18
-52,17
-53,18
-53,17
-42,42
-39,-100
-35,130;-35,128;-35,127;-35,131;-35,126;-35,129;-33,127;-33,131;-34,131;-34,130;-34,127;-33,128;-34,129;-33,129;-34,128;-34,126;-33,126;-33,130;-31,126;-31,131;-30,130;-30,131;-31,128;-32,126;-32,129;-32,131;-32,130;-30,128;-32,127;-30,127;-30,129;-32,128;-30,126;-31,127;-31,129;-31,130
-26,-110
-8,0;-6,-9;-6,-8;-6,-2;-6,2;-5,7;-4,2;-4,7;-3,2;-3,3;-3,8;-3,9;-2,-7;-2,-2;-9,-9;-9,8;-7,-3;-6,1;-6,5;-6,6;-5,-9;-5,-5;-5,-4;-4,-8;-4,-2;-4,5;-9,-7;-8,2;-8,4;-7,-9;-6,-5;-6,0;-5,-7;-5,5;-5,9;-4,-1;-3,-6;-2,-1;-9,-6;-9,9;-8,9;-5,6;-9,4;-7,8;-5,2;-4,-5;-3,-5;-3,4;-2,-9;-8,-7;-7,6;-6,-4;-4,-3;-4,0;-3,-9;-9,1;-8,-2;-8,5;-8,8;-7,4;-6,-1;-3,0;-3,7;-9,-2;-9,-1;-9,5;-8,-1;-8,3;-8,6;-8,7;-5,-3;-2,-6;-9,-8;-7,-6;-6,-6;-5,4;-3,-7;-3,-1;-3,1;-9,-5;-6,8;-5,-1;-4,-7;-3,5;-9,-3;-8,-6;-8,-3;-7,-7;-7,1;-6,-3;-6,3;-5,-2;-5,1;-4,-6;-4,1;-3,-3;-3,6;-2,-4;-9,-4;-9,7;-8,1;-7,5;-6,4;-5,-8;-4,-9;-4,6;-4,8;-3,-8;-3,-4;-2,0;-9,3;-8,-5;-7,-8;-7,-5;-7,-1;-7,3;-7,7;-5,-6;-5,8;-3,-2;-8,-4;-7,-2;-7,2;-7,9;-6,9;-5,0;-4,-4;-4,9;-2,-5;-9,0;-9,2;-8,-9;-5,3;-2,-3;-9,6;-8,-8;-7,-4;-7,0;-6,-7;-6,7;-4,3;-4,4;-2,-8;-2,5;-1,-2;-1,1;-2,4;-2,3;0,2;1,8;2,-6;3,0;3,9;4,-1;7,2;8,8;9,7;10,-2;1,-7;1,5;2,-4;2,-1;3,-6;3,7;3,8;4,-8;4,0;6,-9;6,-5;6,-2;7,0;8,-9;10,-5;-1,-8;2,-3;2,2;3,-8;3,1;4,-2;4,7;5,-6;5,2;5,3;6,-7;6,0;6,4;6,9;7,-9;7,-2;8,4;9,-6;10,-1;10,5;-1,9;0,-4;2,-2;2,1;2,4;4,-7;5,-2;6,2;6,8;7,-1;8,0;9,-5;10,3;0,-7;1,-6;1,-4;5,0;9,2;10,4;-1,6;0,9;-1,-9;-1,7;0,8;2,3;3,-3;4,4;4,6;6,7;7,-6;7,-5;8,-8;8,7;9,-7;9,-3;10,-3;10,6;-1,-6;1,-8;1,-5;5,-7;5,-1;6,-4;6,-3;8,5;9,-1;9,9;10,-8;10,0;10,1;-1,-7;-1,4;0,-5;0,-3;1,9;2,0;4,-4;5,8;7,1;7,5;7,9;8,-2;8,6;9,-9;10,-9;10,-4;10,7;-1,3;0,4;0,5;1,1;2,-9;2,5;3,6;4,1;4,5;5,-3;5,5;6,-1;7,-7;7,8;8,-3;8,-1;9,-2;-1,0;-2,7;-1,2;0,-2;3,-4;3,-2;3,2;3,4;4,-3;5,-5;7,-3;9,3;10,9;-2,9;0,-8;1,2;2,-8;5,-9;5,7;7,3;7,6;-1,8;0,6;1,-1;1,0;2,-7;2,9;3,-9;4,-9;5,6;6,-6;6,5;6,6;7,-8;7,-4;7,7;8,-5;8,-4;8,3;9,0;9,4;10,8;-2,6;-1,-5;1,-3;1,4;2,6;4,-5;4,8;4,9;5,-4;5,9;6,3;7,4;8,-7;8,-6;10,2;-2,2;0,-9;0,-6;0,-1;0,3;1,-9;1,-2;1,3;1,7;2,7;2,8;3,-7;3,-1;4,-6;5,1;5,4;-2,1;-1,-3;-1,-1;-1,5;0,0;0,7;1,6;2,-5;3,-5;3,3;3,5;5,-8;6,1;8,1;9,5;9,8;10,-6;-2,8;-1,-4;0,1;4,2;4,3;6,-8;8,2;8,9;9,-8;9,-4;9,1;9,6;10,-7
7,111;5,105;6,110;5,107;4,111;5,106;5,108;5,109;7,105;7,107;4,107;6,106;6,107;4,108;6,108;6,109;6,111;5,111;7,108;7,109;7,110;5,110;4,110;4,106;7,106;4,109;6,105
13,-97
16,-94
40,-5
50,-88
61,-22
62,-121
65,-125
78,-105
79,-30
87,130;90,130;90,131;92,132;93,126;93,132;94,132;95,129;98,129;98,133;100,128;100,132;101,133;102,130;88,129;89,131;95,126;97,126;98,130;98,131;99,131;87,131;88,131;89,129;89,132;91,134;92,124;92,130;94,121;94,125;95,127;95,130;97,127;98,134;99,133;87,132;91,126;91,127;94,122;95,121;95,125;95,132;96,128;96,132;97,131;98,125;98,132;100,133;93,121;94,124;95,122;96,127;97,125;100,134;91,129;93,131;94,126;96,131;99,127;99,129;93,124;96,124;96,129;96,133;97,130;97,132;99,134;102,129;96,123;96,126;97,128;91,125;92,122;92,126;93,125;93,128;93,129;94,128;94,130;94,133;88,133;90,128;91,128;92,129;93,133;94,127;95,128;95,133;96,122;97,129;98,123;101,132;102,133;89,130;90,133;91,123;91,130;92,127;92,128;92,131;92,133;93,122;94,131;97,122;97,134;99,132;100,131;101,130;87,129;87,133;88,132;89,128;89,134;91,131;91,133;92,123;93,130;95,124;97,133;88,130;90,129;94,123;94,129;96,121;96,125;90,132;91,124;91,132;92,134;93,127;96,130;97,123;98,122;98,128;99,128;101,129;102,131;102,132;90,134;92,125;95,123;101,131;89,133;90,127;91,122;93,123;95,131;97,124;98,124;98,126;98,127;99,130;100,129;100,130
94,-33
95,-33
96,42
99,-131;99,-130;100,-130;100,-131
104,52;104,53
101,48
105,50;106,51;106,50;107,50;107,51