-149,126;-149,129;-149,130;-149,128;-149,127;-150,130;-150,126;-150,127;-150,128;-150,129
-141,-8
-137,-42
-127,-119;-129,-119;-127,-122;-131,-124;-128,-125;-130,-125;-124,-120;-125,-122;-127,-120;-125,-121;-130,-121;-130,-123;-129,-124;-124,-123;-126,-124;-127,-125;-131,-125;-126,-126;-129,-126;-128,-121;-130,-122;-125,-123;-124,-126;-127,-126;-124,-124;-126,-119;-126,-122;-125,-126;-126,-120;-128,-122;-127,-123;-130,-126;-130,-119;-131,-119;-131,-120;-124,-121;-129,-122;-126,-123;-129,-125;-131,-126;-128,-120;-129,-120;-127,-121;-124,-119;-130,-120;-125,-124;-127,-124;-130,-124;-128,-119;-125,-120;-124,-122;-129,-123;-128,-126;-126,-121;-131,-122;-128,-123;-131,-123;-124,-125;-126,-125;-125,-119;-129,-121;-131,-121;-128,-124;-125,-125;-118,-123;-120,-123;-123,-124;-116,-125;-119,-126;-116,-119;-118,-121;-116,-123;-118,-124;-122,-125;-117,-120;-121,-120;-117,-121;-117,-123;-118,-126;-119,-120;-123,-121;-120,-125;-123,-125;-118,-119;-121,-121;-116,-122;-119,-122;-123,-119;-122,-123;-121,-124;-120,-121;-122,-126;-118,-120;-120,-120;-116,-124;-122,-122;-121,-123;-123,-123;-119,-124;-120,-124;-118,-125;-120,-122;-121,-122;-117,-119;-116,-120;-119,-121;-123,-122;-122,-124;-117,-125;-119,-125;-116,-126;-123,-126;-120,-119;-116,-121;-122,-121;-119,-123;-121,-125;-122,-119;-118,-122;-117,-122;-117,-124;-117,-126;-120,-126;-123,-120;-119,-119;-121,-119;-122,-120;-121,-126
-128,9;-129,9;-129,10;-128,10
-127,-72;-126,-72
-128,-45
-125,-96
-123,25;-122,25
-122,26
-119,-43;-120,-43
-119,-104;-118,-103;-119,-103;-118,-104
-119,100;-119,99;-118,102;-118,101;-118,103;-118,104;-119,102;-119,101;-119,104;-119,103;-118,99;-118,100;-117,99;-117,104;-116,102;-116,104;-116,99;-116,103;-116,101;-117,103;-116,100;-117,100;-117,101;-117,102;-114,101;-114,104;-115,99;-115,102;-115,103;-114,99;-114,100;-114,102;-115,104;-114,103;-115,100;-115,101;-112,103;-113,103;-113,104;-112,101;-113,100;-112,99;-112,104;-112,102;-113,99;-112,100;-113,101;-113,102;-111,103;-111,101;-111,102;-111,104;-111,99;-111,100;-110,103;-110,99;-110,102;-110,100;-110,104;-110,101
-118,92;-118,91;-115,91;-117,91;-117,92;-116,92;-118,90;-115,90;-116,91;-117,90;-116,90;-115,92
-118,6;-117,6
-115,-16;-115,-15;-115,-18;-115,-19;-115,-17;-114,-15;-114,-18;-114,-16;-114,-19;-114,-17;-113,-15;-112,-16;-112,-15;-112,-17;-113,-16;-111,-17;-112,-18;-113,-19;-113,-17;-112,-19;-113,-18;-111,-19;-111,-18
-108,37;-108,35;-109,37;-107,35;-110,35;-110,36;-107,34;-108,34;-110,37;-107,37;-108,36;-109,36;-109,34;-110,34;-107,36;-109,35
-110,40
-107,38
-108,41
-110,39
-108,40
-110,41
-109,41
-109,39
-108,39
-108,38
-109,40
-109,38
-107,40
-107,39
-107,41
-110,38
-109,-7;-108,-7;-108,-8;-109,-8
-108,-5;-107,-5;-109,-6;-108,-4;-109,-4;-107,-4;-108,-6;-107,-6;-109,-5
-109,-95
-107,-94
-107,-17;-106,-19;-105,-19;-106,-18;-107,-19;-105,-17;-105,-18;-107,-18;-106,-17
-106,-94
-106,38;-106,39;-104,40;-104,41;-106,41;-103,38;-105,40;-106,40;-103,41;-103,39;-105,38;-104,39;-105,39;-105,41;-103,40;-104,38
-103,36;-106,34;-103,37;-105,37;-105,36;-106,35;-106,37;-105,35;-106,36;-104,34;-105,34;-104,37;-104,35;-104,36;-103,34;-103,35
-104,-142;-103,-142;-102,-147;-104,-145;-103,-143;-105,-146;-104,-143;-105,-145;-105,-144;-103,-144;-102,-146;-102,-143;-105,-147;-104,-144;-104,-146;-103,-145;-103,-146;-105,-143;-102,-145;-104,-147;-103,-147;-102,-144
-103,-21
-98,37;-98,34;-99,37;-97,39;-98,39;-99,38;-99,39;-99,34;-98,38;-98,35;-98,36;-99,36;-99,35;-97,38;-100,38;-100,37;-97,37;-100,39
-101,35;-100,35
-100,34;-101,34
-102,34
-98,59;-98,57;-97,59;-98,58;-99,57;-97,58;-99,60;-98,60;-99,59;-97,57;-99,58;-97,60;-96,57;-96,58;-96,59;-96,60
-84,7;-85,7;-84,8;-85,8
-77,1;-77,2;-78,2;-78,1
-89,-85;-88,-86;-87,-84;-87,-86;-89,-86;-87,-85;-89,-84;-88,-84;-88,-85
-86,49;-83,49;-85,47;-86,47;-86,48;-85,49;-84,47;-84,49;-86,50;-85,48;-83,47;-83,48;-84,48;-84,50;-83,50;-85,50
-82,84;-83,83;-82,85;-85,83;-85,86;-84,84;-82,86;-83,85;-82,83;-84,86;-84,83;-83,86;-85,85;-83,84;-84,85;-85,84
-79,-63
-75,-150;-75,-149;-74,-149;-74,-150
-73,-150;-73,-149;-72,-150;-72,-149
-71,-119;-70,-118;-70,-119;-71,-118;-69,-118;-69,-119
-71,-66
-71,-71
-69,-70
-68,-62
-68,-64
-70,-71
-69,-52
-68,-52
-71,-53
-71,-65
-71,-70
-69,-59
-69,-60
-68,-63
-68,-67
-67,-71
-66,-52
-71,-57
-71,-59
-70,-54
-70,-64
-70,-67
-68,-68
-71,-150;-71,-149;-70,-150;-70,-149
-71,-55
-70,-68
-67,-53
-71,-52
-71,-60
-70,-66
-69,-61
-69,-62
-69,-63
-68,-65
-68,-66
-67,-61
-71,-64
-70,-52
-70,-56
-70,-65
-70,-69
-69,-66
-69,-69
-68,-60
-68,-61
-67,-68
-70,-61
-69,-71
-67,-52
-71,-69
-70,-55
-69,-53
-67,-69
-67,-70
-71,-54
-71,-58
-71,-61
-71,-62
-70,-62
-68,-53
-67,-59
-67,-60
-71,-56
-70,-58
-69,-64
-68,-70
-71,-68
-68,-71
-67,-65
-70,-57
-70,-59
-70,-60
-70,-70
-68,-59
-67,-62
-67,-64
-71,-63
-70,-53
-69,-68
-67,-63
-71,-67
-70,-63
-69,-65
-69,-67
-68,-69
-66,-59
-66,-62
-65,-70
-66,-53
-66,-63
-64,-63
-64,-69
-63,-71
-60,-61
-57,-58;-59,-58;-59,-57;-57,-59;-59,-59;-57,-57;-60,-58;-56,-57;-60,-59;-58,-58;-60,-56;-58,-59;-57,-56;-59,-56;-58,-57;-60,-57;-58,-56;-56,-58;-56,-59;-56,-56
-57,-64
-53,-58
-53,-62
-53,-66
-59,-60
-58,-63
-57,-61
-53,-60
-66,-60
-65,-59
-64,-52
-64,-59
-62,-60
-62,-62
-60,-66
-59,-55
-59,-68
-58,-64
-57,-63
-56,-71
-54,-52
-54,-53
-54,-59
-52,-54
-52,-66
-65,-53
-62,-65
-62,-68
-61,-57
-60,-67
-58,-55
-58,-71
-55,-62
-53,-53
-52,-53
-52,-56
-52,-59
-66,-71
-62,-59
-62,-66
-61,-62
-61,-70
-60,-54
-59,-52
-59,-70
-56,-62
-54,-57
-54,-64
-54,-71
-53,-61
-64,-53
-65,-60
-66,-69
-63,-52
-63,-66
-62,-63
-61,-55
-61,-65
-54,-61
-53,-57
-53,-68
-52,-65
-65,-62
-65,-63
-64,-70
-62,-61
-61,-54
-61,-58
-60,-60
-60,-62
-59,-66
-57,-52
-57,-54
-52,-58
-52,-67
-65,-71
-65,-66
-65,-69
-64,-62
-63,-53
-63,-61
-63,-64
-62,-69
-62,-71
-61,-71
-60,-64
-59,-63
-59,-65
-57,-55
-55,-58
-54,-63
-53,-69
-52,-61
-65,-52
-64,-60
-64,-68
-63,-62
-63,-70
-62,-53
-62,-67
-60,-71
-58,-70
-56,-63
-55,-70
-53,-54
-53,-59
-52,-55
-52,-60
-65,-65
-64,-61
-61,-52
-61,-56
-60,-70
-59,-54
-57,-62
-56,-52
-52,-52
-52,-63
-52,-64
-52,-69
-66,-64
-65,-67
-63,-65
-62,-64
-61,-66
-61,-68
-59,-62
-59,-69
-59,-71
-58,-61
-57,-71
-55,-53
-55,-63
-54,-58
-53,-56
-53,-64
-65,-64
-62,-52
-61,-67
-61,-69
-59,-64
-58,-60
-58,-62
-57,-60
-55,-71
-53,-70
-53,-71
-66,-61
-66,-68
-66,-70
-64,-71
-63,-59
-63,-69
-61,-60
-61,-61
-60,-65
-60,-68
-59,-53
-59,-61
-59,-67
-58,-52
-56,-53
-56,-64
-54,-70
-53,-52
-53,-65
-52,-62
-65,-68
-61,-53
-60,-52
-60,-53
-58,-53
-57,-53
-55,-57
-53,-55
-52,-57
-52,-71
-66,-65
-65,-61
-64,-64
-64,-65
-64,-67
-63,-63
-63,-67
-61,-59
-61,-64
-60,-63
-60,-69
-54,-62
-53,-63
-52,-68
-64,-66
-63,-60
-63,-68
-62,-70
-61,-63
-60,-55
-58,-54
-57,-70
-56,-70
-55,-52
-55,-64
-54,-60
-53,-67
-52,-70
-54,64;-53,64;-53,66;-52,65;-53,65;-54,66;-52,64;-52,66;-54,65
-69,-149;-69,-150;-68,-149;-68,-150
-64,117;-65,117
-61,-32
-61,126;-60,126;-61,125;-60,125
-56,-60
-56,126
-56,-61
-55,-61
-54,-55
-54,-56
-55,-54
-55,-55
-54,-54
-55,-60
-55,-56
-56,-54
-56,125
-55,-59
-56,-55
-54,127;-54,128;-53,127;-53,128
-55,126
-55,125
-51,123
-49,15
-50,149;-49,149
-40,102;-39,103;-39,104;-42,103;-43,102;-40,103;-42,104;-39,102;-41,104;-38,104;-42,102;-41,102;-43,104;-43,103;-40,104;-38,103;-41,103
-43,6
-36,-6
-29,108;-29,109;-28,108;-29,106;-28,107;-28,106;-29,107;-28,109;-29,110;-28,110;-27,108;-26,106;-27,109;-27,110;-27,106;-26,108;-27,107;-25,110;-26,107;-26,109;-24,110;-25,109;-26,110;-24,109;-25,106;-24,107;-24,106;-25,108;-24,108;-25,107
-32,-6
-32,-53
-28,57;-26,58;-25,57;-27,56;-25,60;-29,60;-28,61;-28,62;-26,62;-25,62;-29,61;-28,58;-28,59;-28,60;-27,57;-29,57;-26,56;-29,55;-29,56;-26,59;-28,55;-27,58;-27,59;-27,61;-27,62;-26,57;-29,58;-29,62;-27,60;-26,55;-25,59;-28,56;-26,60;-25,58;-26,61;-25,55;-25,61;-29,59;-27,55;-25,56
-31,140;-32,140
-27,19;-27,20;-25,19;-26,20;-26,19;-23,20;-24,20;-24,19;-23,19;-22,19;-25,20;-22,20;-21,19
-27,144;-28,144
-23,109;-23,110;-23,107;-22,108;-22,107;-23,106;-23,108;-22,106;-22,109;-22,110;-21,106;-21,110;-21,108;-21,109;-21,107;-19,107;-20,106;-20,108;-20,110;-19,109;-19,106;-19,110;-20,109;-19,108;-20,107;-18,107;-18,109;-18,106;-18,108;-18,110
-26,27;-27,28;-27,27;-26,28
-26,-125
-25,14
-19,-112;-21,-112;-19,-111;-19,-110;-20,-112;-21,-111;-20,-111;-21,-110;-20,-110
-20,26;-19,26;-20,27;-19,27
-19,145;-19,144;-19,150;-19,148;-19,147;-19,149;-19,143;-19,146;-18,144;-18,143;-18,145;-18,147;-18,146;-18,150;-18,148;-17,149;-17,143;-17,145;-17,148;-17,150;-17,147;-17,146;-17,144;-18,149;-15,147;-13,147;-13,148;-13,146;-14,148;-13,150;-15,148;-14,147;-14,146;-16,145;-12,147;-12,146;-14,150;-16,146;-16,150;-16,149;-15,146;-16,143;-15,150;-15,149;-14,149;-13,149;-16,144;-12,149;-16,147;-12,150;-16,148;-12,148;-15,145;-14,144;-15,144;-15,143;-14,145;-14,143;-13,144;-12,143;-12,145;-12,144;-13,145;-13,143
-19,23
-17,-127
-12,77;-13,76;-14,76;-12,76;-13,78;-14,77;-13,77;-12,78;-14,78
-14,33;-14,34
-9,-85;-9,-81;-9,-77;-7,-91;-7,-90;-7,-85;-9,-89;-9,-80;-9,-76;-8,-89;-8,-75;-9,-91;-9,-90;-9,-84;-8,-73;-7,-82;-6,-87;-9,-74;-8,-91;-8,-88;-7,-78;-7,-77;-6,-86;-8,-90;-8,-72;-7,-73;-9,-75;-7,-87;-9,-73;-7,-84;-7,-83;-7,-76;-6,-81;-8,-86;-8,-85;-8,-80;-6,-88;-6,-83;-6,-79;-9,-86;-9,-78;-8,-82;-8,-77;-7,-88;-7,-74;-7,-86;-7,-79;-7,-75;-9,-82;-9,-79;-7,-72;-9,-88;-9,-83;-8,-81;-8,-78;-6,-91;-6,-82;-8,-84;-8,-79;-8,-74;-7,-89;-7,-81;-7,-80;-9,-72;-6,-90;-6,-89;-6,-85;-9,-87;-8,-87;-8,-83;-8,-76;-6,-84;-6,-80;-6,-78;-6,-77;-6,-75;-5,-87;-6,-74;-5,-82;-4,-82;-4,-81;-4,-78;-3,-85;-2,-77;-1,-79;0,-86;1,-91;2,-72;3,-80;5,-73;6,-82;6,-73;7,-76;8,-89;9,-86;9,-82;10,-72;-6,-76;-5,-84;-5,-79;-5,-76;-4,-84;-3,-74;-2,-91;-2,-87;-2,-86;-1,-90;-1,-86;-1,-77;-1,-73;0,-85;1,-80;1,-76;2,-91;3,-79;3,-76;3,-72;4,-90;4,-78;4,-77;4,-75;5,-89;5,-84;7,-75;7,-73;8,-73;9,-91;10,-80;-5,-88;-3,-84;0,-81;0,-80;0,-74;1,-89;1,-73;2,-83;3,-86;3,-82;4,-88;7,-81;8,-85;9,-79;-5,-86;-4,-89;-4,-80;0,-87;1,-87;5,-91;5,-87;5,-86;5,-74;6,-89;6,-86;6,-84;6,-75;7,-86;7,-79;8,-75;10,-85;10,-74;-6,-73;-5,-91;-5,-72;-4,-76;-2,-82;-1,-87;-1,-80;0,-90;0,-79;0,-77;1,-88;1,-77;2,-87;2,-74;4,-89;5,-82;6,-87;6,-80;6,-77;7,-89;7,-83;8,-83;9,-73;10,-90;-5,-90;-5,-81;-3,-78;0,-73;1,-86;1,-83;3,-77;4,-74;4,-72;6,-74;7,-84;8,-91;8,-78;10,-79;10,-77;-3,-90;-2,-83;-2,-81;-1,-83;3,-84;5,-85;5,-80;5,-79;5,-78;6,-72;8,-77;9,-83;9,-78;-4,-86;-6,-72;-4,-77;-4,-73;-4,-72;-3,-80;-2,-85;-2,-79;-2,-76;-2,-75;-2,-73;-1,-89;0,-89;2,-88;2,-84;2,-77;2,-76;3,-75;4,-86;4,-84;4,-76;6,-76;7,-87;8,-80;8,-79;8,-76;9,-84;9,-75;10,-89;-5,-89;-5,-75;-5,-77;-5,-85;-5,-83;-4,-83;-4,-79;-3,-82;-3,-75;-2,-78;-1,-91;2,-89;2,-78;3,-85;3,-78;4,-82;4,-81;6,-79;7,-90;7,-80;8,-72;10,-84;10,-82;-3,-91;-4,-88;-4,-87;-4,-74;-3,-83;-3,-79;-3,-77;-2,-90;-1,-75;0,-75;0,-72;1,-82;1,-74;3,-90;3,-88;3,-74;4,-87;4,-80;5,-90;5,-81;5,-75;5,-72;6,-91;8,-81;9,-85;-1,-88;-1,-85;-1,-74;0,-82;1,-84;4,-83;6,-88;8,-87;10,-75;10,-73;-4,-85;-3,-88;-3,-87;-3,-81;-3,-72;-1,-84;-1,-82;-1,-72;1,-81;1,-75;2,-86;2,-73;3,-89;6,-90;6,-81;7,-88;7,-72;-5,-78;-3,-73;-2,-72;-1,-81;-1,-78;0,-83;0,-76;1,-79;2,-79;3,-83;3,-73;5,-76;6,-85;7,-91;7,-78;8,-74;9,-87;9,-80;10,-87;-4,-90;-2,-88;0,-84;0,-78;1,-85;5,-88;6,-78;7,-82;7,-77;7,-74;8,-88;8,-84;10,-78;-5,-80;-5,-73;-5,-74;-4,-75;-3,-89;-3,-86;-2,-89;1,-90;1,-72;2,-82;2,-80;2,-75;3,-87;4,-85;4,-79;4,-73;5,-83;5,-77;7,-85;8,-86;8,-82;9,-90;9,-89;9,-88;9,-81;10,-88;10,-86;10,-76;-4,-91;-3,-76;-2,-84;-2,-80;-2,-74;-1,-76;0,-91;0,-88;1,-78;2,-90;2,-85;2,-81;3,-91;3,-81;4,-91;6,-83;8,-90;9,-77;9,-76;9,-74;9,-72;10,-91;10,-83;10,-81
-8,-119;-7,-120;-8,-120;-7,-119
-7,-110
-8,-55
-4,-128;-5,-128;-5,-127;-4,-127
-2,-122
2,16;5,17;4,18;4,16;5,18;2,18;2,17;3,17;3,18;3,16;5,16;4,17
7,-47;6,-47
15,78;16,75;17,83;17,81;21,81;21,80;22,83;13,78;13,76;14,78;17,85;19,85;22,85;15,85;15,82;17,79;17,78;18,80;19,75;22,84;22,80;22,77;22,76;13,80;14,83;14,79;15,77;16,85;16,78;17,75;19,83;19,82;20,84;20,76;21,82;21,77;15,80;16,83;16,79;18,81;18,78;19,76;21,85;21,75;14,85;14,84;19,78;21,76;13,84;13,79;13,75;14,80;15,83;15,81;16,82;16,77;18,75;15,84;18,76;20,81;20,75;13,83;16,84;16,80;16,76;17,77;18,85;18,77;19,84;19,77;20,79;21,84;21,79;22,82;15,76;17,82;18,82;18,79;20,77;13,82;13,81;14,82;15,79;20,82;21,83;14,76;14,75;18,83;22,79;22,78;19,81;21,78;15,75;16,81;14,81;14,77;17,84;18,84;19,79;20,85;20,83;20,80;22,81;22,75;13,85;13,77;17,80;17,76;19,80;20,78
15,-143
22,-7;22,-8;23,-8;23,-7
22,-118;23,-118
24,78;26,80;25,76;26,77;24,79;27,81;23,79;23,76;27,82;24,81;25,78;25,79;25,75;26,81;26,75;27,79;28,80;23,82;23,75;25,80;24,75;27,78;27,76;23,77;24,77;26,76;24,82;25,81;25,77;28,79;23,80;24,80;25,82;27,75;28,82;23,81;26,79;26,78;27,77;28,81;26,82;28,78;23,78;24,76;27,80
24,-32
25,-121
26,-143
30,-139
30,-111;30,-112
31,79
32,-20
36,81;36,80;35,81;35,80
36,-31
39,-62
38,103
42,47;43,48;42,49;40,47;41,48;41,47;41,49;43,49;40,49;43,47;40,48;42,48
41,10;40,10;40,11;41,11;41,9;40,9;42,10;42,11;42,9
44,140;45,140;44,141;45,141
50,74
54,-20
60,-136
63,-1
65,-126;64,-127;65,-127;64,-126
76,-106
76,-105
78,-105
82,-142;83,-144;81,-141;83,-143;82,-144;81,-144;84,-143;85,-142;82,-143;81,-143;83,-142;84,-144;85,-143;83,-141;85,-141;81,-142;82,-141;85,-144;84,-141;84,-142
95,-76;105,-76;89,-77;91,-79;92,-80;97,-80;98,-80;105,-80;102,-81;97,-82;91,-84;90,-76;90,-78;102,-78;95,-79;101,-79;105,-79;102,-82;96,-83;93,-84;103,-84;104,-84;106,-84;99,-76;103,-76;103,-78;96,-82;105,-82;90,-83;92,-83;97,-84;102,-84;95,-77;99,-78;100,-78;106,-79;89,-80;93,-81;89,-82;103,-83;94,-84;89,-76;104,-76;102,-77;99,-80;100,-82;101,-82;106,-82;91,-83;95,-83;98,-83;101,-83;89,-84;93,-76;106,-76;94,-77;97,-77;103,-77;100,-80;102,-80;106,-80;96,-81;100,-81;101,-81;105,-84;98,-78;102,-79;103,-79;90,-80;99,-81;106,-83;96,-76;100,-76;101,-76;91,-77;92,-78;90,-79;93,-80;90,-82;99,-82;93,-83;96,-84;100,-77;104,-77;101,-78;94,-79;104,-80;104,-82;94,-83;90,-77;96,-77;94,-78;96,-78;97,-78;89,-79;96,-80;103,-80;93,-82;95,-82;103,-82;100,-83;90,-84;91,-76;102,-76;99,-77;101,-77;104,-81;106,-81;94,-76;98,-77;105,-77;89,-78;92,-79;94,-80;101,-80;92,-81;94,-81;98,-81;103,-81;101,-84;97,-76;91,-78;98,-79;104,-79;91,-81;95,-81;105,-81;91,-82;92,-82;97,-83;102,-83;92,-84;99,-84;98,-76;97,-79;100,-79;95,-80;90,-81;94,-82;89,-83;99,-83;104,-83;98,-84;92,-76;93,-77;106,-77;93,-78;95,-78;106,-78;93,-79;89,-81;97,-81;105,-83;100,-84;92,-77;104,-78;105,-78;96,-79;99,-79;91,-80;98,-82;95,-84
98,100;97,101;98,98;98,101;96,99;96,101;95,99;97,99;96,98;95,100;96,100;97,98;98,99;95,101;95,98;97,100
101,84;103,83;102,86;101,85;102,84;100,85;101,83;103,86;100,83;100,84;100,86;103,85;101,86;102,85;102,83;103,84
99,-131;99,-130;100,-130;100,-131
102,-121;102,-122;102,-120;102,-119;102,-118;103,-122;104,-122;103,-119;104,-121;104,-119;103,-118;104,-120;104,-118;103,-121;103,-120;106,-118;106,-120;105,-121;106,-121;105,-120;106,-122;105,-122;105,-119;105,-118;106,-119
101,-101
105,-129;105,-128
109,-103;109,-102;110,-103;110,-102
116,-26;118,-25;118,-26;121,-26;120,-25;120,-27;117,-26;117,-27;119,-27;120,-26;117,-25;119,-25;121,-27;119,-26;118,-27;121,-25
119,-100
120,-22;120,-23;119,-23;119,-22
124,46;124,48;124,53;124,50;124,47;125,44;124,42;124,45;124,51;124,43;125,48;125,51;125,54;124,44;124,49;125,43;125,45;125,52;125,42;124,52;125,49;124,54;125,46;124,55;125,41;125,53;125,47;125,50;125,55;126,51;127,45;128,48;128,50;131,45;131,50;127,53;126,43;130,47;130,49;126,55;130,45;132,44;127,44;127,49;129,49;128,46;131,44;131,47;132,45;132,47;130,46;126,45;126,48;130,50;131,49;126,54;127,52;127,54;126,47;126,44;126,46;127,41;127,43;132,49;127,48;131,46;131,48;132,46;132,50;127,51;127,46;128,44;128,47;126,41;129,47;129,48;126,53;127,50;128,49;129,45;126,49;127,47;129,44;130,44;132,48;126,42;126,50;129,46;130,48;127,42;128,45;129,50;126,52;127,55;129,43;129,51;129,55;128,52;129,52;128,54;128,41;128,43;129,54;128,51;128,53;128,42;128,55;129,42;129,53;129,41;131,52;131,53;132,42;130,52;131,42;132,52;131,41;130,51;130,53;131,43;132,51;132,55;130,42;130,55;132,54;130,43;131,51;132,43;132,53;131,55;130,41;130,54;131,54;132,41;133,50;133,44;133,46;133,48;133,49;133,43;133,51;133,41;133,47;133,52;133,42;133,55;133,53;133,54;133,45
129,-9
135,-23
136,-130
137,-2;138,-3;137,-3;138,-2
137,-22;138,-23;137,-23;138,-22
138,1;138,2;139,2;139,1
142,-145;142,-146;143,-144;142,-144;143,-146;143,-145
144,-88
147,61;147,62;147,63;148,60;149,65;145,65;146,61;145,64;148,61;149,63;145,62;147,60;145,60;146,65;149,64;147,65;149,61;148,63;149,60;146,60;147,64;145,63;145,61;146,62;148,62;148,64;146,64;148,65;149,62;146,63
145,-53;146,-53
147,-27
149,-70
150,72;150,67;150,73;151,72;152,70;157,65;157,67;152,72;153,72;154,66;155,70;155,71;155,72;156,63;156,65;157,72;158,64;158,70;160,67;160,70;151,71;153,63;153,67;155,64;151,63;158,73;159,72;160,64;160,68;150,63;150,71;151,64;158,63;159,66;160,73;150,68;152,68;154,64;154,73;156,70;158,71;159,64;159,65;160,69;150,65;151,66;152,67;153,65;154,72;157,63;159,67;160,63;151,70;152,64;153,69;157,68;158,67;159,69;150,64;154,65;154,69;155,66;155,67;156,72;158,69;159,70;160,65;151,67;154,63;154,68;152,63;152,71;153,64;155,65;156,69;157,69;158,66;159,71;160,66;150,69;151,68;152,73;153,66;153,73;155,63;155,68;156,67;156,68;158,72;160,71;150,70;153,68;155,73;156,73;158,65;159,63;151,65;154,67;154,70;155,69;157,64;157,73;150,66;151,69;152,65;152,69;153,70;154,71;156,64;156,66;157,70;159,68;159,73;160,72;151,73;152,66;153,71;156,71;157,66;157,71;158,68