-150,-143
-131,-21
-128,89;-128,90
-116,132;-121,134;-115,135;-122,135;-119,132;-117,134;-120,134;-119,137;-118,132;-120,132;-117,135;-120,136;-117,132;-121,133;-124,134;-119,136;-122,137;-118,133;-122,134;-117,136;-122,132;-123,132;-117,133;-123,133;-119,135;-116,134;-118,134;-117,137;-121,137;-121,132;-115,132;-116,133;-124,135;-118,136;-119,133;-122,133;-124,133;-122,136;-120,137;-120,133;-121,135;-123,134;-124,132;-115,134;-120,135;-121,136;-118,137;-118,135;-119,134;-123,135;-115,133;-116,135
-123,26;-122,26
-119,-45
-120,-45
-118,6;-117,6
-118,84;-118,83;-117,84;-116,83;-117,83;-116,84
-109,-32
-110,35
-109,34
-110,34
-109,35
-107,-94
-103,-98
-102,-97;-103,-97
-98,37;-98,34;-99,37;-97,39;-98,39;-99,38;-99,39;-99,34;-98,38;-98,35;-98,36;-99,36;-99,35;-97,38;-100,38;-100,37;-97,37;-100,39
-100,36
-101,40;-99,40;-97,40;-100,40;-96,40;-98,40
-101,38;-101,36;-101,37;-101,39
-102,40
-102,39
-97,36;-97,35;-97,34
-96,37;-96,39;-96,38
-98,41
-102,41;-101,41
-99,41;-100,41
-102,38
-95,41
-102,37;-102,36
-98,-94;-99,-94
-96,112;-93,112;-96,111;-94,111;-92,111;-95,111;-95,110;-92,112;-93,111;-95,112;-94,110;-93,110;-92,110;-94,112;-96,110;-93,108;-95,108;-94,108;-92,109;-94,109;-93,109;-96,109;-95,109;-96,108;-92,108
-90,57;-89,59;-91,58;-91,59;-90,59;-89,57;-91,57;-90,58;-89,58
-89,-85;-88,-86;-87,-84;-87,-86;-89,-86;-87,-85;-89,-84;-88,-84;-88,-85
-75,-150;-75,-149;-74,-149;-74,-150
-73,-150;-73,-149;-72,-150;-72,-149
-71,-150;-71,-149;-70,-150;-70,-149
-64,-69;-63,-71;-59,-68;-62,-68;-61,-70;-59,-70;-64,-70;-62,-69;-62,-71;-61,-71;-64,-68;-63,-70;-60,-71;-60,-70;-61,-68;-59,-69;-59,-71;-61,-69;-64,-71;-63,-69;-60,-68;-60,-69;-63,-68;-62,-70
-67,60;-66,59;-66,60;-67,59
-70,65;-70,64;-69,64;-69,65
-55,56;-56,56;-54,55;-53,52;-53,56;-56,53;-54,53;-53,55;-52,53;-56,54;-53,54;-52,55;-52,52;-53,53;-54,52;-56,55;-55,52;-55,55;-55,53;-54,54;-54,56;-52,54;-52,56;-56,52;-55,54
-70,-107
-71,116;-71,117
-69,-149;-69,-150;-68,-149;-68,-150
-61,82;-62,79;-60,79;-62,82;-62,81;-60,82;-60,80;-61,80;-60,81;-61,81;-61,79;-62,80
-60,-31
-50,92;-50,91;-51,92;-51,91
-43,-132;-42,-132;-43,-133;-42,-133;-43,-134;-42,-138;-42,-136;-42,-135;-42,-131;-43,-138;-43,-137;-43,-136;-43,-135;-42,-137;-42,-134;-43,-131;-41,-134;-40,-132;-39,-133;-41,-138;-41,-136;-41,-135;-41,-133;-40,-136;-40,-138;-40,-135;-40,-134;-41,-137;-40,-137;-40,-131;-39,-132;-41,-132;-41,-131;-40,-133;-39,-137;-39,-135;-39,-136;-39,-138;-39,-131;-39,-134;-38,-136;-37,-138;-37,-136;-36,-133;-38,-133;-38,-132;-37,-137;-37,-135;-37,-133;-38,-138;-38,-131;-37,-132;-38,-135;-37,-131;-38,-137;-37,-134;-36,-132;-38,-134;-36,-136;-36,-135;-36,-134;-36,-138;-36,-137;-36,-131
-39,-3;-38,-3;-37,-3;-36,-3
-39,-100
-25,92;-24,92;-24,89;-24,90;-24,91;-25,91;-23,88;-23,89;-26,88;-25,90;-26,90;-26,92;-26,91;-25,88;-23,90;-23,92;-26,89;-25,89;-23,91;-24,88
-22,37
-23,69;-23,70
-20,84;-14,90;-12,84;-19,84;-18,84;-18,85;-17,91;-15,85;-15,86;-15,88;-13,89;-12,87;-20,88;-18,92;-17,85;-17,86;-16,84;-16,91;-13,84;-12,90;-21,83;-19,85;-18,86;-16,85;-16,87;-15,84;-12,91;-21,91;-21,92;-19,90;-18,83;-18,89;-12,86;-12,89;-21,85;-20,85;-20,87;-20,89;-20,92;-19,83;-18,91;-16,86;-15,90;-14,91;-21,86;-20,83;-20,86;-20,91;-15,87;-18,88;-17,88;-15,83;-14,84;-14,92;-15,91;-15,89;-13,83;-12,85;-12,88;-20,90;-17,87;-16,88;-14,83;-14,87;-14,86;-13,85;-17,83;-16,90;-13,90;-19,91;-17,89;-16,83;-13,86;-13,92;-21,88;-21,90;-19,87;-19,92;-17,84;-17,90;-17,92;-16,92;-15,92;-14,85;-13,87;-13,91;-12,92;-21,84;-21,87;-21,89;-19,86;-19,88;-19,89;-18,87;-18,90;-16,89;-14,88;-14,89;-13,88;-12,83
-20,-127;-20,-126;-20,-130;-20,-129;-19,-125;-20,-128;-19,-130;-19,-129;-19,-122;-19,-123;-20,-122;-19,-127;-20,-123;-20,-125;-19,-126;-19,-124;-19,-128;-20,-124
-17,-131
-9,-85;-9,-81;-9,-77;-7,-91;-7,-90;-7,-85;-9,-89;-9,-80;-9,-76;-8,-89;-8,-75;-9,-91;-9,-90;-9,-84;-8,-73;-7,-82;-6,-87;-9,-74;-8,-91;-8,-88;-7,-78;-7,-77;-6,-86;-8,-90;-8,-72;-7,-73;-9,-75;-7,-87;-9,-73;-7,-84;-7,-83;-7,-76;-6,-81;-8,-86;-8,-85;-8,-80;-6,-88;-6,-83;-6,-79;-9,-86;-9,-78;-8,-82;-8,-77;-7,-88;-7,-74;-7,-86;-7,-79;-7,-75;-9,-82;-9,-79;-7,-72;-9,-88;-9,-83;-8,-81;-8,-78;-6,-91;-6,-82;-8,-84;-8,-79;-8,-74;-7,-89;-7,-81;-7,-80;-9,-72;-6,-90;-6,-89;-6,-85;-9,-87;-8,-87;-8,-83;-8,-76;-6,-84;-6,-80;-6,-78;-6,-77;-6,-75;-5,-87;-6,-74;-5,-82;-4,-82;-4,-81;-4,-78;-3,-85;-2,-77;-1,-79;0,-86;1,-91;2,-72;3,-80;5,-73;6,-82;6,-73;7,-76;8,-89;9,-86;9,-82;10,-72;-6,-76;-5,-84;-5,-79;-5,-76;-4,-84;-3,-74;-2,-91;-2,-87;-2,-86;-1,-90;-1,-86;-1,-77;-1,-73;0,-85;1,-80;1,-76;2,-91;3,-79;3,-76;3,-72;4,-90;4,-78;4,-77;4,-75;5,-89;5,-84;7,-75;7,-73;8,-73;9,-91;10,-80;-5,-88;-3,-84;0,-81;0,-80;0,-74;1,-89;1,-73;2,-83;3,-86;3,-82;4,-88;7,-81;8,-85;9,-79;-5,-86;-4,-89;-4,-80;0,-87;1,-87;5,-91;5,-87;5,-86;5,-74;6,-89;6,-86;6,-84;6,-75;7,-86;7,-79;8,-75;10,-85;10,-74;-6,-73;-5,-91;-5,-72;-4,-76;-2,-82;-1,-87;-1,-80;0,-90;0,-79;0,-77;1,-88;1,-77;2,-87;2,-74;4,-89;5,-82;6,-87;6,-80;6,-77;7,-89;7,-83;8,-83;9,-73;10,-90;-5,-90;-5,-81;-3,-78;0,-73;1,-86;1,-83;3,-77;4,-74;4,-72;6,-74;7,-84;8,-91;8,-78;10,-79;10,-77;-3,-90;-2,-83;-2,-81;-1,-83;3,-84;5,-85;5,-80;5,-79;5,-78;6,-72;8,-77;9,-83;9,-78;-4,-86;-6,-72;-4,-77;-4,-73;-4,-72;-3,-80;-2,-85;-2,-79;-2,-76;-2,-75;-2,-73;-1,-89;0,-89;2,-88;2,-84;2,-77;2,-76;3,-75;4,-86;4,-84;4,-76;6,-76;7,-87;8,-80;8,-79;8,-76;9,-84;9,-75;10,-89;-5,-89;-5,-75;-5,-77;-5,-85;-5,-83;-4,-83;-4,-79;-3,-82;-3,-75;-2,-78;-1,-91;2,-89;2,-78;3,-85;3,-78;4,-82;4,-81;6,-79;7,-90;7,-80;8,-72;10,-84;10,-82;-3,-91;-4,-88;-4,-87;-4,-74;-3,-83;-3,-79;-3,-77;-2,-90;-1,-75;0,-75;0,-72;1,-82;1,-74;3,-90;3,-88;3,-74;4,-87;4,-80;5,-90;5,-81;5,-75;5,-72;6,-91;8,-81;9,-85;-1,-88;-1,-85;-1,-74;0,-82;1,-84;4,-83;6,-88;8,-87;10,-75;10,-73;-4,-85;-3,-88;-3,-87;-3,-81;-3,-72;-1,-84;-1,-82;-1,-72;1,-81;1,-75;2,-86;2,-73;3,-89;6,-90;6,-81;7,-88;7,-72;-5,-78;-3,-73;-2,-72;-1,-81;-1,-78;0,-83;0,-76;1,-79;2,-79;3,-83;3,-73;5,-76;6,-85;7,-91;7,-78;8,-74;9,-87;9,-80;10,-87;-4,-90;-2,-88;0,-84;0,-78;1,-85;5,-88;6,-78;7,-82;7,-77;7,-74;8,-88;8,-84;10,-78;-5,-80;-5,-73;-5,-74;-4,-75;-3,-89;-3,-86;-2,-89;1,-90;1,-72;2,-82;2,-80;2,-75;3,-87;4,-85;4,-79;4,-73;5,-83;5,-77;7,-85;8,-86;8,-82;9,-90;9,-89;9,-88;9,-81;10,-88;10,-86;10,-76;-4,-91;-3,-76;-2,-84;-2,-80;-2,-74;-1,-76;0,-91;0,-88;1,-78;2,-90;2,-85;2,-81;3,-91;3,-81;4,-91;6,-83;8,-90;9,-77;9,-76;9,-74;9,-72;10,-91;10,-83;10,-81
-8,-119;-7,-120;-8,-120;-7,-119
-3,-105
3,-54;2,-54
2,70;2,68;3,70;2,69;3,69;4,70;3,68;4,68;4,69
2,-40
11,102;9,100;6,100;7,104;8,104;10,104;11,101;5,101;5,102;6,103;6,104;10,103;7,102;11,100;11,104;5,104;5,103;8,102;9,103;10,101;7,100;9,104;7,103;9,101;10,102;9,102;6,101;6,102;7,101;8,101;5,100;8,103;11,103;8,100;10,100
5,117;6,117;6,118;5,118
7,-47;6,-47
15,78;16,75;17,83;17,81;21,81;21,80;22,83;13,78;13,76;14,78;17,85;19,85;22,85;15,85;15,82;17,79;17,78;18,80;19,75;22,84;22,80;22,77;22,76;13,80;14,83;14,79;15,77;16,85;16,78;17,75;19,83;19,82;20,84;20,76;21,82;21,77;15,80;16,83;16,79;18,81;18,78;19,76;21,85;21,75;14,85;14,84;19,78;21,76;13,84;13,79;13,75;14,80;15,83;15,81;16,82;16,77;18,75;15,84;18,76;20,81;20,75;13,83;16,84;16,80;16,76;17,77;18,85;18,77;19,84;19,77;20,79;21,84;21,79;22,82;15,76;17,82;18,82;18,79;20,77;13,82;13,81;14,82;15,79;20,82;21,83;14,76;14,75;18,83;22,79;22,78;19,81;21,78;15,75;16,81;14,81;14,77;17,84;18,84;19,79;20,85;20,83;20,80;22,81;22,75;13,85;13,77;17,80;17,76;19,80;20,78
43,-109;43,-110;45,-110;44,-109;44,-110;45,-109;46,-110;46,-109
45,104
49,-41;47,-40;48,-41;48,-40;47,-41;49,-40
48,-46;47,-45;48,-44;49,-45;48,-43;47,-44;47,-43;49,-46;48,-45;49,-44;49,-43
55,125;55,129;55,128;55,126;55,127;57,125;56,129;57,126;58,129;57,129;56,125;58,126;56,127;59,127;58,125;58,128;56,126;59,125;59,126;57,127;58,127;59,128;56,128;57,128;59,129
65,33
78,-105
83,-16
95,51
97,50
96,51
96,50
97,54
95,50
95,52
97,51
95,54
97,53
96,-114;96,-113;96,-115;97,-115;98,-115;97,-116;97,-113;97,-114;98,-116;98,-114;98,-113;99,-116;100,-115;99,-115;100,-114;100,-113;99,-113;100,-116;99,-114
96,-104
94,24
96,52
97,52
95,53
96,53
96,54
98,17
100,17
99,-131;99,-130;100,-130;100,-131
99,17
100,55;101,55
104,52;104,53
102,56;103,56
106,41
105,50
106,43
106,50;107,50
109,49
109,50
116,-26;118,-25;118,-26;121,-26;120,-25;120,-27;117,-26;117,-27;119,-27;120,-26;117,-25;119,-25;121,-27;119,-26;118,-27;121,-25
116,-2
125,-11
126,-5
139,-143
142,-145;142,-146;143,-144;142,-144;143,-146;143,-145
147,61;147,62;147,63;148,60;149,65;145,65;146,61;145,64;148,61;149,63;145,62;147,60;145,60;146,65;149,64;147,65;149,61;148,63;149,60;146,60;147,64;145,63;145,61;146,62;148,62;148,64;146,64;148,65;149,62;146,63
149,-147