-150,108
-143,-45
-140,-117
-131,-21
-116,132;-121,134;-115,135;-122,135;-119,132;-117,134;-120,134;-119,137;-118,132;-120,132;-117,135;-120,136;-117,132;-121,133;-124,134;-119,136;-122,137;-118,133;-122,134;-117,136;-122,132;-123,132;-117,133;-123,133;-119,135;-116,134;-118,134;-117,137;-121,137;-121,132;-115,132;-116,133;-124,135;-118,136;-119,133;-122,133;-124,133;-122,136;-120,137;-120,133;-121,135;-123,134;-124,132;-115,134;-120,135;-121,136;-118,137;-118,135;-119,134;-123,135;-115,133;-116,135
-123,148;-121,149;-123,147;-120,146;-124,148;-123,149;-124,146;-123,144;-122,146;-120,148;-124,149;-122,145;-121,144;-121,145;-120,149;-122,148;-121,148;-120,144;-124,150;-121,146;-124,147;-123,146;-120,147;-122,147;-121,147;-123,145;-122,149;-122,144;-124,145;-120,145;-124,144;-123,150;-121,150;-122,150;-120,150;-119,144;-118,144;-118,149;-118,148;-118,146;-119,145;-119,148;-119,150;-119,146;-118,147;-119,149;-118,145;-118,150;-119,147
-123,143;-123,141;-123,140;-123,142;-122,140;-122,141;-122,142;-120,140;-121,142;-121,143;-122,143;-121,140;-121,141;-120,141;-120,143;-120,142
-119,-43;-120,-43
-113,-38;-113,-36;-113,-37
-106,132;-108,136;-110,132;-107,134;-109,136;-106,136;-111,135;-105,131;-105,135;-106,137;-108,133;-109,132;-108,137;-109,131;-111,137;-109,133;-105,137;-107,137;-110,133;-111,136;-107,131;-110,136;-110,137;-111,133;-107,133;-107,135;-107,136;-108,131;-108,132;-109,135;-109,137;-111,132;-111,134;-105,132;-106,135;-110,131;-110,135;-105,133;-106,134;-105,134;-106,131;-108,134;-109,134;-110,134;-111,131;-107,132;-105,136;-106,133;-108,135
-109,-93
-107,-94
-104,134;-104,136;-101,138;-104,135;-98,134;-99,138;-98,132;-103,137;-101,136;-98,136;-100,132;-102,137;-100,138;-103,133;-103,135;-102,134;-100,135;-98,135;-103,134;-103,136;-98,138;-104,133;-102,135;-102,136;-99,137;-104,138;-101,134;-100,136;-99,134;-98,137;-103,132;-102,133;-103,138;-101,132;-101,135;-101,137;-100,137;-99,133;-104,132;-104,137;-102,132;-99,135;-102,138;-100,133;-99,132;-101,133;-100,134;-99,136;-98,133
-103,-98
-102,-97;-103,-97
-98,37;-98,34;-99,37;-97,39;-98,39;-99,38;-99,39;-99,34;-98,38;-98,35;-98,36;-99,36;-99,35;-97,38;-100,38;-100,37;-97,37;-100,39
-100,127;-101,126;-99,128;-101,127;-100,128;-99,129;-100,129;-99,126;-100,126;-99,127;-101,128;-102,126;-102,128;-101,129;-102,127;-102,129
-96,41;-97,41
-98,-94;-99,-94
-98,-71
-96,-17;-95,-17;-96,-16;-95,-16
-89,-85;-88,-86;-87,-84;-87,-86;-89,-86;-87,-85;-89,-84;-88,-84;-88,-85
-82,84;-83,83;-82,85;-85,83;-85,86;-84,84;-82,86;-83,85;-82,83;-84,86;-84,83;-83,86;-85,85;-83,84;-84,85;-85,84
-75,72;-75,74;-80,76;-76,78;-78,76;-75,76;-75,75;-79,76;-80,77;-75,73;-76,76;-80,78;-75,77;-80,74;-77,76;-80,75;-76,77;-75,71;-75,78
-75,-150;-75,-149;-74,-149;-74,-150
-73,-150;-73,-149;-72,-150;-72,-149
-71,-150;-71,-149;-70,-150;-70,-149
-64,-69;-63,-71;-59,-68;-62,-68;-61,-70;-59,-70;-64,-70;-62,-69;-62,-71;-61,-71;-64,-68;-63,-70;-60,-71;-60,-70;-61,-68;-59,-69;-59,-71;-61,-69;-64,-71;-63,-69;-60,-68;-60,-69;-63,-68;-62,-70
-69,-149;-69,-150;-68,-149;-68,-150
-69,-139
-62,125
-62,126
-61,-32
-60,-31
-59,125
-55,-132
-40,-59
-25,34;-25,35
-1,-34;-4,-35;-2,-35;-4,-34;-1,-35;-2,-34;-3,-35;-3,-34
5,117;6,117;6,118;5,118
14,-135;15,-135
22,-118;23,-118
26,116;28,112;28,113;28,114;29,113;31,111;32,117;33,117;33,113;27,114;28,118;29,117;32,118;26,111;30,115;31,118;27,117;30,114;30,116;30,117;32,112;29,111;29,116;32,113;30,112;31,117;32,114;33,115;27,115;28,116;29,115;29,118;31,115;26,114;28,115;31,116;32,111;26,117;27,112;29,114;33,111;26,113;26,118;30,118;31,112;31,114;33,114;27,116;28,117;32,115;33,116;33,118;27,113;29,112;31,113;27,111;27,118;30,111;30,113;32,116;33,112;26,112;26,115;28,111
35,10;36,10
36,-77;36,-76;35,-79;35,-76;35,-78;36,-79;35,-77;36,-78;37,-76;37,-78;37,-77;37,-79
39,72;38,72
37,-115;37,-114
49,-41;47,-40;48,-41;48,-40;47,-41;49,-40
48,-46;47,-45;48,-44;49,-45;48,-43;47,-44;47,-43;49,-46;48,-45;49,-44;49,-43
52,44;52,40;52,41;52,42;52,43;52,45;52,47;52,49;52,39;52,48;52,46;54,46;54,48;53,41;53,43;53,44;54,49;53,47;53,49;54,41;54,44;53,40;53,45;53,48;54,40;53,39;53,46;54,43;54,39;54,45;53,42;54,42;54,47;56,44;55,47;55,48;55,45;55,49;55,39;56,49;55,46;56,43;56,45;56,46;56,47;56,42;55,40;55,42;55,44;55,41;56,48;55,43
54,-42
61,-126;61,-124;61,-125
65,-126;64,-127;65,-127;64,-126
66,-11
67,-8
68,-11;67,-11;69,-11
68,-9
66,-9
66,-10
67,-9
67,-10
68,-8
69,-9
68,-10
66,-8
69,-10
74,9;75,-3;75,7;77,-2;78,3;79,-7;79,6;80,-2;81,8;82,8;82,10;85,0;87,-6;88,5;89,-4;90,3;91,-9;91,-8;91,-5;74,5;75,-2;75,9;76,-5;76,0;76,4;77,9;78,-2;78,7;80,-6;80,-1;83,-9;83,6;84,-5;84,-2;85,-7;85,9;90,-9;72,-1;72,4;72,8;73,-9;73,-6;73,-5;74,0;77,-6;77,8;79,0;79,5;80,-5;80,-4;81,1;81,5;81,7;82,1;82,6;82,7;85,-6;85,10;87,-9;88,-8;88,-5;88,6;90,-2;91,-6;72,-7;74,-3;75,-1;76,-8;77,4;78,4;78,6;78,10;81,-2;82,-8;82,-7;82,-4;82,9;83,-1;84,-9;84,0;84,5;86,8;87,-7;88,-9;88,-7;89,-9;89,-3;89,1;90,0;72,-6;72,-5;73,2;74,2;74,4;75,-8;75,2;77,6;79,-5;80,5;80,8;81,-5;81,0;82,-6;82,-5;83,-5;83,2;83,8;83,10;84,9;86,-1;86,9;87,-2;89,8;72,-2;72,3;73,1;73,10;74,-9;74,3;74,6;75,1;78,-7;78,-4;79,-9;79,-8;79,-2;80,1;81,-9;81,4;82,-3;83,4;85,-4;85,2;85,4;86,-7;86,-3;86,-2;89,-8;89,-5;89,-1;90,-8;90,-6;90,2;72,0;73,-8;73,0;74,-7;74,-6;74,8;77,-9;79,2;79,4;79,10;80,-9;80,4;80,6;81,-3;82,0;83,-3;83,1;83,5;83,7;84,-6;84,-4;84,4;84,6;84,8;85,-3;85,6;86,6;87,10;88,0;89,3;89,5;89,7;90,-7;91,-7;91,0;72,7;73,4;75,5;75,6;76,-2;76,1;77,-3;78,-5;78,5;79,-3;79,9;81,10;83,-2;87,-5;90,4;90,8;90,10;72,1;72,6;72,9;73,6;75,-6;76,9;76,10;77,-8;78,9;79,-1;80,-7;80,2;80,9;81,-4;81,2;81,6;83,-8;83,-6;84,2;84,7;85,5;86,-5;86,3;87,2;88,-2;88,4;89,4;89,6;90,9;73,9;74,1;74,7;91,2;75,3;75,10;76,-3;76,7;77,-5;78,-9;78,-6;79,-4;80,0;81,-1;82,-9;83,0;84,-1;85,8;86,-6;87,-8;87,3;87,4;87,5;88,10;89,-6;90,1;90,5;91,1;72,5;72,10;73,-7;73,-3;74,-2;75,-9;76,-9;76,3;77,-4;78,-3;80,-3;80,10;82,5;85,1;86,1;86,2;86,5;87,-1;88,-6;88,2;89,9;72,-9;72,-8;72,2;73,-4;73,7;74,-1;74,10;75,0;76,-6;76,-4;76,-1;77,7;77,10;78,1;80,-8;80,3;81,3;81,9;84,-7;85,-1;86,-9;86,-8;86,0;87,7;88,-4;88,7;89,-2;89,2;91,-4;91,-3;91,-2;72,-4;72,-3;73,8;74,-4;75,-7;75,-4;75,4;77,0;77,2;77,3;78,2;79,1;79,7;80,7;81,-6;82,3;83,3;84,-3;85,-5;85,7;86,-4;86,10;87,0;87,6;88,1;88,3;88,8;89,-7;90,6;90,7;73,-1;73,5;75,8;76,5;76,6;76,8;77,5;78,0;78,8;79,-6;79,3;82,2;83,-7;85,-9;86,7;87,9;89,0;89,10;90,-5;91,-1;74,-8;75,-5;76,2;77,-7;78,-8;82,-2;82,-1;83,9;84,10;85,-8;85,3;86,4;87,-3;87,1;88,-1;90,-4;90,-3;90,-1;73,-2;73,3;74,-5;76,-7;77,-1;77,1;78,-1;79,8;81,-8;81,-7;82,4;83,-4;84,-8;84,1;84,3;85,-2;87,-4;87,8;88,-3;88,9;91,7;91,3;91,8;91,10;91,4;91,5;91,6;91,9
79,-137
78,-105
96,-131;96,-132;98,-132;97,-131;98,-131;97,-132
96,-114;96,-113;96,-115;97,-115;98,-115;97,-116;97,-113;97,-114;98,-116;98,-114;98,-113;99,-116;100,-115;99,-115;100,-114;100,-113;99,-113;100,-116;99,-114
94,24
98,17
100,17
103,81;103,76;104,77;103,80;104,76;103,78;103,77;103,79;104,80;104,81;104,79;104,78
99,-131;99,-130;100,-130;100,-131
99,17
105,77;106,78;106,77;107,79;107,78;105,79;107,77;105,78;106,79
102,77;101,77;101,78;100,78;102,78;101,79;100,77;100,79;102,79
100,-138;100,-137;100,-136;102,-138;101,-137;102,-136;102,-137;101,-136;101,-138;103,-137;103,-138;103,-136
104,52;104,53
105,51
109,49
109,50
116,-26;118,-25;118,-26;121,-26;120,-25;120,-27;117,-26;117,-27;119,-27;120,-26;117,-25;119,-25;121,-27;119,-26;118,-27;121,-25
123,-118
126,-5
128,-116;127,-116;129,-116
127,-18
138,-122
142,-3;146,-7;149,-7;141,-10;144,-2;145,-5;146,-5;148,-10;142,-8;142,-10;146,-10;149,-9;149,-11;140,-3;140,-6;141,-11;144,-11;146,-3;147,-2;148,-9;140,-8;141,-5;141,-9;143,-4;143,-9;144,-5;144,-6;148,-2;140,-10;141,-6;143,-10;145,-7;147,-5;147,-9;149,-4;149,-10;140,-2;141,-8;142,-9;143,-6;147,-3;149,-3;149,-8;140,-7;144,-7;146,-6;147,-6;141,-2;143,-7;140,-4;141,-7;144,-3;145,-4;147,-11;148,-4;149,-6;145,-9;145,-10;146,-9;148,-11;149,-2;142,-7;143,-8;145,-8;146,-8;140,-5;140,-9;141,-4;142,-4;143,-5;144,-4;144,-8;145,-3;145,-6;146,-4;146,-11;147,-10;148,-6;143,-2;145,-11;148,-7;142,-5;142,-11;143,-3;143,-11;144,-10;146,-2;147,-4;147,-7;148,-3;140,-11;142,-6;145,-2;147,-8;148,-8;141,-3;142,-2;144,-9;148,-5;149,-5