-150,-143
-150,-7;-150,-6;-150,-5
-150,75;-150,76;-150,77;-150,78;-150,79;-150,80;-150,81;-150,82;-150,83;-149,75;-149,76;-149,77;-149,78;-149,79;-149,80;-149,81;-149,82;-149,83;-148,75;-148,76;-148,77;-148,78;-148,79;-148,80;-148,81;-148,82;-148,83;-147,75;-147,76;-147,77;-147,78;-147,79;-147,80;-147,81;-147,82;-147,83;-146,75;-146,76;-146,77;-146,78;-146,79;-146,80;-146,81;-146,82;-146,83;-145,75;-145,76;-145,77;-145,78;-145,79;-145,80;-145,81;-145,82;-145,83;-144,75;-144,76;-144,77;-144,78;-144,79;-144,80;-144,81;-144,82;-144,83;-143,75;-143,76;-143,77;-143,78;-143,79;-143,80;-143,81;-143,82;-143,83;-142,75;-142,76;-142,77;-142,78;-142,79;-142,80;-142,81;-142,82;-142,83
-150,126;-149,126;-150,127;-149,127;-150,128;-149,128;-150,129;-149,129;-150,130;-149,130
-144,123;-143,123;-142,123;-141,123;-140,123;-139,123;-138,123;-137,123;-136,123;-135,123;-144,125;-143,125;-142,125;-141,125;-140,125;-139,125;-138,125;-137,125;-136,125;-135,125;-144,124;-144,150;-144,149;-144,148;-144,147;-144,146;-144,145;-144,144;-144,143;-144,142;-144,141;-144,140;-144,139;-144,138;-144,137;-144,136;-144,135;-144,134;-144,133;-144,132;-144,131;-144,130;-144,129;-144,128;-144,127;-144,126;-150,144;-149,144;-148,144;-147,144;-146,144;-145,144;-143,144;-142,144;-143,141;-142,141;-143,124;-142,124;-141,124;-140,124;-139,124;-138,124;-137,124;-136,124;-135,124
-149,12
-148,126;-147,126;-148,127;-147,127;-148,128;-147,128;-148,129;-147,129;-148,130;-147,130
-146,-22;-146,-21
-146,31
-146,126;-146,127;-146,128;-146,129;-146,130;-145,126;-145,127;-145,128;-145,129;-145,130
-145,44
-145,48
-142,44
-143,-7
-142,48
-136,-25;-137,-25;-138,-25;-139,-25;-140,-25;-141,-25;-136,-24;-137,-24;-138,-24;-139,-24;-140,-24;-141,-24;-136,-23;-137,-23;-138,-23;-139,-23;-140,-23;-141,-23;-136,-22;-137,-22;-138,-22;-139,-22;-140,-22;-141,-22;-136,-21;-137,-21;-138,-21;-139,-21;-140,-21;-141,-21
-141,-6;-141,-5;-141,-4;-140,-6;-140,-5;-140,-4;-139,-6;-139,-5;-139,-4
-140,45
-140,47
-135,66;-134,66;-133,66;-135,73;-135,72;-135,71;-135,70;-135,69;-135,65;-134,65;-133,65;-135,67;-135,68;-134,67;-134,68;-134,72;-133,72;-134,71;-134,70;-134,69;-134,73;-133,73;-133,67;-133,68;-133,71;-133,70;-133,69
-132,66;-131,66;-132,65;-131,65;-132,69;-132,67;-132,68;-131,67;-131,68;-131,69
-127,66;-126,66;-125,66;-127,65;-126,65;-125,65;-127,67;-126,67;-125,67
-131,87
-134,-35;-134,-34
-133,-33;-132,-34;-132,-33
-132,-59
-130,-54
-129,-54
-127,-82;-126,-82
-126,15
-125,-68
-115,132;-116,132;-117,132;-118,132;-119,132;-120,132;-121,132;-122,132;-123,132;-124,132;-115,133;-116,133;-117,133;-118,133;-119,133;-120,133;-121,133;-122,133;-123,133;-124,133;-115,134;-116,134;-117,134;-118,134;-119,134;-120,134;-121,134;-122,134;-123,134;-124,134;-115,135;-116,135;-117,135;-118,135;-119,135;-120,135;-121,135;-122,135;-123,135;-124,135;-117,136;-118,136;-119,136;-120,136;-121,136;-122,136;-117,137;-118,137;-119,137;-120,137;-121,137;-122,137
-123,-91
-122,6;-122,7;-121,6;-121,7
-122,26
-121,90
-119,20;-120,20
-120,21
-120,90
-120,99
-120,100
-120,101
-120,102
-120,103
-120,104
-120,105
-120,106
-120,107
-120,108
-120,109
-120,110
-120,111
-120,112
-120,113
-120,114
-119,17
-119,18
-119,21
-119,105
-119,106
-119,107
-119,108
-119,109
-119,110
-119,111
-119,112
-119,113
-119,114
-118,4;-118,5
-118,105
-118,106
-118,107
-118,108
-118,109
-118,110
-118,111
-118,112
-118,113
-118,114
-117,-35;-117,-34;-116,-35;-116,-34
-117,105
-117,106
-117,107
-117,108
-117,109
-117,110
-117,111
-117,112
-117,113
-117,114
-116,-43
-116,105
-116,106
-116,107
-116,108
-116,109
-116,110
-116,111
-116,112
-116,113
-116,114
-115,-19;-115,-18;-115,-17;-115,-16;-115,-15;-114,-19;-114,-18;-114,-17;-114,-16;-114,-15;-113,-19;-113,-18;-113,-17;-113,-16;-113,-15;-112,-19;-112,-18;-112,-17;-111,-17;-112,-16;-112,-15;-111,-19;-111,-18
-115,6;-115,7;-114,6;-114,7
-115,105
-115,106
-115,107
-115,108
-115,109
-115,110
-115,111
-115,112
-115,113
-115,114
-114,-43
-114,-41
-114,10
-114,105
-114,106
-114,107
-114,108
-114,109
-114,110
-114,111
-114,112
-114,113
-114,114
-113,10
-112,9;-112,10;-111,9;-111,10
-113,105
-113,106
-113,107
-113,108
-113,109
-113,110
-113,111
-113,112
-113,113
-113,114
-112,-41
-112,22
-112,105
-112,106
-112,107
-112,108
-112,109
-112,110
-112,111
-112,112
-112,113
-112,114
-111,-111
-111,22
-111,23
-111,105
-111,106
-111,107
-111,108
-111,109
-111,110
-111,111
-111,112
-111,113
-111,114
-109,-32;-110,-32
-110,-25
-110,22
-110,23
-107,36;-107,35;-107,34;-108,36;-108,35;-108,34;-106,34;-106,35;-106,36
-110,105
-110,106
-110,107
-110,108
-110,109
-110,110
-110,111
-110,112
-110,113
-110,114
-109,-26;-109,-27
-109,-25
-109,21
-109,22
-109,99
-109,100
-109,101
-109,102
-109,103
-109,104
-109,105
-109,106
-109,107
-109,108
-109,109
-109,110
-109,111
-109,112
-109,113
-109,114
-108,-89
-108,99
-108,100
-108,101
-108,102
-108,103
-108,104
-108,105
-108,106
-108,107
-108,108
-108,109
-108,110
-108,111
-108,112
-108,113
-108,114
-107,-94
-107,-90
-107,-89
-107,-64
-107,99
-107,100
-107,101
-107,102
-107,103
-107,104
-107,105
-107,106
-107,107
-107,108
-107,109
-107,110
-107,111
-107,112
-107,113
-107,114
-105,34;-105,35;-105,36;-105,37;-104,34;-104,35;-104,36;-104,37;-103,34;-103,35;-103,36;-103,37;-102,37;-102,36;-102,35;-102,34
-105,38;-105,39;-105,40;-105,41;-104,38;-104,39;-104,40;-104,41;-103,38;-103,39;-103,40;-103,41;-102,41;-102,40;-102,39;-102,38
-106,99
-106,100
-106,101
-106,102
-106,103
-106,104
-106,105
-106,106
-106,107
-106,108
-106,109
-106,110
-106,111
-106,112
-106,113
-106,114
-105,-143;-105,-144;-105,-145;-105,-146;-105,-147;-104,-142;-104,-143;-104,-144;-104,-145;-104,-146;-104,-147;-103,-142;-103,-143;-103,-144;-103,-145;-103,-146;-103,-147;-102,-144;-102,-143;-102,-145;-102,-146;-102,-147
-105,99
-105,100
-105,101
-105,102
-105,103
-105,104
-105,105
-105,106
-105,107
-105,108
-105,109
-105,110
-105,111
-105,112
-105,113
-105,114
-104,-45;-104,-44;-103,-45;-103,-44
-98,41;-98,40;-99,41;-99,40;-100,41;-100,40
-100,34;-101,34
-101,38;-101,37
-98,-94
-98,30
-98,124
-97,124
-96,112;-95,112;-94,112;-93,112;-92,112;-96,111;-95,111;-94,111;-93,111;-92,111;-96,110;-95,110;-94,110;-93,110;-92,110;-96,109;-95,109;-94,109;-93,109;-92,109;-96,108;-95,108;-94,108;-93,108;-92,108
-95,-40
-95,101
-95,102
-95,103
-95,104
-95,105
-94,101
-94,102
-94,103
-94,104;-94,105;-93,104;-93,105;-92,104;-92,105
-93,101
-93,102
-93,103
-92,101
-92,102
-92,103
-94,-58
-94,-40
-94,-39
-93,56
-92,-94
-91,-22
-90,108;-90,109;-89,108;-89,109;-88,108;-88,109;-90,110;-90,111;-89,110;-89,111;-88,110;-88,111
-88,-20
-88,12
-88,13
-86,-126
-82,-118
-79,-53;-79,-54;-80,-53;-80,-54;-78,-54
-72,29
-71,-119;-71,-118;-70,-118;-70,-119;-69,-119;-69,-118
-71,116
-69,-20
-69,28;-69,29;-69,30;-69,31;-68,28;-68,29;-68,30;-68,31;-67,28;-67,29;-67,30;-67,31;-66,28;-66,29;-66,30;-66,31;-65,28;-65,29;-65,30;-65,31;-64,28;-64,29;-64,30;-64,31;-63,28;-63,29;-63,30;-63,31;-62,28;-62,29;-62,30;-62,31;-61,28;-61,29;-61,30;-61,31
-67,1;-67,2
-65,123;-65,122;-65,121;-65,120;-65,119;-64,123;-64,122;-64,121;-64,120;-64,119;-63,120;-63,119;-62,120;-62,119;-62,118;-61,120;-61,119;-61,118
-64,-128
-64,-113
-61,-111;-62,-111;-63,-111
-62,126;-62,125
-61,-32
-60,-18
-59,128;-58,128;-59,127;-58,127
-56,127;-56,128;-55,127;-55,128
-56,-24
-53,-22
-53,-23
-54,-22
-54,-23
-55,-22
-55,-23
-56,-22
-56,-23
-54,-128
-54,128;-53,128;-54,127;-53,127
-52,-98
-52,-22
-51,92;-50,92;-51,91;-50,91
-50,149;-49,149
-48,33
-48,34
-46,-130
-45,-53
-45,106;-45,107;-45,108;-44,106;-44,107;-44,108
-44,74
-39,-3;-38,-3;-37,-3;-36,-3
-38,-17
-38,31
-35,-60;-35,-59;-34,-60;-34,-59;-33,-60;-33,-59;-32,-60;-32,-59;-31,-60;-31,-59;-35,-58;-35,-57;-34,-58;-34,-57;-33,-57;-33,-58
-35,-34
-35,145
-34,28
-33,28
-33,-56;-33,-55
-31,14
-30,-110
-29,-110
-30,72
-27,19;-27,20;-26,19;-26,20;-25,19;-25,20;-24,19;-24,20;-23,19;-23,20;-22,19;-22,20;-21,19
-26,88;-26,89;-26,90;-26,91;-26,92;-25,88;-25,89;-25,90;-25,91;-25,92;-24,88;-24,89;-24,90;-24,91;-24,92;-23,88;-23,89;-23,90;-23,91;-23,92
-23,23
-21,148
-20,-143
-19,-143
-20,-133;-19,-133
-20,144
-19,-132
-16,-111
-15,-115
-14,-15
-12,-120
-11,-120
-10,-120
-9,-128
-5,-128;-5,-127;-4,-128;-4,-127
-4,-34;-3,-34;-4,-35;-3,-35;-2,-34;-2,-35;-1,-35;-1,-34
-2,-107
2,-54;3,-54
2,-24
2,16;3,16;4,16;5,16;2,17;3,17;4,17;5,17;2,18;3,18;4,18;5,18
3,-35
3,57
3,117;3,118;4,117;4,118
4,61
5,-46
5,117
5,118
6,62
7,-36
7,-35
7,-34
7,-33
8,-36
8,-35
8,-34
8,-33
9,-36
9,-35
9,-34
9,-33
10,-36
10,-35
10,-34
10,-33
7,24
8,24
9,24
8,-142
8,56
8,57
9,56
9,57
8,58
8,59
8,60
9,58
9,59
9,60
10,-24
10,56
10,57
10,58
11,56
11,57
11,58
12,56
12,57
12,58
10,59
10,60
11,-117
11,-43
11,-27
11,59
11,60
12,59
12,60
13,-90
13,85;13,84;13,83;13,82;13,81;13,80;13,79;13,78;13,77;13,76;13,75;14,85;14,84;14,83;14,82;14,81;14,80;14,79;14,78;14,77;14,76;14,75;15,85;15,84;15,83;15,82;15,81;15,80;15,79;15,78;15,77;15,76;15,75;16,85;16,84;16,83;16,82;16,81;16,80;16,79;16,78;16,77;16,76;16,75;17,85;17,84;17,83;17,82;17,81;17,80;17,79;17,78;17,77;17,76;17,75;18,85;18,84;18,83;18,82;18,81;18,80;18,79;18,78;18,77;18,76;18,75;19,85;19,84;19,83;19,82;19,81;19,80;19,79;19,78;19,77;19,76;19,75;20,85;20,84;20,83;20,82;20,81;20,80;20,79;20,78;20,77;20,76;20,75;21,85;21,84;21,83;21,82;21,81;21,80;21,79;21,78;21,77;21,76;21,75;22,85;22,84;22,83;22,82;22,81;22,80;22,79;22,78;22,77;22,76;22,75
14,-24
14,100;14,101;14,102;14,103;14,104;15,100;15,101;15,102;15,103;15,104;16,100;16,101;16,102;16,103;16,104;17,100;17,101;17,102;17,103;17,104;18,101;18,102;18,103;18,104
15,-117;16,-117;17,-117
18,-66;18,-65;17,-66;17,-65
18,111;18,112;18,113;18,114;18,115;18,116;18,117;18,118;19,111;19,112;19,113;19,114;19,115;19,116;19,117;19,118;19,119;20,111;20,112;20,113;20,114;20,115;20,116;20,117;20,118;20,119;21,111;21,112;21,113;21,114;21,115;21,116;21,117;21,118;21,119;22,111;22,112;22,113;22,114;22,115;22,116;22,117;22,118;22,119;23,111;23,112;23,113;23,114;23,115;23,116;23,117;23,118;23,119;24,111;24,112;24,113;24,114;24,115;24,116;24,117;24,118;24,119;25,113;25,114;25,115;25,116;25,117;25,118;25,119
20,-120;20,-119;20,-118
23,49
24,-54;25,-54
25,-121
25,-83
26,-118;27,-118;28,-118;29,-118;29,-119
27,-112
29,-96
29,-95
30,-138
30,71
30,135;30,136;30,137;31,135;31,136;31,137;32,135;32,136;32,137
32,10
34,21;35,21
35,-122
38,-80;38,-81;38,-82;38,-83;37,-80;37,-81;37,-82;37,-83;36,-80;36,-81;36,-82;36,-83;35,-80;35,-81;35,-82;35,-83
36,-63
36,8;37,8;36,9;37,9
37,-114
38,103
40,-116
40,-71;40,-70;41,-71;41,-70
40,-42;40,-41;40,-40;41,-41;41,-42;41,-40;42,-42;42,-41;42,-40
41,-118
42,-55
46,129
47,-41;47,-40;48,-41;48,-40;49,-41;49,-40
56,112
61,-111
62,-111
63,-111
64,-111
65,-111
66,-111
61,-112
62,-112
63,-112
66,-112
61,20;61,21;61,22;62,20;62,21;62,22;63,20;63,21;63,22
61,28;61,29;61,30;62,28;62,29;63,28;63,29;62,30;63,30
66,-116
67,29
69,-147
69,-146
70,-147
70,-146
71,-147
71,-146
69,-5
69,31
70,-78
71,-128;71,-129
74,40;74,41;74,42;74,43;74,44;74,45;74,46;75,46;78,46;78,45;79,46;79,45;80,46;80,45;75,40;75,41;75,42;75,43;75,44;75,45;76,40;76,41;76,42;76,43;76,44;76,45;76,46;77,40;77,41;77,42;77,43;77,44;77,45;77,46;78,40;78,41;78,42;78,43;78,44;79,40;79,41;79,42;79,43;79,44;80,40;80,41;80,42;80,43;80,44;81,40;81,41;81,42;81,43;81,44;81,45;81,46
74,48;75,48;76,50;74,50;75,50;74,49;75,49;76,49;76,48;77,48;77,49;77,50;78,50;78,49;78,48;74,47;75,47;76,47;77,47;78,47;81,47;80,47;79,47;81,51;79,50;79,49;79,48;80,51;81,50;81,49;81,48;80,50;80,49;80,48;80,52;80,53;81,53;81,52;80,54;81,56;80,55;81,55;80,56;81,54
74,51;75,56;75,55;75,54;75,53;75,52;75,51;74,56;74,55;74,54;74,53;74,52;76,56;76,55;76,54;76,53;76,52;76,51;77,56;77,55;77,54;77,53;77,52;77,51;78,56;78,55;78,54;78,53;78,52;78,51;79,56;79,55;79,54;79,53;79,52;79,51
77,-102;77,-101
78,-128
78,-105
79,-137
83,46;84,46;82,40;82,41;82,42;82,43;82,44;82,45;82,46;83,41;83,42;83,43;83,44;83,45;84,41;84,42;84,43;84,44;84,45;83,40;84,40;85,40;85,41;85,42;85,43;86,41;86,42;86,43;87,41;87,42;87,43;88,41;88,42;88,43;89,41;89,42;89,43;90,41;90,42;90,43;85,44;86,44;87,44;88,44;89,44;90,44;85,45;86,45;87,45;88,45;89,45;90,45;85,46;86,46;86,40;87,40;87,46;88,46;89,46;90,46;88,40;89,40;90,40
83,21
84,21
85,21
86,21
83,20
84,20
85,20
86,20
83,19;84,19;83,18;84,18
85,19
86,19
85,18
86,18
84,-15
86,-139
87,129;87,130;87,131;87,132;87,133;88,129;88,130;88,131;88,132;88,133;89,128;89,129;89,130;89,131;89,132;89,133;89,134;90,127;90,128;90,129;90,130;90,131;90,132;90,133;90,134;91,122;91,123;91,124;91,125;91,126;91,127;91,128;91,129;91,130;91,131;91,132;91,133;91,134;92,122;92,123;92,124;92,125;92,126;92,127;92,128;92,129;92,130;92,131;92,132;92,133;92,134;93,121;93,122;93,123;93,124;93,125;93,126;93,127;93,128;93,129;93,130;93,131;93,132;93,133;94,121;94,122;94,123;94,124;94,125;94,126;94,127;94,128;94,129;94,130;94,131;94,132;94,133;95,121;95,122;95,123;95,124;95,125;95,126;95,127;95,128;95,129;95,130;95,131;95,132;95,133;96,121;96,122;96,123;96,124;96,125;96,126;96,127;96,128;96,129;96,130;96,131;96,132;96,133;97,122;97,123;97,124;97,125;97,126;97,127;97,128;97,129;97,130;97,131;97,132;97,133;97,134;98,122;98,123;98,124;98,125;98,126;98,127;98,128;98,129;98,130;98,131;98,132;98,133;98,134;99,127;99,128;99,129;99,130;99,131;99,132;99,133;99,134;100,128;100,129;100,130;100,131;100,132;100,133;100,134;101,129;101,130;101,131;101,132;101,133;102,129;102,130;102,131;102,132;102,133
93,-129
94,-14;94,-13;95,-14;95,-13;96,-14;96,-13
95,98;96,98;97,98;98,98;95,99;96,99;97,99;98,99;95,100;96,100;97,100;98,100;95,101;96,101;97,101;98,101
96,-132;96,-131;97,-132;97,-131;98,-132;98,-131
96,-112
96,-111
97,-111
98,-111
99,-111
100,-111
97,-112
98,-112
99,-131;99,-130;100,-131;100,-130
103,-31
104,-112
104,-111
104,-109
105,-112
105,-111
105,-109
105,132;105,133;106,132;106,133
118,-20
118,-21
118,-22
117,-22
116,-22
117,-20
117,-21
116,-21
116,-20
117,-25;117,-26;117,-27;118,-25;118,-26;118,-27;119,-25;119,-26;119,-27;120,-25;120,-26;120,-27;121,-25;121,-26;121,-27
123,-122;124,-122
123,-118
123,-101;123,-100;124,-101;124,-100
123,130;123,131;124,130;124,131;125,130;125,131;126,130;126,131;127,130;127,131
126,-122
127,-14
130,-127
133,36
134,134;133,134
136,1
135,1
137,-2;137,-3;138,-2;138,-3
140,-4;140,-5;140,-6;140,-7;140,-8;140,-9;140,-10;140,-11;141,-4;141,-5;141,-6;141,-7;141,-8;141,-9;141,-10;141,-11;142,-2;142,-3;142,-4;142,-5;142,-6;142,-7;142,-8;142,-9;142,-10;142,-11;143,-2;143,-3;143,-4;143,-5;143,-6;143,-7;143,-8;143,-9;143,-10;143,-11;144,-2;144,-3;144,-4;144,-5;144,-6;144,-7;144,-8;144,-9;144,-10;144,-11;145,-2;145,-3;145,-4;145,-5;145,-6;145,-7;145,-8;145,-9;145,-10;145,-11;146,-2;146,-3;146,-4;146,-5;146,-6;146,-7;146,-8;146,-9;146,-10;146,-11;147,-2;147,-3;147,-4;147,-5;147,-6;147,-7;147,-8;147,-9;147,-10;147,-11;148,-2;148,-3;148,-4;148,-5;148,-6;148,-7;148,-8;148,-9;148,-10;148,-11;149,-2;149,-3;149,-4;149,-5;149,-6;149,-7;149,-8;149,-9;149,-10;149,-11;141,-2;141,-3;140,-2;140,-3
143,-14
145,60;145,61;145,62;145,63;145,64;145,65;146,60;146,61;146,62;146,63;146,64;146,65;147,60;147,61;147,62;147,63;147,64;148,60;147,65;148,61;148,62;148,63;148,64;148,65;149,60;149,61;149,62;149,63;149,64;149,65
149,-83;149,-82