-148,110
-145,45
-139,83;-139,84;-138,83;-138,84;-137,83;-137,84
-137,82
-135,77;-135,79;-134,79;-135,78;-134,78;-134,77
-133,79;-132,79;-133,78;-132,78;-133,77;-132,77
-132,81
-123,26;-122,26
-120,-43;-119,-43
-113,-36;-113,-37;-113,-38
-112,-41
-110,-32
-107,-94
-105,-143
-105,-144
-105,-145
-105,-146
-105,-147
-104,-142
-104,-143
-104,-144
-104,-145
-104,-146
-104,-147
-103,-142
-103,-143
-103,-144
-103,-145
-103,-146
-103,-147
-102,-144
-102,-143
-102,-145
-102,-146
-102,-147
-95,36;-95,35;-95,34;-96,36;-96,35;-96,34;-97,36;-97,35;-97,34
-96,39;-96,38;-96,37
-97,39;-97,38;-97,37;-98,39;-98,38;-98,37;-98,36;-98,35;-98,34;-99,39;-99,38;-99,37;-99,36;-99,35;-99,34;-100,39;-100,38;-100,37
-100,35;-100,34;-101,35;-101,34
-98,-71
-90,-150
-87,-84;-87,-85;-87,-86;-88,-84;-88,-85;-88,-86;-89,-84;-89,-85;-89,-86
-74,-99
-64,-68;-64,-69;-64,-70;-64,-71;-63,-68;-63,-69;-63,-70;-63,-71;-62,-68;-62,-69;-62,-70;-62,-71;-61,-68;-61,-69;-61,-70;-61,-71;-60,-68;-60,-69;-60,-70;-60,-71;-59,-68;-59,-69;-59,-70;-59,-71
-69,-139
-65,-31;-65,-30;-64,-31;-64,-30;-63,-31;-63,-30;-62,-31;-62,-30
-65,117;-64,117
-62,126;-62,125
-59,13
-60,13
-58,-12;-58,-11;-57,-12;-57,-11
-56,-138;-57,-138
-52,147;-51,147;-50,147;-49,147;-48,147;-47,147
-48,67
-40,-59
-36,-6
-32,140;-31,140
-30,-31;-30,-32
-29,80;-29,81;-29,82;-29,83;-29,84;-29,85;-28,80;-28,81;-28,82;-28,83;-28,84;-28,85;-27,80;-27,81;-27,82;-27,83;-27,84;-27,85;-26,80;-26,81;-26,82;-26,83;-26,84;-26,85;-25,80;-25,81;-25,82;-25,83;-25,84;-25,85;-24,80;-24,81;-24,82;-24,83;-24,84;-24,85
-25,7
-25,34
-25,35
-21,83;-21,84;-21,85;-21,86;-21,87;-21,88;-21,89;-21,90;-21,91;-21,92;-20,83;-20,84;-20,85;-20,86;-20,87;-20,88;-20,89;-20,90;-20,91;-20,92;-19,83;-19,84;-19,85;-19,86;-19,87;-19,88;-19,89;-19,90;-19,91;-19,92;-18,83;-18,84;-18,85;-18,86;-18,87;-18,88;-18,89;-18,90;-18,91;-18,92;-17,83;-17,84;-17,85;-17,86;-17,87;-17,88;-17,89;-17,90;-17,91;-17,92;-16,83;-16,84;-16,85;-16,86;-16,87;-16,88;-16,89;-16,90;-16,91;-16,92;-15,83;-15,84;-15,85;-15,86;-15,87;-15,88;-15,89;-15,90;-15,91;-15,92;-14,83;-14,84;-14,85;-14,86;-14,87;-14,88;-14,89;-14,90;-14,91;-14,92;-13,83;-13,84;-13,85;-13,86;-13,87;-13,88;-13,89;-13,90;-13,91;-13,92;-12,83;-12,84;-12,85;-12,86;-12,87;-12,88;-12,89;-12,90;-12,91;-12,92
-20,-30
-10,-147
-10,39;-10,40
-9,-91;-9,-90;-9,-89;-9,-88;-9,-87;-9,-86;-9,-85;-9,-84;-9,-83;-9,-82;-9,-81;-9,-80;-9,-79;-9,-78;-9,-77;-9,-76;-9,-75;-9,-74;-9,-73;-9,-72;-8,-91;-8,-90;-8,-89;-8,-88;-8,-87;-8,-86;-8,-85;-8,-84;-8,-83;-8,-82;-8,-81;-8,-80;-8,-79;-8,-78;-8,-77;-8,-76;-8,-75;-8,-74;-8,-73;-8,-72;-7,-91;-7,-90;-7,-89;-7,-88;-7,-87;-7,-86;-7,-85;-7,-83;-7,-82;-7,-81;-7,-80;-7,-79;-7,-78;-7,-77;-7,-76;-7,-75;-7,-74;-7,-73;-7,-72;-6,-91;-6,-90;-6,-89;-6,-88;-6,-87;-6,-86;-6,-85;-6,-84;-6,-83;-6,-82;-6,-81;-6,-80;-6,-79;-6,-78;-6,-77;-6,-76;-6,-75;-6,-74;-6,-73;-6,-72;-5,-91;-5,-90;-5,-89;-5,-88;-5,-87;-5,-86;-5,-85;-5,-84;-5,-83;-5,-82;-5,-81;-5,-80;-5,-79;-5,-78;-5,-77;-5,-76;-5,-75;-5,-74;-5,-73;-5,-72;-4,-91;-4,-90;-4,-89;-4,-88;-4,-87;-4,-86;-4,-85;-4,-84;-4,-83;-4,-82;-4,-81;-4,-80;-4,-79;-4,-78;-4,-77;-4,-76;-4,-75;-4,-74;-4,-73;-4,-72;-3,-91;-3,-90;-3,-89;-3,-88;-3,-87;-3,-86;-3,-85;-3,-84;-3,-83;-3,-82;-3,-81;-3,-80;-3,-79;-3,-78;-3,-77;-3,-76;-3,-75;-3,-74;-3,-73;-3,-72;-2,-91;-2,-90;-2,-89;-2,-88;-2,-87;-2,-86;-2,-85;-2,-84;-2,-83;-2,-82;-2,-81;-2,-80;-2,-79;-2,-78;-2,-77;-2,-76;-2,-75;-2,-74;-2,-73;-2,-72;-1,-91;-1,-90;-1,-89;-1,-88;-1,-87;-1,-86;-1,-85;-1,-84;-1,-83;-1,-82;-1,-81;-1,-80;-1,-79;-1,-78;-1,-77;-1,-76;-1,-75;-1,-74;-1,-73;-1,-72;0,-91;0,-90;0,-89;0,-88;0,-87;0,-86;0,-85;0,-84;0,-83;0,-82;0,-81;0,-80;0,-79;0,-78;0,-77;0,-76;0,-75;0,-74;0,-73;0,-72;1,-91;1,-90;1,-89;1,-88;1,-87;1,-86;1,-85;1,-84;1,-83;1,-82;1,-81;1,-80;1,-79;1,-78;1,-77;1,-76;1,-75;1,-74;1,-73;1,-72;2,-91;2,-90;2,-89;2,-88;2,-87;2,-86;2,-85;2,-84;2,-83;2,-82;2,-81;2,-80;2,-79;2,-78;2,-77;2,-76;2,-75;2,-74;2,-73;2,-72;3,-91;3,-90;3,-89;3,-88;3,-87;3,-86;3,-85;3,-84;3,-83;3,-82;3,-81;3,-80;3,-79;3,-78;3,-77;3,-76;3,-75;3,-74;3,-73;3,-72;4,-91;4,-90;4,-89;4,-88;4,-87;4,-86;4,-85;4,-84;4,-83;4,-82;4,-81;4,-80;4,-79;4,-78;4,-77;4,-76;4,-75;4,-74;4,-73;4,-72;5,-91;5,-90;5,-89;5,-88;5,-87;5,-86;5,-85;5,-84;5,-83;5,-82;5,-81;5,-80;5,-79;5,-78;5,-77;5,-76;5,-75;5,-74;5,-73;5,-72;6,-91;6,-90;6,-89;6,-88;6,-87;6,-86;6,-85;6,-84;6,-83;6,-82;6,-81;6,-80;6,-79;6,-78;6,-77;6,-76;6,-75;6,-74;6,-73;6,-72;7,-91;7,-90;7,-89;7,-88;7,-87;7,-86;7,-85;7,-84;7,-83;7,-82;7,-81;7,-80;7,-79;7,-78;7,-77;7,-76;7,-75;7,-74;7,-73;7,-72;8,-91;8,-90;8,-89;8,-88;8,-87;8,-86;8,-85;8,-84;8,-83;8,-82;8,-81;8,-80;8,-79;8,-78;8,-77;8,-76;8,-75;8,-74;8,-73;8,-72;9,-91;9,-90;9,-89;9,-88;9,-87;9,-86;9,-85;9,-84;9,-83;9,-82;9,-81;9,-80;9,-79;9,-78;9,-77;9,-76;9,-75;9,-74;9,-73;9,-72;10,-91;10,-90;10,-89;10,-88;10,-87;10,-86;10,-85;10,-84;10,-83;10,-82;10,-81;10,-80;10,-79;10,-78;10,-77;10,-76;10,-75;10,-74;10,-73;10,-72
-6,-95
-6,-94
-5,-95
-5,-94
-4,-95
-4,-94
-4,-34;-3,-34;-4,-35;-3,-35;-2,-34;-2,-35;-1,-35;-1,-34
2,-54;3,-54
4,-110;4,-111
5,100;5,101;5,102;5,103;5,104;6,100;6,101;6,102;6,103;6,104;7,100;7,101;7,102;7,103;7,104;8,100;8,101;8,102;8,103;8,104;9,100;9,101;9,102;9,103;9,104;10,100;10,101;10,102;10,103;10,104;11,100;11,101;11,102;11,103;11,104
12,-112
12,-111
13,-112
13,-111
14,150
15,-143
26,111;26,112;26,113;26,114;26,115;26,116;26,117;26,118;27,111;27,112;27,113;27,114;27,115;27,116;27,117;27,118;28,111;28,112;28,113;28,114;28,115;28,116;28,117;28,118;29,111;29,112;29,113;29,114;29,115;29,116;29,117;29,118;30,111;30,112;30,113;30,114;30,115;30,116;30,117;30,118;31,111;31,112;31,113;31,114;31,115;31,116;31,117;31,118;32,111;32,112;32,113;32,114;32,115;32,116;32,117;32,118;33,111;33,112;33,113;33,114;33,115;33,116;33,117;33,118
27,-123;27,-122;27,-121;28,-123;28,-122;28,-121;29,-123;29,-122;29,-121;30,-123;30,-122;30,-121
28,-95
34,71
35,71
36,71
34,72
35,72
36,72
34,73
35,73
36,73
35,-121;35,-120;35,-119;35,-118;36,-121;36,-120;36,-119;36,-118;37,-121;37,-120;37,-119;37,-118;38,-121;38,-120;38,-119;38,-118
35,-79;35,-78;36,-78;35,-77;35,-76;36,-79;36,-77;36,-76;37,-79;37,-78;37,-77;37,-76
37,-115;37,-114
44,140;44,141;45,141;45,140
47,-46
48,-46;49,-46;47,-45;48,-45;49,-45;47,-44;48,-44;49,-44;47,-43;48,-43;49,-43
51,-80
56,-142
62,-149;62,-148;62,-147;63,-149;63,-148;63,-147;64,-149;64,-148;64,-147
61,-27;61,-26;62,-27;62,-26
64,-127;64,-126;65,-127;65,-126
65,33
67,-1;67,-2
77,-102;77,-101
78,-105
87,-114;87,-113;87,-112;88,-114;88,-113;88,-112;89,-114;89,-113;89,-112
96,-132;96,-131;97,-132;97,-131;98,-132;98,-131
103,77;103,78;103,79;103,80;103,81;104,77;104,78;104,79;104,80;104,81;103,76;104,76
105,77;105,78;105,79;106,77;106,78;106,79;107,79;107,78;107,77
105,80;105,81;106,80;106,81
103,75;104,75
102,-122;102,-121;102,-120;102,-119;102,-118;103,-122;103,-121;103,-120;103,-119;103,-118;104,-122;104,-121;104,-120;104,-119;104,-118;105,-122;105,-121;105,-120;105,-119;105,-118;106,-122;106,-121;106,-120;106,-119;106,-118
104,60
109,49
110,47;110,48;111,47;111,48;112,47;112,48
123,130;123,131;124,130;124,131;125,130;125,131;126,130;126,131;127,130;127,131
124,42;124,43;124,44;124,45;124,46;124,47;124,48;124,49;124,50;124,51;124,52;124,53;124,54;124,55;125,41;125,42;125,43;125,44;125,45;125,46;125,47;125,48;125,49;125,50;125,51;125,52;125,53;125,54;125,55;126,41;126,42;126,43;126,44;126,45;126,46;126,47;126,48;126,49;126,50;127,44;127,45;127,46;127,47;127,48;127,49;127,50;128,44;128,45;128,46;128,47;128,48;128,49;128,50;129,44;129,45;129,46;129,47;129,48;129,49;129,50;130,44;130,45;130,46;130,47;130,48;130,49;130,50;131,44;131,45;131,46;131,47;131,48;131,49;131,50;132,44;132,45;132,46;132,47;132,48;132,49;132,50;126,51;126,52;126,53;126,54;126,55;127,41;127,42;127,43;127,51;127,52;127,53;127,54;127,55;128,41;128,42;128,43;128,51;128,52;128,53;128,54;128,55;129,41;129,42;129,43;129,51;129,52;129,53;129,54;129,55;130,41;130,42;130,43;130,51;130,52;130,53;130,54;130,55;131,41;131,42;131,43;131,51;131,52;131,53;131,54;131,55;132,41;132,42;132,43;132,51;132,52;132,53;132,54;132,55;133,41;133,42;133,43;133,44;133,45;133,46;133,47;133,48;133,49;133,50;133,51;133,52;133,53;133,54;133,55
126,-5
129,130;129,131;129,132;129,133;130,130;130,131;130,132;130,133;131,130;131,131;131,132;131,133;132,130;132,131;132,132;132,133
130,-140
131,-15
133,130;133,131;134,130;134,131
137,-23;137,-22;138,-23;138,-22
138,1;138,2;139,1;139,2
142,-118;142,-117;142,-116;143,-118;143,-117;143,-116;144,-118;144,-117;144,-116
140,-4;140,-5;140,-6;140,-7;140,-8;140,-9;140,-10;140,-11;141,-4;141,-5;141,-6;141,-7;141,-8;141,-9;141,-10;141,-11;142,-2;142,-3;142,-4;142,-5;142,-6;142,-7;142,-8;142,-9;142,-10;142,-11;143,-2;143,-3;143,-4;143,-5;143,-6;143,-7;143,-8;143,-9;143,-10;143,-11;144,-2;144,-3;144,-4;144,-5;144,-6;144,-7;144,-8;144,-9;144,-10;144,-11;145,-2;145,-3;145,-4;145,-5;145,-6;145,-7;145,-8;145,-9;145,-10;145,-11;146,-2;146,-3;146,-4;146,-5;146,-6;146,-7;146,-8;146,-9;146,-10;146,-11;147,-2;147,-3;147,-4;147,-5;147,-6;147,-7;147,-8;147,-9;147,-10;147,-11;148,-2;148,-3;148,-4;148,-5;148,-6;148,-7;148,-8;148,-9;148,-10;148,-11;149,-2;149,-3;149,-4;149,-5;149,-6;149,-7;149,-8;149,-9;149,-10;149,-11;141,-2;141,-3;140,-2;140,-3
141,-60;141,-59;142,-60;142,-59
145,-118;145,-117;145,-116;146,-118;146,-117;146,-116;147,-118;147,-117;147,-116
144,44
145,60;145,61;145,62;145,63;145,64;145,65;146,60;146,61;146,62;146,63;146,64;146,65;147,60;147,61;147,62;147,63;147,64;148,60;147,65;148,61;148,62;148,63;148,64;148,65;149,60;149,61;149,62;149,63;149,64;149,65
150,64;150,63;150,65;150,66;150,67;150,68;150,69;150,70;150,71;150,72;150,73;151,63;151,64;151,65;151,66;151,67;151,68;151,69;151,70;151,71;151,72;151,73;152,63;152,64;152,65;152,66;152,67;152,68;152,69;152,70;152,71;152,72;152,73;153,63;153,64;153,65;153,66;153,67;153,68;153,69;153,70;153,71;153,72;153,73;154,63;154,64;154,65;154,66;154,67;154,68;154,69;154,70;154,71;154,72;154,73;155,63;155,64;155,65;155,66;155,67;155,68;155,69;155,70;155,71;155,72;155,73;156,63;156,64;156,65;156,66;156,67;156,68;156,69;156,70;156,71;156,72;156,73;157,63;157,64;157,65;157,66;157,67;157,68;157,69;157,70;157,71;157,72;157,73;158,63;158,64;158,65;158,66;158,67;158,68;158,69;158,70;158,71;158,72;158,73;159,63;159,64;159,65;159,66;159,67;159,68;159,69;159,70;159,71;159,72;159,73;160,63;160,64;160,65;160,66;160,67;160,68;160,69;160,70;160,71;160,72;160,73