-150,-150
-150,-143
-150,9;-150,10;-149,9;-149,10
-150,18
-148,130;-148,129;-148,128;-148,127;-148,126;-147,126;-147,127;-147,128;-147,129;-147,130
-149,22
-146,126
-145,126
-146,127
-145,127
-146,128
-145,128
-146,129
-145,129
-146,130
-145,130
-144,44;-144,45;-144,46;-144,47;-143,44;-143,45;-143,46;-143,47;-142,44;-142,45;-142,46;-142,47;-141,44;-141,45;-141,46;-141,47;-140,44;-140,45;-140,46;-140,47
-142,-126
-140,-117
-140,48
-139,-109
-138,12
-137,-42;-137,-41;-136,-42;-136,-41
-137,-40;-137,-39;-137,-38
-134,108;-134,109;-134,110;-134,111;-134,112;-134,113;-134,114;-134,115;-134,116;-134,117;-134,118;-134,119;-133,108;-133,109;-133,110;-133,111;-133,112;-133,113;-133,114;-133,115;-133,116;-133,117;-133,118;-133,119;-132,108;-132,109;-132,110;-132,111;-132,112;-132,113;-132,114;-132,115;-132,116;-132,117;-132,118;-132,119;-131,108;-131,109;-131,110;-131,111;-131,112;-131,113;-131,114;-131,115;-131,116;-131,117;-131,118;-131,119;-130,108;-130,109;-130,110;-130,111;-130,112;-130,113;-130,114;-130,115;-130,116;-130,117;-130,118;-130,119;-129,108;-129,109;-129,110;-129,111;-129,112;-129,113;-129,114;-129,115;-129,116;-129,117;-129,118;-129,119;-128,108;-128,109;-128,110;-128,111;-128,112;-128,113;-128,114;-128,115;-128,116;-128,117;-128,118;-128,119;-127,108;-127,109;-127,110;-127,111;-127,112;-127,113;-127,114;-127,115;-127,116;-127,117;-127,118;-127,119;-126,108;-126,109;-126,110;-126,111;-126,112;-126,113;-126,114;-126,115;-126,116;-126,117;-126,118;-126,119;-125,108;-125,109;-125,110;-125,111;-125,112;-125,113;-125,114;-125,115;-125,116;-125,117;-125,118;-125,119
-133,-35
-131,-61
-131,-34
-131,-33
-130,28
-127,-28;-127,-27;-126,-28;-126,-27
-126,15
-124,-149
-124,85;-123,85
-115,132;-116,132;-117,132;-118,132;-119,132;-120,132;-121,132;-122,132;-123,132;-124,132;-115,133;-116,133;-117,133;-118,133;-119,133;-120,133;-121,133;-122,133;-123,133;-124,133;-115,134;-116,134;-117,134;-118,134;-119,134;-120,134;-121,134;-122,134;-123,134;-124,134;-115,135;-116,135;-117,135;-118,135;-119,135;-120,135;-121,135;-122,135;-123,135;-124,135;-117,136;-118,136;-119,136;-120,136;-121,136;-122,136;-117,137;-118,137;-119,137;-120,137;-121,137;-122,137
-122,20;-123,20
-121,-45
-121,91;-120,91
-120,-56;-119,-56
-118,5;-118,6;-118,7;-117,5;-117,6;-117,7;-116,5;-116,6;-116,7
-114,-33
-114,10
-113,-38;-113,-36;-113,-37
-109,-32;-110,-32
-109,-95
-109,-93
-109,-27;-109,-26
-109,-8;-109,-7;-108,-8;-108,-7
-108,-41;-108,-40;-107,-41;-107,-40;-106,-41;-106,-40
-108,13
-107,-91;-106,-91;-105,-91
-107,-65
-106,-94
-106,-45
-105,-147;-105,-146;-105,-145;-105,-144;-104,-147;-104,-146;-104,-145;-104,-144;-103,-147;-103,-146;-103,-145;-103,-144;-102,-147;-102,-146;-102,-145;-102,-144
-104,-95
-103,-98
-103,-97;-102,-97
-103,-4
-102,-98
-101,-98
-101,8;-101,9;-101,10;-100,8;-100,9;-100,10
-101,14;-100,14
-101,15;-100,15
-100,-94
-100,-21
-99,-7;-99,-6;-99,-5;-98,-7;-98,-6;-98,-5
-98,-140
-98,-71
-97,-92;-97,-91;-97,-90;-96,-92;-96,-91;-96,-90;-95,-92;-95,-91;-95,-90
-96,112;-95,112;-94,112;-96,111;-95,111;-94,111;-96,110;-95,110;-94,110;-96,109;-95,109;-94,109;-96,108;-95,108;-94,108;-93,112;-92,112;-93,111;-92,111;-93,110;-92,110;-93,109;-92,109;-93,108;-92,108
-95,105;-94,105;-93,105;-92,105;-95,104;-94,104;-93,104;-92,104;-95,103;-94,103;-93,103;-92,103;-95,102;-94,102;-93,102;-92,102;-95,101;-94,101;-93,101;-92,101
-92,13;-92,12;-93,13;-93,12
-92,15;-93,15
-93,16;-92,16;-91,14;-91,15;-91,16;-91,17;-91,18;-91,19;-91,20;-91,21;-91,22;-91,23;-90,14;-89,12;-89,13;-89,14;-88,14;-87,14;-86,14;-85,14
-93,18;-92,18
-92,21;-93,21
-92,20;-93,20
-92,23;-92,22;-93,23;-93,22
-86,27;-87,27;-84,24;-85,24;-86,24;-87,24;-84,33;-84,32;-84,31;-84,30;-84,29;-84,28;-84,27;-84,26;-84,25;-85,33;-85,32;-85,31;-85,30;-85,29;-85,28;-85,27;-85,26;-85,25;-88,32;-88,31;-88,30;-88,29;-88,28;-88,27;-88,26;-88,25;-88,24;-89,32;-90,32;-89,33;-90,33;-89,27;-90,27;-89,24;-90,24;-91,32;-91,31;-91,30;-91,29;-91,28;-91,27;-91,26;-91,25;-91,24;-92,27;-93,27;-92,24;-93,24;-88,22;-88,23
-92,25;-93,25
-91,13;-91,12
-89,23;-90,23
-90,26;-89,26
-90,57
-90,58
-90,59
-90,60
-89,-86;-89,-85;-89,-84;-88,-86;-88,-85;-88,-84;-87,-86;-87,-85;-87,-84
-88,-20
-86,26;-87,26
-86,25;-87,25
-86,29;-87,29
-86,28;-87,28
-86,31;-87,31
-86,30;-87,30
-86,-28
-86,123;-86,124;-86,125;-86,126;-86,127;-86,128;-85,123;-85,124;-85,125;-85,126;-85,127;-85,128;-84,123;-84,124;-84,125;-84,126;-84,127;-84,128;-83,123;-83,124;-83,125;-83,126;-83,127;-83,128;-82,123;-82,124;-82,125;-82,126;-82,127;-82,128;-81,123;-81,124;-81,125;-81,126;-81,127;-81,128;-80,123;-80,124;-80,125;-80,126;-80,127;-80,128;-79,123;-79,124;-79,125;-79,126;-79,127;-79,128
-85,12;-85,13
-79,-53;-79,-54;-80,-53;-80,-54;-78,-54
-78,-21
-74,31
-73,26
-73,28
-73,29
-73,31
-73,33
-72,28
-72,29
-72,30
-72,31
-71,-119;-71,-118;-70,-119;-70,-118
-71,28
-71,29
-71,30
-71,31
-70,28
-70,29
-70,31
-70,117;-70,118
-69,-139
-69,-20
-69,32
-69,33
-69,34
-69,35
-68,32
-68,33
-68,34
-68,141
-67,-150;-67,-149;-66,-150;-66,-149;-65,-150;-65,-149
-66,-114;-67,-114
-67,32
-67,33
-67,34
-67,35
-66,32
-66,33
-66,34
-66,35
-65,-128
-65,32
-65,33
-65,34
-65,35
-64,-128
-64,-9
-64,-8
-64,-6
-64,32
-64,33
-64,34
-64,35
-63,-130;-63,-129;-63,-128;-62,-130;-62,-129;-62,-128;-61,-130;-61,-129;-61,-128
-63,32
-63,33
-63,34
-63,35
-62,32
-62,33
-62,34
-62,35
-61,32
-61,33
-61,34
-61,35
-60,35
-59,35
-59,127;-59,128
-56,127;-56,128
-55,-102
-55,-81;-55,-82
-55,-34
-54,-140
-54,34
-54,92
-54,112
-53,127;-53,128
-52,147;-51,147;-50,147;-49,147;-48,147;-47,147
-44,52;-43,52;-42,52;-41,52;-40,52;-39,52;-38,52;-37,52;-36,52;-35,52;-34,52;-33,52;-32,52;-31,52;-30,52
-29,52
-28,52
-27,52
-43,104;-42,104;-41,104;-40,104;-39,104;-38,104;-43,103;-42,103;-41,103;-40,103;-39,103;-38,103;-43,102;-42,102;-41,102;-40,102;-39,102
-41,10
-41,127;-41,128;-40,127;-40,128
-41,129
-41,130
-40,129
-40,130
-40,-59
-37,77
-36,146;-35,146
-35,-10
-32,-58;-32,-57;-32,-56;-31,-58;-31,-57;-31,-56
-32,-55
-31,3
-30,-108;-30,-107;-29,-108;-29,-107
-30,-60;-30,-59;-30,-58;-30,-57;-30,-56;-30,-55;-29,-60;-29,-59;-29,-58;-29,-57;-29,-56;-29,-55
-30,11
-30,53;-30,54;-30,55;-30,56;-30,57
-30,141;-29,141;-30,142;-29,142
-29,53;-29,54;-28,53;-28,54
-29,80;-29,81;-29,82;-29,83;-29,84;-28,83;-28,84;-29,85;-28,85;-27,85;-26,85;-28,80;-28,81;-28,82;-27,80;-27,81;-27,82;-27,83;-27,84;-26,80;-26,81;-26,82;-26,83;-26,84;-25,80;-25,81;-25,82;-25,83;-25,84;-24,83;-24,84;-25,85;-24,80;-24,81;-24,82;-24,85
-29,140;-28,140;-28,141;-28,142;-28,143;-27,142;-27,143;-27,140;-27,141;-26,141;-26,142;-26,143;-26,144;-25,141;-25,142;-25,143;-25,144;-24,140;-24,141
-28,-60;-28,-59;-28,-58;-28,-57;-28,-56;-28,-55;-27,-60;-27,-59;-27,-58;-27,-57;-27,-56;-27,-55;-26,-60;-26,-59;-26,-58;-26,-57;-26,-56;-26,-55;-25,-60;-25,-59;-25,-58;-25,-57;-25,-56;-25,-55;-24,-60;-24,-59;-24,-58;-24,-57;-24,-56;-24,-55
-28,-45
-27,-40;-27,-39;-26,-40;-26,-39
-27,53
-27,54
-26,88;-26,89;-26,90;-26,91;-26,92;-25,88;-25,89;-25,90;-25,91;-25,92;-24,88;-24,89;-24,90;-24,91;-24,92;-23,88;-23,89;-23,90;-23,91;-23,92
-25,-113;-25,-112;-25,-111;-25,-110;-24,-113;-24,-112;-24,-111;-24,-110;-23,-113;-23,-112;-23,-111;-23,-110;-22,-113;-22,-112;-22,-111;-22,-110
-25,-9;-25,-8;-24,-9;-24,-8
-24,55;-24,56;-24,57;-24,58;-24,59;-24,60
-24,79
-23,79
-23,80
-23,81
-23,82
-23,-59;-23,-58;-22,-59;-22,-58
-23,-56;-23,-55;-22,-56;-22,-55
-22,37
-12,104;-11,104;-10,104;-9,104;-9,100;-10,100;-11,100;-12,100;-9,101;-10,101;-11,101;-12,101;-9,102;-10,102;-11,102;-12,102;-9,103;-10,103;-11,103;-12,103
-16,150;-15,150;-14,150;-13,150;-12,150;-16,149;-15,149;-14,149;-13,149;-12,149;-16,148;-15,148;-14,148;-13,148;-12,148;-16,147;-15,147;-14,147;-13,147;-12,147;-16,146;-15,146;-14,146;-13,146;-12,146
-15,-126
-15,-115
-13,103;-14,103;-15,103
-14,-13
-12,-65;-12,-64;-12,-63;-11,-65;-11,-64;-11,-63;-10,-65;-10,-64;-10,-63
-11,-123
-11,-68
-11,141;-11,142;-11,143;-11,144;-11,145;-11,146;-10,141;-10,142;-10,143;-8,146;-8,145;-8,144;-9,146;-9,145;-9,144;-10,146;-10,145;-10,144;-9,141;-9,142;-9,143;-8,141;-8,142;-8,143
-4,-34;-3,-34;-4,-35;-3,-35;-2,-34;-2,-35;-1,-35;-1,-34
-1,128
-1,129
-1,130
0,128
0,129
0,130
2,-54;3,-54
5,18;5,17;5,16;4,18;4,17;4,16;3,18;3,17;3,16;2,18;2,17;2,16
2,55;2,56;3,55;3,56
3,135;3,136;3,137;4,135;4,136;4,137;5,135;5,136;5,137
5,19
5,100;5,101;5,102;5,103;5,104;6,100;6,101;6,102;6,103;6,104;7,100;7,101;7,102;7,103;7,104;8,100;8,101;8,102;8,103;8,104;9,100;9,101;9,102;9,103;9,104;10,100;10,101;10,102;10,103;10,104;11,100;11,101;11,102;11,103;11,104
6,-105;6,-104;6,-103;6,-102;6,-101;6,-100;6,-99;6,-98;6,-97;7,-104;7,-103;7,-102;7,-101;7,-100;7,-99;7,-98;7,-97;7,-105
6,135;6,136;6,137;7,135;7,136;7,137
7,21
7,97;7,98;7,99;8,97;8,98;8,99;9,97;9,98;9,99;10,97;10,98;10,99;11,97;11,98;11,99
10,-48
10,-45
11,-117
11,95;11,96
11,145;11,146;11,147;11,148;11,149;12,145;12,146;12,147;12,148;12,149;13,145;13,146;13,147;13,148;13,149;14,145;14,146;14,147;14,148;14,149;15,145;15,146;15,147;15,148;15,149
12,-48
12,-19;12,-18;13,-19;13,-18;14,-19;14,-18;15,-19;15,-18;16,-19;16,-18;17,-19;17,-18
12,-16;12,-15;13,-16;13,-15;14,-16;14,-15
12,23
13,-13;13,-12;14,-13;14,-12
13,14
13,85;13,84;13,83;13,82;13,81;13,80;13,79;13,78;13,77;13,76;13,75;14,85;14,84;14,83;14,82;14,81;14,80;14,79;14,78;14,77;14,76;14,75;15,85;15,84;15,83;15,82;15,81;15,80;15,79;15,78;15,77;15,76;15,75;16,85;16,84;16,83;16,82;16,81;16,80;16,79;16,78;16,77;16,76;16,75;17,85;17,84;17,83;17,82;17,81;17,80;17,79;17,78;17,77;17,76;17,75;18,85;18,84;18,83;18,82;18,81;18,80;18,79;18,78;18,77;18,76;18,75;19,85;19,84;19,83;19,82;19,81;19,80;19,79;19,78;19,77;19,76;19,75;20,85;20,84;20,83;20,82;20,81;20,80;20,79;20,78;20,77;20,76;20,75;21,85;21,84;21,83;21,82;21,81;21,80;21,79;21,78;21,77;21,76;21,75;22,85;22,84;22,83;22,82;22,81;22,80;22,79;22,78;22,77;22,76;22,75
23,85;23,84;23,83;24,85;24,84;24,83;25,85;25,84;25,83;26,85;26,84;26,83;27,85;27,84;27,83
14,-49
15,-117;16,-117;17,-117
15,12
16,-88;16,-87;16,-86;17,-88;17,-87;17,-86;18,-88;18,-87;18,-86;19,-88;19,-87;19,-86;20,-88;20,-87;20,-86;21,-89;21,-88;21,-87;21,-86;22,-89;22,-88;22,-87;22,-86;21,-85;22,-85
16,-16;16,-15;17,-16;17,-15
16,-13;17,-13
16,-12;16,-11;17,-12;17,-11
19,-19;19,-18;20,-19;20,-18
19,-16;19,-15;19,-14;20,-16;20,-15;20,-14
19,-13;19,-12;19,-11;20,-13;20,-12;20,-11
19,92
21,9
21,129
22,124;22,125;22,126;23,124;23,125;23,126;24,124;24,125;24,126
23,-140
23,-139
24,-140
24,-139
23,-128
23,-104
24,-137
24,-54
24,-28
25,-35
25,-9
26,-84
26,8;26,9;27,8;27,9
27,-92;27,-93
31,-116
32,24;33,24;33,23;32,23
31,92
31,91
31,90
32,90
32,91
32,92
33,90;33,91;34,91;33,92;34,90;34,92
34,-95
35,-83;35,-82;35,-81;35,-80;36,-83;36,-82;36,-81;36,-80;37,-83;37,-82;37,-81;37,-80;38,-83;38,-82;38,-81;38,-80
35,-65
35,10;36,10
35,90
35,91
35,92
36,-63
36,-6;37,-6;37,-5
38,97
38,96
38,95
38,94
38,93
38,92
38,91
38,90
37,97
37,96
37,95
37,94
37,93
37,92
37,91
37,90
36,97
36,96
36,95
36,94
36,93
36,92
36,91
36,90
37,-115
37,-114
38,-3;39,-3;40,-3;38,-2;39,-2;40,-2;38,-1;39,-1;40,-1
38,30;38,31;38,32;39,30;39,31;39,32
38,103
40,-42;40,-41;40,-40;41,-42;41,-41;41,-40;42,-42;42,-41;42,-40
40,-20;40,-21
41,-118
41,-66;41,-65
41,-1
43,-2;44,-2;43,-3;44,-3
43,-1
43,99
45,39;45,40;45,41;46,39;46,40;46,41
46,-52;47,-52
47,-46;47,-45;48,-45;49,-45;47,-44;48,-44;49,-44;47,-43;48,-43;49,-43;48,-46;49,-46
50,-87
52,25;53,25;54,25;55,25;56,25;57,25;58,25;59,25;52,24;53,24;54,24;55,24;56,24;57,24;58,24;59,24;52,23;53,23;54,23;55,23;56,23;57,23;58,23;59,23;52,22;53,22;54,22;55,22;56,22;57,22;58,22;59,22
55,28
56,-25
56,112
57,-110
58,-24
60,-19
63,-1
66,-1;66,-2;67,-1;67,-2
66,13;66,14;67,13;67,14;68,13;68,14
69,46
69,47
69,48
70,46
70,47
70,48
71,46
71,47
71,48
87,-129
83,-130
74,-137
77,-103
74,48;75,48;76,50;74,50;75,50;74,49;75,49;76,49;76,48;77,48;77,49;77,50;78,50;78,49;78,48;74,46;74,47;75,46;75,47;76,47;77,47;78,47;78,46;78,45;79,46;79,45;80,46;80,45
74,51;75,56;75,55;75,54;75,53;75,52;75,51;74,56;74,55;74,54;74,53;74,52;76,56;76,55;76,54;76,53;76,52;76,51;77,56;77,55;77,54;77,53;77,52;77,51;78,56;78,55;78,54;78,53;78,52;78,51;79,56;79,55;79,54;79,53;79,52;79,51
75,60;75,61;75,62;75,63;75,64;75,65;76,60;76,61;76,62;76,63;76,64;76,65;77,60;77,61;77,62;77,63;77,64;77,65;78,60;78,61;78,62;78,63;78,64;78,65;79,60;79,61;79,62;79,63;79,64;79,65
79,30
83,46;84,47;84,46;83,47;82,47;81,47;80,47;79,47;81,51;82,51;79,50;79,49;79,48;80,51;81,50;81,49;81,48;82,50;82,49;82,48;80,50;80,49;80,48
80,54;81,56;82,56;80,55;81,55;82,55;80,56;81,54;82,54;80,52;82,53;80,53;81,53;81,52;82,52;83,48;84,56;83,56;84,55;83,55;84,54;83,54;84,53;83,53;84,52;83,52;84,51;83,51;84,50;83,50;84,49;83,49;84,48
88,79
88,78
88,77
88,76
87,79
87,78
87,77
87,76
86,79
86,78
86,77
86,76
85,79
85,78
85,77
85,76
84,79
84,78
84,77
84,76
83,79
83,78
83,77
83,76
85,48;85,54;86,54;85,53;86,53;85,52;86,52;85,51;86,51;85,50;86,50;85,49;86,49;86,48;87,51;87,52;88,51;88,52;89,51;89,52;90,51;90,52;87,48;87,49;87,50;88,48;88,49;88,50;89,48;89,49;89,50;90,48;90,49;90,50;85,46;85,47;86,47;86,46
85,55;86,56;87,56;88,56;89,56;90,56;91,56;92,56;93,56;94,56;85,56;86,55;87,55;88,55;89,55;90,55;91,55;92,55;93,55;94,55;87,53;88,54;89,54;90,54;91,54;92,54;93,54;94,54;87,54;88,53;89,53;90,53;91,53;92,53;93,53;94,53
87,-16;87,-15;87,-14;87,-13;87,-12;88,-16;88,-15;88,-14;88,-13;88,-12;89,-16;89,-15;89,-14;89,-13;89,-12;90,-16;90,-15;90,-14;90,-13;90,-12
91,48;91,52;91,51;91,50;91,49;92,52;92,51;92,50;92,49;92,48;93,52;93,51;93,50;93,49;93,48;94,52;94,51;94,50;94,49;94,48;87,46;87,47;88,46;88,47;89,46;89,47;90,46;90,47;91,46;91,47;92,46;92,47;93,46;93,47;94,46;94,47
92,-129
106,-133
98,83;99,83
100,83;100,84;101,84;102,84;100,85;101,85;102,85;103,85;100,86;101,86;102,86;103,86;101,83;102,83;103,83;103,84
95,84;96,84;97,84;98,84;99,84;95,85;96,85;97,85;98,85;99,85;95,86;96,86;97,86;98,86;99,86;95,87;96,87;97,87;98,87;99,87;95,88;96,88;97,88;98,88;99,88
100,87;101,87;102,87;103,87;100,88;101,88;102,88;103,88
98,89;99,89;100,89
100,-34
100,77;100,78;100,79;100,80;100,81;101,77;101,78;101,79;101,80;101,81;102,77;102,78;102,79;102,80;102,81;103,77;103,78;103,79;103,80;103,81;104,77;104,78;104,79;104,80;104,81;105,77;105,78;105,79;105,80;105,81;106,77;106,78;106,79;106,80;106,81;107,79;107,78;107,77;101,76;102,76;103,76;104,76;105,76;106,76;103,75;104,75;100,82;101,82;102,82;103,82;104,82
118,-118;119,-118;120,-118;121,-118;122,-118;118,-119;119,-119;120,-119;121,-119;122,-119;118,-120;119,-120;120,-120;121,-120;122,-120;118,-121;119,-121;120,-121;121,-121;122,-121
119,-124
118,-110;119,-110
114,-22
119,-12;119,-11;120,-12;120,-11
117,-25;117,-26;117,-27;118,-25;118,-26;118,-27;119,-25;119,-26;119,-27;120,-25;120,-26;120,-27;121,-25;121,-26;121,-27
122,-11
126,-120;127,-120;126,-121;127,-121
128,-122;129,-122;128,-123;129,-123
130,-126
134,-130;135,-130;134,-131;135,-131
132,-98
130,-104;131,-104;132,-104
124,-35
125,-35
124,-11
124,-10
125,-11;125,-10;126,-11;126,-10
126,-19
126,-12
127,-12
127,-11;127,-10
128,-11;128,-10;129,-11;129,-10
129,-12
129,-9
129,-4;129,-3;129,-2;130,-4;130,-3;130,-2
131,-4;131,-3;131,-2
133,-23
133,-5
135,42;135,43;135,44;135,45
136,-144;136,-143;136,-142;136,-141;137,-144;137,-143;137,-142;137,-141;138,-141;138,-142;139,-141;139,-142
137,50
138,8
139,-74;139,-73;140,-74;140,-73
139,-72
140,-37;140,-36;140,-35;141,-37;141,-36;141,-35;142,-37;142,-36;142,-35
140,-2;140,-3;140,-4;140,-5;140,-6;140,-7;140,-8;140,-9;140,-10;140,-11;141,-2;141,-3;141,-4;141,-5;141,-6;141,-7;141,-8;141,-9;141,-10;141,-11;142,-2;142,-3;142,-4;142,-5;142,-6;142,-7;142,-8;142,-9;142,-10;142,-11;143,-2;143,-3;143,-4;143,-5;143,-6;143,-7;143,-8;143,-9;143,-10;143,-11;144,-2;144,-3;144,-4;144,-5;144,-6;144,-7;144,-8;144,-9;144,-10;144,-11;145,-2;145,-3;145,-4;145,-5;145,-6;145,-7;145,-8;145,-9;145,-10;145,-11;146,-2;146,-3;146,-4;146,-5;146,-6;146,-7;146,-8;146,-9;146,-10;146,-11;147,-2;147,-3;147,-4;147,-5;147,-6;147,-7;147,-8;147,-9;147,-10;147,-11;148,-2;148,-3;148,-4;148,-5;148,-6;148,-7;148,-8;148,-9;148,-10;148,-11;149,-2;149,-3;149,-4;149,-5;149,-6;149,-7;149,-8;149,-9;149,-10;149,-11
142,-146;142,-145;142,-144;143,-146;143,-145;143,-144
143,-37;143,-36;144,-37;144,-36
144,44
145,-58
145,-57;146,-57
145,60;145,61;145,62;145,63;145,64;145,65;146,60;146,61;146,62;146,63;146,64;146,65;147,60;147,61;147,62;147,63;147,64;147,65;148,60;148,61;148,62;148,63;148,64;148,65;149,60;149,61;149,62;149,63;149,64;149,65
149,-147
149,-83;149,-82
150,63;150,64;150,65;150,66;150,67;150,68;150,69;150,70;150,71;150,72;150,73;151,63;151,64;151,65;151,66;151,67;151,68;151,69;151,70;151,71;151,72;151,73;152,63;152,64;152,65;152,66;152,67;152,68;152,69;152,70;152,71;152,72;152,73;153,63;153,64;153,65;153,66;153,67;153,68;153,69;153,70;153,71;153,72;153,73;154,63;154,64;154,65;154,66;154,67;154,68;154,69;154,70;154,71;154,72;154,73;155,63;155,64;155,65;155,66;155,67;155,68;155,69;155,70;155,71;155,72;155,73;156,63;156,64;156,65;156,66;156,67;156,68;156,69;156,70;156,71;156,72;156,73;157,63;157,64;157,65;157,66;157,67;157,68;157,69;157,70;157,71;157,72;157,73;158,63;158,64;158,65;158,66;158,67;158,68;158,69;158,70;158,71;158,72;158,73;159,63;159,64;159,65;159,66;159,67;159,68;159,69;159,70;159,71;159,72;159,73;160,63;160,64;160,65;160,66;160,67;160,68;160,69;160,70;160,71;160,72;160,73