-150,-143
-150,72;-149,72;-148,72;-147,72;-146,72;-145,72;-144,72;-143,72;-142,72;-141,72;-140,72;-139,72;-150,71;-149,71;-148,71;-147,71;-146,71;-145,71;-144,71;-143,71;-142,71;-141,71;-140,71;-139,71;-150,70;-149,70;-148,70;-147,70;-146,70;-145,70;-144,70;-143,70;-142,70;-141,70;-140,70;-139,70;-150,69;-149,69;-148,69;-147,69;-146,69;-145,69;-144,69;-143,69;-142,69;-141,69;-140,69;-139,69;-150,68;-149,68;-148,68;-147,68;-146,68;-145,68;-144,68;-143,68;-142,68;-141,68;-140,68;-139,68;-150,67;-149,67;-148,67;-147,67;-146,67;-145,67;-144,67;-143,67;-142,67;-141,67;-140,67;-139,67;-150,66;-149,66;-148,66;-147,66;-146,66;-145,66;-144,66;-143,66;-142,66;-141,66;-140,66;-139,66;-150,65;-149,65;-148,65;-147,65;-146,65;-145,65;-144,65;-143,65;-142,65;-141,65;-140,65;-139,65;-150,64;-149,64;-148,64;-147,64;-146,64;-145,64;-144,64;-143,64;-142,64;-141,64;-140,64;-139,64
-150,126;-149,126;-150,127;-149,127;-150,128;-149,128;-150,129;-149,129;-150,130;-149,130
-150,131;-149,131;-150,132;-149,132;-150,133;-149,133;-150,134;-149,134;-150,135;-149,135
-149,12
-148,126;-147,126;-148,127;-147,127;-148,128;-147,128;-148,129;-147,129;-148,130;-147,130
-148,131;-147,131;-148,132;-147,132;-148,133;-147,133;-148,134;-147,134;-148,135;-147,135
-146,16
-143,-117
-143,-36
-136,-25;-137,-25;-138,-25;-139,-25;-140,-25;-141,-25;-136,-24;-137,-24;-138,-24;-139,-24;-140,-24;-141,-24;-136,-23;-137,-23;-138,-23;-139,-23;-140,-23;-141,-23;-136,-22;-137,-22;-138,-22;-139,-22;-140,-22;-141,-22;-136,-21;-137,-21;-138,-21;-139,-21;-140,-21;-141,-21
-138,-116
-134,-35;-134,-34
-133,-34
-126,-77
-126,15
-125,-83
-115,132;-116,132;-117,132;-118,132;-119,132;-120,132;-121,132;-122,132;-123,132;-124,132;-115,133;-116,133;-117,133;-118,133;-119,133;-120,133;-121,133;-122,133;-123,133;-124,133;-115,134;-116,134;-117,134;-118,134;-119,134;-120,134;-121,134;-122,134;-123,134;-124,134;-115,135;-116,135;-117,135;-118,135;-119,135;-120,135;-121,135;-122,135;-123,135;-124,135;-117,136;-118,136;-119,136;-120,136;-121,136;-122,136;-117,137;-118,137;-119,137;-120,137;-121,137;-122,137
-122,-149;-122,-148;-122,-147;-122,-146;-122,-145;-122,-144;-122,-143;-122,-142;-122,-141;-122,-140;-121,-149;-121,-148;-121,-147;-121,-146;-121,-145;-121,-144;-121,-143;-121,-142;-121,-141;-121,-140;-120,-149;-120,-148;-120,-147;-120,-146;-120,-145;-120,-144;-120,-143;-120,-142;-120,-141;-120,-140;-119,-149;-119,-148;-119,-147;-119,-146;-119,-145;-119,-144;-119,-143;-119,-142;-119,-141;-119,-140;-118,-149;-118,-148;-118,-147;-118,-146;-118,-145;-118,-144;-118,-143;-118,-142;-118,-141;-118,-140;-117,-149;-117,-148;-117,-147;-117,-146;-117,-145;-117,-144;-117,-143;-117,-142;-117,-141;-117,-140;-116,-149;-116,-148;-116,-147;-116,-146;-116,-145;-116,-144;-116,-143;-116,-142;-116,-141;-116,-140;-115,-149;-115,-148;-115,-147;-115,-146;-115,-145;-115,-144;-115,-143;-115,-142;-115,-141;-115,-140;-114,-149;-114,-148;-114,-147;-114,-146;-114,-145;-114,-144;-114,-143;-114,-142;-114,-141;-114,-140;-113,-149;-113,-148;-113,-147;-113,-146;-113,-145;-113,-144;-113,-143;-113,-142;-113,-141;-113,-140
-121,90
-120,4;-120,5;-119,4;-119,5
-120,90
-120,99;-120,100;-120,101;-120,102;-120,103;-120,104;-120,105;-120,106;-120,107;-120,108;-120,109;-120,110;-120,111;-120,112;-120,113;-120,114;-119,114;-118,114;-117,114;-116,108;-116,109;-116,110;-116,111;-116,114;-115,108;-115,111;-115,112;-115,113;-115,114;-114,108;-114,114;-113,108;-113,114;-112,108;-112,109;-112,110;-112,111;-112,112;-112,113;-112,114;-111,114;-110,114;-109,114;-108,114;-107,114;-106,114;-105,105;-105,106;-105,107;-105,108;-105,109;-105,110;-105,111;-105,112;-105,113;-105,114
-119,-59;-119,-58;-118,-59;-118,-58
-119,17
-119,18
-119,99;-119,100;-119,101;-119,102;-119,103;-119,104;-118,99;-118,100;-118,101;-118,102;-118,103;-118,104;-117,99;-117,100;-117,101;-117,102;-117,103;-117,104;-116,99;-116,100;-116,101;-116,102;-116,103;-116,104;-115,99;-115,100;-115,101;-115,102;-115,103;-115,104;-114,99;-114,100;-114,101;-114,102;-114,103;-114,104;-113,99;-113,100;-113,101;-113,102;-113,103;-113,104;-112,99;-112,100;-112,101;-112,102;-112,103;-112,104;-111,99;-111,100;-111,101;-111,102;-111,103;-111,104;-110,99;-110,100;-110,101;-110,102;-110,103;-110,104
-119,105;-119,106;-118,105;-118,106;-117,105;-117,106;-116,105;-116,106;-115,105;-115,106;-114,105;-114,106;-114,107;-113,105;-113,106;-113,107;-112,105;-112,106;-112,107;-111,105;-111,106;-110,105;-110,106;-109,105;-109,106;-108,105;-108,106;-107,105;-107,106;-106,105;-106,106
-119,107;-119,108;-118,107;-118,108;-117,107;-117,108
-119,109;-119,110;-119,111;-118,109;-118,110;-118,111;-117,109;-117,110;-117,111
-119,112;-119,113;-118,112;-118,113;-117,112;-117,113;-116,112;-116,113
-118,4;-118,5
-118,12
-116,107;-115,107
-115,6;-115,7;-114,6;-114,7
-115,109;-115,110;-114,109;-114,110
-114,-108;-114,-107;-113,-108;-113,-107;-112,-108;-112,-107
-114,-45
-114,111;-114,112;-114,113;-113,111;-113,112;-113,113
-113,9
-113,10
-112,9
-112,10
-111,9
-111,10
-113,109;-113,110
-111,-125;-111,-124;-111,-123;-111,-122;-111,-121;-111,-120;-111,-119;-111,-118;-111,-117;-111,-116;-111,-115;-111,-114;-111,-113;-110,-125;-110,-124;-110,-123;-110,-122;-110,-121;-110,-120;-110,-119;-110,-118;-110,-117;-110,-116;-110,-115;-110,-114;-110,-113;-109,-125;-109,-124;-109,-123;-109,-122;-109,-121;-109,-120;-109,-119;-109,-118;-109,-117;-109,-116;-109,-115;-109,-114;-109,-113;-108,-125;-108,-124;-108,-123;-108,-122;-108,-121;-108,-120;-108,-119;-108,-118;-108,-117;-108,-116;-108,-115;-108,-114;-108,-113;-107,-125;-107,-124;-107,-123;-107,-122;-107,-121;-107,-120;-107,-119;-107,-118;-107,-117;-107,-116;-107,-115;-107,-114;-107,-113;-106,-125;-106,-124;-106,-123;-106,-122;-106,-121;-106,-120;-106,-119;-106,-118;-106,-117;-106,-116;-106,-115;-106,-114;-106,-113;-105,-125;-105,-124;-105,-123;-105,-122;-105,-121;-105,-120;-105,-119;-105,-118;-105,-117;-105,-116;-105,-115;-105,-114;-105,-113;-104,-125;-104,-124;-104,-123;-104,-122;-104,-121;-104,-120;-104,-119;-104,-118;-104,-117;-104,-116;-104,-115;-104,-114;-104,-113;-103,-125;-103,-124;-103,-123;-103,-122;-103,-121;-103,-120;-103,-119;-103,-118;-103,-117;-103,-116;-103,-115;-103,-114;-103,-113;-102,-125;-102,-124;-102,-123;-102,-122;-102,-121;-102,-120;-102,-119;-102,-118;-102,-117;-102,-116;-102,-115;-102,-114;-102,-113;-101,-125;-101,-124;-101,-123;-101,-122;-101,-121;-101,-120;-101,-119;-101,-118;-101,-117;-101,-116;-101,-115;-101,-114;-101,-113;-100,-125;-100,-124;-100,-123;-100,-122;-100,-121;-100,-120;-100,-119;-100,-118;-100,-117;-100,-116;-100,-115;-100,-114;-100,-113;-99,-125;-99,-124;-99,-123;-99,-122;-99,-121;-99,-120;-99,-119;-99,-118;-99,-117;-99,-116;-99,-115;-99,-114;-99,-113
-111,-41;-111,-40;-110,-40
-111,107;-111,108;-111,109;-111,110;-111,111;-111,112;-111,113;-110,107;-110,108;-110,109;-110,110;-110,111;-110,112;-110,113;-109,107;-109,108;-109,109;-109,110;-109,111;-109,112;-109,113;-108,107;-108,108;-108,109;-108,110;-108,111;-108,112;-108,113;-107,107;-107,108;-107,109;-107,110;-107,111;-107,112;-107,113;-106,107;-106,108;-106,109;-106,110;-106,111;-106,112;-106,113
-109,-32;-110,-32
-107,41
-107,40
-107,39
-107,38
-107,37
-107,36
-107,35
-107,34
-108,41
-108,40
-108,39
-108,38
-108,37
-108,36
-108,35
-108,34
-109,41
-109,40
-109,39
-109,38
-109,37
-109,36
-109,35
-109,34
-110,41
-110,40
-110,39
-110,38
-110,37
-110,36
-110,35
-110,34
-109,-95
-109,99;-109,100;-109,101;-109,102;-109,103;-109,104;-108,99;-108,100;-108,101;-108,102;-108,103;-108,104;-107,99;-107,100;-107,101;-107,102;-107,103;-107,104;-106,99;-106,100;-106,101;-106,102;-106,103;-106,104;-105,99;-105,100;-105,101;-105,102;-105,103;-105,104
-107,-94
-106,34
-106,35
-106,36
-106,37
-106,38
-106,39
-106,40
-106,41
-105,34
-105,35
-105,36
-105,37
-105,38
-105,39
-105,40
-105,41
-104,34
-104,35
-104,36
-104,37
-104,38
-104,39
-104,40
-104,41
-103,34
-103,35
-103,36
-103,37
-103,38
-103,39
-103,40
-103,41
-105,-143;-105,-144;-105,-145;-105,-146;-105,-147;-104,-142;-104,-143;-104,-144;-104,-145;-104,-146;-104,-147;-103,-142;-103,-143;-103,-144;-103,-145;-103,-146;-103,-147;-102,-144;-102,-143;-102,-145;-102,-146;-102,-147
-104,-27;-104,-28;-105,-27;-105,-28
-104,-95
-102,-98;-102,-99;-101,-99;-101,-98;-101,-97
-103,-97;-102,-97
-102,-139;-102,-138;-102,-137;-102,-136;-102,-135;-102,-134;-102,-133;-102,-132;-102,-131;-102,-130;-101,-139;-101,-138;-101,-137;-101,-136;-101,-135;-101,-134;-101,-133;-101,-132;-101,-131;-101,-130;-100,-139;-100,-138;-100,-137;-100,-136;-100,-135;-100,-134;-100,-133;-100,-132;-100,-131;-100,-130;-99,-139;-99,-138;-99,-137;-99,-136;-99,-135;-99,-134;-99,-133;-99,-132;-99,-131;-99,-130;-98,-139;-98,-138;-98,-137;-98,-136;-98,-135;-98,-134;-98,-133;-98,-132;-98,-131;-98,-130;-97,-139;-97,-138;-97,-137;-97,-136;-97,-135;-97,-134;-97,-133;-97,-132;-97,-131;-97,-130;-96,-139;-96,-138;-96,-137;-96,-136;-96,-135;-96,-134;-96,-133;-96,-132;-96,-131;-96,-130;-95,-139;-95,-138;-95,-137;-95,-136;-95,-135;-95,-134;-95,-133;-95,-132;-95,-131;-95,-130;-94,-139;-94,-138;-94,-137;-94,-136;-94,-135;-94,-134;-94,-133;-94,-132;-94,-131;-94,-130;-93,-139;-93,-138;-93,-137;-93,-136;-93,-135;-93,-134;-93,-133;-93,-132;-93,-131;-93,-130
-95,40
-95,39
-95,38
-95,35
-95,34
-96,40
-96,39
-96,38
-96,37
-96,35;-97,35
-96,34;-97,34
-97,41
-97,40
-97,39;-97,38;-97,37;-98,39;-98,38;-98,37;-98,36;-98,35;-98,34;-99,39;-99,38;-99,37;-99,36;-99,35;-99,34;-100,39;-100,38;-100,37
-98,41
-98,40
-99,41
-99,40
-100,41
-100,40
-100,36
-100,35;-101,35
-100,34;-101,34
-101,41
-101,40
-101,39
-101,38
-101,37
-101,36
-102,41
-102,40
-102,39
-102,38
-102,37
-102,36
-102,35
-102,34
-97,-92;-97,-91;-97,-90;-96,-92;-96,-91;-96,-90;-95,-92;-95,-91;-95,-90
-92,-84
-92,-77;-92,-76;-91,-77;-91,-76;-92,-75;-91,-75
-91,-22
-91,56
-90,56
-91,57
-91,58
-91,59
-90,57
-90,58;-89,58
-90,59
-89,57
-89,59
-90,-81
-90,108;-90,109;-89,108;-89,109;-88,108;-88,109;-90,110;-90,111;-89,110;-89,111;-88,110;-88,111
-87,-84;-87,-85;-87,-86;-88,-84;-88,-85;-88,-86;-89,-84;-89,-85;-89,-86
-89,56
-86,-126
-82,83;-82,84;-82,85;-82,86;-83,83;-83,84;-83,85;-83,86;-84,83;-84,84;-84,85;-84,86;-85,83;-85,84;-85,85;-85,86
-75,-65;-75,-64
-71,-13;-71,-14;-71,-15;-71,-16;-71,-17;-72,-13;-72,-14;-72,-15;-72,-16;-72,-17;-73,-13;-73,-14;-73,-15;-73,-16;-73,-17;-74,-13;-74,-14;-74,-15;-74,-16;-74,-17
-71,-119;-71,-118;-70,-118;-70,-119
-71,-107
-70,-107
-69,-139
-69,-119
-69,-118
-69,28;-69,29;-69,30;-69,31;-68,28;-68,29;-68,30;-68,31;-67,28;-67,29;-67,30;-67,31;-66,28;-66,29;-66,30;-66,31;-65,28;-65,29;-65,30;-65,31;-64,28;-64,29;-64,30;-64,31;-63,28;-63,29;-63,30;-63,31;-62,28;-62,29;-62,30;-62,31;-61,28;-61,29;-61,30;-61,31
-69,33;-69,34;-68,33;-68,34
-67,-150;-67,-149;-66,-150;-66,-149;-65,-150;-65,-149
-67,-111;-67,-110;-67,-109;-66,-110;-66,-109;-65,-111;-65,-110;-65,-109;-64,-111;-64,-110;-64,-109
-64,-128
-63,-110;-63,-109;-62,-109;-62,-110
-59,125
-59,128;-58,128;-59,127;-58,127
-58,-116;-58,-115;-58,-114;-57,-116;-57,-115;-57,-114;-56,-116;-56,-115;-56,-114
-56,127;-56,128;-55,127;-55,128
-55,-127
-54,-140
-54,-83;-53,-83;-54,-84;-53,-84;-54,-85;-53,-85;-54,-82;-54,-81;-54,-80;-53,-82;-53,-81;-53,-80
-54,24;-54,25;-53,24;-53,25
-54,128;-53,128;-54,127;-53,127
-52,-140
-52,28
-51,92;-50,92;-51,91;-50,91
-50,149;-49,149
-47,67
-47,133;-47,134;-47,135;-47,136;-47,137;-46,133;-46,134;-46,135;-46,136;-46,137;-45,133;-45,134;-45,135;-45,136;-45,137;-44,133;-44,134;-44,135;-44,136;-44,137;-43,133;-43,134;-43,135;-43,136;-43,137
-44,74
-43,6
-43,104;-42,104;-41,104;-40,104;-39,104;-38,104;-43,103;-42,103;-41,103;-40,103;-39,103;-38,103;-43,102;-42,102;-41,102;-40,102;-39,102
-42,133;-42,134;-42,135;-42,136;-42,137;-41,133;-41,134;-41,135;-41,136;-41,137;-40,133;-40,134;-40,135;-40,136;-40,137;-39,133;-39,134;-39,135;-39,136;-39,137;-38,133;-38,134;-38,135;-38,136;-38,137
-40,-59
-39,-106
-39,-3;-38,-3;-37,-3;-36,-3
-38,-107
-38,31
-36,-6
-36,78
-35,-34
-35,105;-34,105;-33,105;-32,105;-31,105;-30,105;-29,105;-28,105;-27,100;-27,101;-27,102;-27,103;-27,104;-27,105;-26,100;-26,105;-25,100;-25,105;-24,100;-24,105;-23,100;-23,105;-22,100;-22,101;-22,102;-22,103;-22,104;-22,105;-21,100;-21,105;-20,100;-19,100;-18,100;-20,105;-19,105;-18,105
-35,106;-35,107;-35,108;-35,109;-34,106;-34,107;-34,108;-34,109;-33,106;-33,107;-33,108;-33,109;-32,106;-32,107;-32,108;-32,109;-31,106;-31,107;-31,108;-31,109;-30,106;-30,107;-30,108;-30,109;-35,110;-34,110;-33,110;-32,110;-31,110;-30,110
-29,106;-29,107;-29,108;-29,109;-28,106;-28,107;-28,108;-28,109;-29,110;-28,110;-27,106;-27,107;-27,108;-27,109;-27,110;-26,109;-26,110;-25,109;-25,110;-24,109;-24,110;-26,106;-26,107;-26,108;-25,106;-25,107;-25,108;-24,106;-24,107;-24,108
-34,48;-34,49
-33,48;-32,48;-31,48
-31,-27
-31,14
-31,45;-30,45;-31,46;-31,47;-30,46;-30,47
-30,-108;-30,-107;-29,-108;-29,-107
-30,53;-30,54;-30,55;-30,56;-30,57
-29,55;-29,56;-29,57;-29,58;-29,59;-29,60;-29,61;-29,62;-28,55;-28,56;-28,57;-28,58;-28,59;-28,60;-28,61;-28,62;-27,55;-27,56;-27,57;-27,58;-27,59;-27,60;-27,61;-27,62;-26,55;-26,56;-26,57;-26,58;-26,59;-26,60;-26,61;-26,62;-25,55;-25,56;-25,57;-25,58;-25,59;-25,60;-25,61;-25,62
-27,111
-27,112
-27,113
-26,111
-26,112
-26,113
-25,111
-25,112
-25,113
-24,111
-24,112
-24,113
-23,109;-23,110;-23,106;-23,107;-23,108;-22,106;-22,107;-22,108;-22,109;-22,110;-21,106;-21,107;-21,108;-21,109;-21,110;-20,106;-20,107;-20,108;-20,109;-20,110;-19,106;-19,107;-19,108;-19,109;-19,110;-18,106;-18,107;-18,108;-18,109;-18,110
-23,111
-23,112
-23,113
-26,101;-26,102;-26,103;-26,104;-25,101;-25,102;-25,103;-25,104;-24,101;-24,102;-24,103;-24,104;-23,101;-23,102;-23,103;-23,104
-25,-46;-25,-45;-24,-46;-24,-45;-23,-46;-23,-45;-22,-46;-22,-45
-25,-8;-24,-8;-25,-9;-24,-9
-25,34;-25,35
-24,55;-24,56;-24,57;-24,58;-24,59;-24,60
-23,-56;-23,-55;-22,-56;-22,-55
-23,23
-22,95;-22,96;-22,97;-22,98;-22,99;-21,95;-21,96;-21,97;-21,98;-21,99;-20,95;-20,96;-20,97;-20,98;-20,99;-19,95;-19,96;-19,97;-19,98;-19,99
-17,-110;-17,-111;-17,-112;-17,-113;-17,-114;-17,-115;-18,-110;-18,-111;-18,-112;-18,-113;-18,-114;-18,-115;-19,-110;-19,-111;-19,-112;-19,-113;-19,-114;-19,-115;-20,-110;-20,-111;-20,-112;-20,-113;-20,-114;-20,-115;-21,-110;-21,-111;-21,-112;-21,-113;-21,-114;-21,-115
-21,101;-21,102;-21,103;-21,104;-20,103;-19,103;-18,103;-20,102;-19,102;-18,102;-20,101;-19,101;-18,101;-20,104;-19,104;-18,104
-17,103;-17,102;-17,101;-17,100;-17,104;-16,104;-15,104;-14,104;-13,104;-16,103;-16,102;-16,101;-16,100;-15,102;-14,102;-13,102;-15,101;-14,101;-13,101;-15,100;-14,100;-13,100;-13,103;-14,103;-15,103;-12,100;-12,101;-12,102;-12,103;-12,104
-18,-17
-17,56;-17,57;-17,58;-17,59;-17,60;-17,61;-17,62;-17,63;-17,64;-17,65;-17,66;-17,67;-16,56;-16,57;-16,58;-16,59;-16,60;-16,61;-16,62;-16,63;-16,64;-16,65;-16,66;-16,67;-15,56;-15,57;-15,58;-15,59;-15,60;-15,61;-15,62;-15,63;-15,64;-15,65;-15,66;-15,67;-14,52;-14,53;-14,54;-14,55;-14,56;-14,57;-14,58;-14,59;-14,60;-14,61;-14,62;-14,63;-14,64;-14,65;-14,66;-14,67;-13,52;-13,53;-13,54;-13,55;-13,56;-13,57;-13,58;-13,59;-13,60;-13,61;-13,62;-13,63;-13,64;-13,65;-13,66;-13,67;-12,52;-12,53;-12,54;-12,55;-12,56;-12,57;-12,58;-12,59;-12,60;-12,61;-12,62;-12,63;-12,64;-12,65;-12,66;-12,67;-11,52;-11,53;-11,54;-11,55;-11,56;-11,57;-11,58;-11,59;-11,60;-11,61;-11,62;-11,63;-11,64;-11,65;-11,66;-11,67;-10,52;-10,53;-10,54;-10,55;-10,56;-10,57;-10,58;-10,59;-10,60;-10,61;-10,62;-10,63;-10,64;-10,65;-10,66;-10,67;-9,52;-9,53;-9,54;-9,55;-9,56;-9,57;-9,58;-9,59;-9,60;-9,61;-9,62;-9,63;-9,64;-9,65;-9,66;-9,67;-8,52;-8,53;-8,54;-8,55;-8,56;-8,57;-8,58;-8,59;-8,60;-8,61;-8,62;-8,63;-8,64;-8,65;-8,66;-8,67;-7,52;-7,53;-7,54;-7,55;-7,56;-7,57;-7,58;-7,59;-7,60;-7,61;-7,62;-7,63;-7,64;-7,65;-7,66;-7,67;-6,52;-6,53;-6,54;-6,55;-6,56;-6,57;-6,58;-6,59;-6,60;-6,61;-6,62;-6,63;-6,64;-6,65;-6,66;-6,67;-5,52;-5,53;-5,54;-5,55;-5,56;-5,57;-5,58;-5,59;-5,60;-5,61;-5,62;-5,63;-5,64;-5,65;-5,66;-5,67;-4,52;-4,53;-4,54;-4,55;-4,56;-4,57;-4,58;-4,59;-4,60;-4,61;-4,62;-4,63;-4,64;-4,65;-4,66;-4,67;-3,52;-3,53;-3,54;-3,55;-3,56;-3,57;-3,58;-3,59;-3,60;-3,61;-3,62;-3,63;-3,64;-3,65;-3,66;-3,67;-2,52;-2,53;-2,54;-2,55;-2,56;-2,57;-2,58;-2,59;-2,60;-2,61;-2,62;-2,63;-2,64;-2,65;-2,66;-2,67;-1,52;-1,53;-1,54;-1,55;-1,56;-1,57;-1,58;-1,59;-1,60;-1,61;-1,62;-1,63;-1,64;-1,65;-1,66;-1,67
-18,95;-18,96;-18,97;-18,98;-18,99;-17,95;-17,96;-17,97;-17,98;-17,99;-16,95;-16,99;-15,99;-16,98;-16,97;-16,96;-15,95;-15,98;-15,97;-15,96
-17,-37
-17,105;-16,105;-15,105;-14,105;-13,105
-17,106;-17,107;-17,108;-17,109;-17,110;-16,106;-15,106;-14,106;-13,106;-16,107;-15,107;-14,107;-13,107;-16,108;-16,109;-16,110;-15,108;-15,109;-15,110;-14,108;-14,109;-14,110;-13,108;-13,109;-13,110
-16,-111
-14,99;-13,99;-12,99;-12,98;-12,97;-12,96;-13,96;-14,98;-13,97;-14,97;-13,98;-14,96;-14,95;-13,95;-12,95;-11,95;-11,97;-11,96;-11,99;-11,98
-16,150;-15,150;-14,150;-13,150;-12,150;-16,149;-15,149;-14,149;-13,149;-12,149;-16,148;-15,148;-14,148;-13,148;-12,148;-16,147;-15,147;-14,147;-13,147;-12,147;-16,146;-15,146;-14,146;-13,146;-12,146
-15,-115
-13,-108
-12,-39
-12,-38
-12,-37
-12,-36
-11,-39
-11,-38
-11,-37
-11,-36
-10,-39
-10,-38
-10,-37
-10,-36
-9,-39
-9,-38
-9,-37
-9,-36
-9,100;-10,100;-11,100;-9,101;-10,101;-11,101;-9,102;-10,102;-11,102;-9,103;-10,103;-11,103;-9,104;-10,104;-11,104;-8,104;-8,103;-8,102;-8,101;-8,100
-11,-142
-10,95;-10,97;-10,96;-10,99;-10,98;-9,95;-9,99;-9,98;-9,97;-9,96
-9,-69
-7,104;-6,104;-5,104;-7,103;-6,103;-5,103;-7,102;-6,102;-5,102;-7,101;-6,101;-5,101;-7,100;-6,100;-5,100;-4,100;-4,101;-4,102;-4,103;-4,104
-5,-128;-5,-127;-4,-128;-4,-127
-4,-61
-4,-34;-3,-34;-4,-35;-3,-35;-2,-34;-2,-35;-1,-35;-1,-34
-3,-105
-2,-122
-1,-97
2,16;3,16;4,16;5,16;2,17;3,17;4,17;5,17;2,18;3,18;4,18;5,18
11,145;11,146;11,147;11,148;11,149;12,145;12,146;12,147;12,148;12,149;13,145;13,146;13,147;13,148;13,149;14,145;14,146;14,147;14,148;14,149;15,145;15,146;15,147;15,148;15,149
12,-112
12,-111
13,-112
13,-111
13,85;13,84;13,83;13,82;13,81;13,80;13,79;13,78;13,77;13,76;13,75;14,85;14,84;14,83;14,82;14,81;14,80;14,79;14,78;14,77;14,76;14,75;15,85;15,84;15,83;15,82;15,81;15,80;15,79;15,78;15,77;15,76;15,75;16,85;16,84;16,83;16,82;16,81;16,80;16,79;16,78;16,77;16,76;16,75;17,85;17,84;17,83;17,82;17,81;17,80;17,79;17,78;17,77;17,76;17,75;18,85;18,84;18,83;18,82;18,81;18,80;18,79;18,78;18,77;18,76;18,75;19,85;19,84;19,83;19,82;19,81;19,80;19,79;19,78;19,77;19,76;19,75;20,85;20,84;20,83;20,82;20,81;20,80;20,79;20,78;20,77;20,76;20,75;21,85;21,84;21,83;21,82;21,81;21,80;21,79;21,78;21,77;21,76;21,75;22,85;22,84;22,83;22,82;22,81;22,80;22,79;22,78;22,77;22,76;22,75
15,-117;16,-117;17,-117
15,55;15,56;16,55;16,56
17,52;17,53;17,54;18,52;18,53;18,54
19,-119
20,-125
22,69;22,70;22,71;23,69;23,70;23,71;24,69;24,70;24,71
26,-84
30,135;30,136;30,137;31,135;31,136;31,137;32,135;32,136;32,137
33,71
34,71;35,71;36,71;34,72;35,72;36,72;34,73;35,73;36,73
35,80;35,81;36,80;36,81
37,-114
38,103
40,-49;40,-48;40,-47;41,-49;41,-48;41,-47;42,-49;42,-48;42,-47
40,-42;40,-41;40,-40;41,-41;41,-42;41,-40;42,-42;42,-41;42,-40
40,47;40,48;40,49;41,47;41,48;41,49;42,47;42,48;42,49;43,47;43,48;43,49
42,-55
42,30;42,31;42,32;43,30;43,31;43,32
43,-124;43,-125;44,-125;44,-124;45,-125;45,-124
44,-123;45,-123
44,-45;45,-45;44,-44;44,-43;45,-44;45,-43;46,-45;46,-44;46,-43
47,-46;48,-46;49,-46;47,-45;48,-45;49,-45;47,-44;48,-44;49,-44;47,-43;48,-43;49,-43
48,140;48,141
52,25;53,25;54,25;55,25;56,25;57,25;58,25;59,25;52,24;53,24;54,24;55,24;56,24;57,24;58,24;59,24;52,23;53,23;54,23;55,23;56,23;57,23;58,23;59,23;52,22;53,22;54,22;55,22;56,22;57,22;58,22;59,22
53,-119
54,103;55,103
63,-1
63,16;63,17;63,18;63,19;64,16;64,17;64,18;64,19;65,16;65,17;65,18;65,19;66,16;66,17;66,18;66,19;67,16;67,17;67,18;67,19;68,16;68,17;68,18;68,19;69,16;69,17;69,18;69,19
64,-102
68,-4
69,-5
69,-3
72,28
74,-139
77,-102
77,-101
78,-105
79,-137
88,79;88,78;88,77;87,79;87,78;87,77;86,79;86,78;86,77;85,79;85,78;85,77
88,76
87,76
86,76
85,76
84,79
84,78
84,77
84,76
83,79
83,78
83,77
83,76
88,-110
89,-130
89,-58;90,-58;91,-58;92,-58;93,-58;94,-58;95,-58;96,-58;97,-58;98,-58;99,-58;100,-58;101,-58;102,-58;103,-58;104,-58;105,-58;106,-58;89,-59;90,-59;91,-59;92,-59;93,-59;94,-59;95,-59;96,-59;97,-59;98,-59;99,-59;100,-59;101,-59;102,-59;103,-59;104,-59;105,-59;106,-59;89,-60;90,-60;91,-60;92,-60;93,-60;94,-60;95,-60;96,-60;97,-60;98,-60;99,-60;100,-60;101,-60;102,-60;103,-60;104,-60;105,-60;106,-60;89,-61;90,-61;91,-61;92,-61;93,-61;94,-61;95,-61;96,-61;97,-61;98,-61;99,-61;100,-61;101,-61;102,-61;103,-61;104,-61;105,-61;106,-61;89,-62;90,-62;91,-62;92,-62;93,-62;94,-62;95,-62;96,-62;97,-62;98,-62;99,-62;100,-62;101,-62;102,-62;103,-62;104,-62;105,-62;106,-62;89,-63;90,-63;91,-63;92,-63;93,-63;94,-63;95,-63;96,-63;97,-63;98,-63;99,-63;100,-63;101,-63;102,-63;103,-63;104,-63;105,-63;106,-63;89,-64;90,-64;91,-64;92,-64;93,-64;94,-64;95,-64;96,-64;97,-64;98,-64;99,-64;100,-64;101,-64;102,-64;103,-64;104,-64;105,-64;106,-64;89,-65;90,-65;91,-65;92,-65;93,-65;94,-65;95,-65;96,-65;97,-65;98,-65;99,-65;100,-65;101,-65;102,-65;103,-65;104,-65;105,-65;106,-65;89,-66;90,-66;91,-66;92,-66;93,-66;94,-66;95,-66;96,-66;97,-66;98,-66;99,-66;100,-66;101,-66;102,-66;103,-66;104,-66;105,-66;106,-66;89,-67;90,-67;91,-67;92,-67;93,-67;94,-67;95,-67;96,-67;97,-67;98,-67;99,-67;100,-67;101,-67;102,-67;103,-67;104,-67;105,-67;106,-67;89,-68;90,-68;91,-68;92,-68;93,-68;94,-68;95,-68;96,-68;97,-68;98,-68;99,-68;100,-68;101,-68;102,-68;103,-68;104,-68;105,-68;106,-68;89,-69;90,-69;91,-69;92,-69;93,-69;94,-69;95,-69;96,-69;97,-69;98,-69;99,-69;100,-69;101,-69;102,-69;103,-69;104,-69;105,-69;106,-69;89,-70;90,-70;91,-70;92,-70;93,-70;94,-70;95,-70;96,-70;97,-70;98,-70;99,-70;100,-70;101,-70;102,-70;103,-70;104,-70;105,-70;106,-70;89,-71;90,-71;91,-71;92,-71;93,-71;94,-71;95,-71;96,-71;97,-71;98,-71;99,-71;100,-71;101,-71;102,-71;103,-71;104,-71;105,-71;106,-71;89,-72;90,-72;91,-72;92,-72;93,-72;94,-72;95,-72;96,-72;97,-72;98,-72;99,-72;100,-72;101,-72;102,-72;103,-72;104,-72;105,-72;106,-72;89,-73;90,-73;91,-73;92,-73;93,-73;94,-73;95,-73;96,-73;97,-73;98,-73;99,-73;100,-73;101,-73;102,-73;103,-73;104,-73;105,-73;106,-73;89,-74;90,-74;91,-74;92,-74;93,-74;94,-74;95,-74;96,-74;97,-74;98,-74;99,-74;100,-74;101,-74;102,-74;103,-74;104,-74;105,-74;106,-74;89,-75;90,-75;91,-75;92,-75;93,-75;94,-75;95,-75;96,-75;97,-75;98,-75;99,-75;100,-75;101,-75;102,-75;103,-75;104,-75;105,-75;106,-75
96,-110
96,-109
96,-108
96,-107
96,-106
97,-110
97,-109
97,-108
97,-107
97,-106
98,-110
98,-109
98,-108
98,-107
98,-106
99,-110
99,-109
99,-108
99,-107
99,-106
100,-110
100,-109
100,-108
100,-107
100,-106
99,-131;99,-130;100,-131;100,-130
100,83;100,84;100,85;100,86;101,83;101,84;101,85;101,86;102,83;102,84;102,85;102,86;103,83;103,84;103,85;103,86
101,-108;101,-109;101,-110;102,-110;102,-109;102,-108;103,-110;103,-109;103,-108
103,-31
111,-21;111,-22;108,-23;109,-23;110,-23;111,-23;112,-23;110,-24;111,-24;112,-22;111,-25;112,-24;112,-25;113,-25
114,-22
116,-125
117,34
118,-103;118,-102;118,-101;119,-103;119,-102;119,-101;120,-103;120,-102;120,-101
119,-12;120,-12;119,-11;120,-11
120,-17
122,-12;122,-11;122,-10;123,-12;123,-11;123,-10;124,-12;124,-11;124,-10;125,-12;125,-11;125,-10;126,-12;126,-11;126,-10;127,-12;127,-11;127,-10;128,-12;128,-11;128,-10;129,-12;129,-11;129,-10
123,-101;123,-100;124,-101;124,-100
123,130;123,131;124,130;124,131;125,130;125,131;126,130;126,131;127,130;127,131
124,-15
125,-119
126,44;126,45;126,46;126,47;126,48;126,49;126,50;127,44;127,45;127,46;127,47;127,48;127,49;127,50;128,44;128,45;128,46;128,47;128,48;128,49;128,50;129,44;129,45;129,46;129,47;129,48;129,49;129,50;130,44;130,45;130,46;130,47;130,48;130,49;130,50;131,44;131,45;131,46;131,47;131,48;131,49;131,50;132,44;132,45;132,46;132,47;132,48;132,49;132,50
128,130;128,131
134,134;133,134
134,-37
138,-4
138,8
139,-118;139,-117;139,-116;140,-118;140,-117;140,-116;141,-118;141,-117;141,-116
139,-74;139,-73;140,-74;140,-73
139,-9
139,-4;139,-3;139,-2
140,-4;140,-5;140,-6;140,-7;140,-8;140,-9;140,-10;140,-11;141,-4;141,-5;141,-6;141,-7;141,-8;141,-9;141,-10;141,-11;142,-2;142,-3;142,-4;142,-5;142,-6;142,-7;142,-8;142,-9;142,-10;142,-11;143,-2;143,-3;143,-4;143,-5;143,-6;143,-7;143,-8;143,-9;143,-10;143,-11;144,-2;144,-3;144,-4;144,-5;144,-6;144,-7;144,-8;144,-9;144,-10;144,-11;145,-2;145,-3;145,-4;145,-5;145,-6;145,-7;145,-8;145,-9;145,-10;145,-11;146,-2;146,-3;146,-4;146,-5;146,-6;146,-7;146,-8;146,-9;146,-10;146,-11;147,-2;147,-3;147,-4;147,-5;147,-6;147,-7;147,-8;147,-9;147,-10;147,-11;148,-2;148,-3;148,-4;148,-5;148,-6;148,-7;148,-8;148,-9;148,-10;148,-11;149,-2;149,-3;149,-4;149,-5;149,-6;149,-7;149,-8;149,-9;149,-10;149,-11;141,-2;141,-3;140,-2;140,-3
145,-32
145,60;145,61;145,62;145,63;145,64;145,65;146,60;146,61;146,62;146,63;146,64;146,65;147,60;147,61;147,62;147,63;147,64;148,60;147,65;148,61;148,62;148,63;148,64;148,65;149,60;149,61;149,62;149,63;149,64;149,65
147,-53;147,-52;148,-53;148,-52
149,-83;149,-82
149,-1
149,5
150,64;150,63;150,65;150,66;150,67;150,68;150,69;150,70;150,71;150,72;150,73;151,63;151,64;151,65;151,66;151,67;151,68;151,69;151,70;151,71;151,72;151,73;152,63;152,64;152,65;152,66;152,67;152,68;152,69;152,70;152,71;152,72;152,73;153,63;153,64;153,65;153,66;153,67;153,68;153,69;153,70;153,71;153,72;153,73;154,63;154,64;154,65;154,66;154,67;154,68;154,69;154,70;154,71;154,72;154,73;155,63;155,64;155,65;155,66;155,67;155,68;155,69;155,70;155,71;155,72;155,73;156,63;156,64;156,65;156,66;156,67;156,68;156,69;156,70;156,71;156,72;156,73;157,63;157,64;157,65;157,66;157,67;157,68;157,69;157,70;157,71;157,72;157,73;158,63;158,64;158,65;158,66;158,67;158,68;158,69;158,70;158,71;158,72;158,73;159,63;159,64;159,65;159,66;159,67;159,68;159,69;159,70;159,71;159,72;159,73;160,63;160,64;160,65;160,66;160,67;160,68;160,69;160,70;160,71;160,72;160,73