-150,43;-150,44;-150,45;-150,46;-150,47;-150,48;-149,43;-149,44;-149,45;-149,46;-149,47;-149,48;-148,43;-148,44;-148,45;-148,46;-148,47;-148,48;-147,43;-147,44;-147,45;-147,46;-147,47;-147,48;-146,43;-146,44;-146,45;-146,46;-146,47;-146,48
-150,49;-149,49;-148,49;-147,49;-146,49;-146,55;-147,55;-148,55;-149,55;-150,55;-145,43;-145,44;-145,45;-145,46;-145,47;-145,48;-145,49;-145,50;-145,51;-145,52;-145,53;-145,54;-141,55;-142,55;-143,55;-144,55;-145,60;-145,59;-145,58;-145,57;-145,56;-145,55;-144,49;-143,49;-142,49;-141,49;-140,49;-140,55;-139,53;-139,54;-139,55;-139,56;-138,55;-137,55;-139,60;-139,59;-139,58;-139,57;-139,43;-139,44;-139,45;-139,46;-139,47;-139,48;-139,49;-139,50;-139,51;-139,52;-138,49;-137,49;-136,49;-133,55;-134,55;-135,55;-136,55;-135,49;-134,49;-133,49
-150,72;-149,72;-148,72;-147,72;-146,72;-145,72;-144,72;-143,72;-142,72;-141,72;-140,72;-139,72;-150,71;-149,71;-148,71;-147,71;-146,71;-145,71;-144,71;-143,71;-142,71;-141,71;-140,71;-139,71;-150,70;-149,70;-148,70;-147,70;-146,70;-145,70;-144,70;-143,70;-142,70;-141,70;-140,70;-139,70;-150,69;-149,69;-148,69;-147,69;-146,69;-145,69;-144,69;-143,69;-142,69;-141,69;-140,69;-139,69;-150,68;-149,68;-148,68;-147,68;-146,68;-145,68;-144,68;-143,68;-142,68;-141,68;-140,68;-139,68;-150,67;-149,67;-148,67;-147,67;-146,67;-145,67;-144,67;-143,67;-142,67;-141,67;-140,67;-139,67;-150,66;-149,66;-148,66;-147,66;-146,66;-145,66;-144,66;-143,66;-142,66;-141,66;-140,66;-139,66;-150,65;-149,65;-148,65;-147,65;-146,65;-145,65;-144,65;-143,65;-142,65;-141,65;-140,65;-139,65;-150,64;-149,64;-148,64;-147,64;-146,64;-145,64;-144,64;-143,64;-142,64;-141,64;-140,64;-139,64
-150,122
-144,50
-144,51
-144,52
-144,53
-144,54
-143,50
-143,51
-143,52
-143,53
-143,54
-142,50
-142,51
-142,52
-142,53
-142,54
-141,50
-141,51
-141,52
-141,53
-141,54
-140,50
-140,51
-140,52
-140,53
-140,54
-138,-116
-120,-43;-119,-43
-105,65
-109,-93
-95,83
-106,-88
-95,41
-95,36;-95,35;-95,34;-96,36;-96,35;-96,34
-96,41;-97,41;-98,41
-97,36
-97,35
-97,34
-99,41;-100,41;-101,41
-98,-95;-97,-95
-75,105
-76,105;-77,105;-77,104;-76,104
-75,102
-87,-84;-87,-85;-87,-86;-88,-84;-88,-85;-88,-86;-89,-84;-89,-85;-89,-86
-88,12;-88,13
-80,63
-79,63
-78,63
-77,63
-76,63
-75,63
-74,105
-74,104
-74,103
-74,102
-74,101
-74,100
-74,99
-74,98
-74,97
-74,96
-74,95
-74,94
-74,93
-74,92
-74,91
-74,90
-74,89
-74,88
-74,87
-74,86
-74,85
-74,84
-74,83
-74,82
-74,81
-74,80
-74,79
-74,78
-74,77
-74,76
-74,75
-74,74
-74,73
-74,72
-74,71
-74,70
-74,69
-74,68
-74,67
-74,66
-74,65
-74,64
-74,63
-71,116;-71,117
-39,-150
-35,-60;-35,-59;-34,-60;-34,-59;-33,-60;-33,-59;-32,-60;-32,-59;-31,-60;-31,-59;-35,-58;-35,-57;-34,-58;-34,-57;-33,-57;-33,-58
-32,123
-30,124
-29,13;-29,14;-28,13;-28,14;-27,13;-27,14
-28,-45
-14,33;-14,34
-7,-116
-1,23
4,62;4,63;5,62;5,63
12,99;13,98;13,99;14,98;14,99;15,98;15,99;12,100;12,101;12,102;12,103;12,104;13,100;13,101;13,102;13,103;13,104
28,11
28,12
29,11
29,12
45,11;45,12;46,11;46,12
49,-46;47,-45;48,-45;49,-45;47,-44;48,-44;49,-44;47,-43;48,-43;49,-43
62,32;63,32;62,31;63,31
61,-27;61,-26;62,-27;62,-26
74,-100
74,-99
79,-137
83,46;82,45;82,46;83,45
86,56;85,56
94,41
96,-132;96,-131;97,-132;97,-131;98,-132;98,-131
99,-131;99,-130;100,-131;100,-130
101,48
105,50;106,50;106,51;107,50;107,51
110,49;110,50;111,49;111,50
130,-126
131,-126
136,-16
137,-23;137,-22;138,-23;138,-22
141,-60;141,-59;142,-60;142,-59