-150,85;-150,86
-150,122
-148,80;-148,81;-148,82;-147,80;-147,81;-147,82;-146,80;-146,81;-146,82
-135,4;-135,5;-135,6;-135,7;-135,8;-134,4;-134,5;-134,6;-134,7;-134,8;-133,4;-133,5;-133,6;-133,7;-133,8;-132,4;-132,5;-132,6;-132,7;-132,8;-131,4;-131,5;-131,6;-131,7;-131,8
-123,-69;-122,-69;-121,-69;-120,-69
-120,-43;-119,-43
-114,-107
-112,-41
-103,-98
-102,-98;-102,-99;-101,-99;-101,-98
-102,-100
-97,36;-97,35;-97,34
-101,-97
-91,-89
-87,-84;-87,-85;-87,-86;-88,-84;-88,-85;-88,-86;-89,-84;-89,-85;-89,-86
-86,-126
-79,103;-79,104;-78,103;-78,104
-75,-150;-75,-149;-74,-150;-74,-149
-73,-150;-73,-149;-72,-150;-72,-149
-71,-150;-71,-149;-70,-150;-70,-149
-71,116;-71,117
-69,-150;-69,-149;-68,-150;-68,-149
-59,-6
-43,-58
-39,-100
-34,118;-34,119;-33,118;-33,119
-26,-110
-24,-52;-23,-52;-24,-53;-23,-53
-15,-114
-14,33;-14,34
-7,-116;-6,-116;-5,-116;-5,-115
4,106;4,107;4,108;4,109;4,110;4,111;5,105;5,106;5,107;5,108;5,109;5,110;5,111;6,105;6,106;6,107;6,108;6,109;6,110;6,111;7,105;7,106;7,107;7,108;7,109;7,110;7,111
36,86
68,-55;68,-54;68,-53;69,-55;69,-54;69,-53;70,-55;70,-54;70,-53
61,-22
78,54;78,53;79,54;79,53
87,56;88,56
99,-131;99,-130;100,-131;100,-130
101,48
105,50;106,50;106,51;107,50;107,51
107,44
124,42;124,43;124,44;124,45;124,46;124,47;124,48;124,49;124,50;124,51;124,52;124,53;124,54;124,55;125,41;125,42;125,43;125,44;125,45;125,46;125,47;125,48;125,49;125,50;125,51;125,52;125,53;125,54;125,55;126,41;126,42;126,43;126,44;126,45;126,46;126,47;126,48;126,49;126,50;127,44;127,45;127,46;127,47;127,48;127,49;127,50;128,44;128,45;128,46;128,47;128,48;128,49;128,50;129,44;129,45;129,46;129,47;129,48;129,49;129,50;130,44;130,45;130,46;130,47;130,48;130,49;130,50;131,44;131,45;131,46;131,47;131,48;131,49;131,50;132,44;132,45;132,46;132,47;132,48;132,49;132,50;126,51;126,52;126,53;126,54;126,55;127,41;127,42;127,43;127,51;127,52;127,53;127,54;127,55;128,41;128,42;128,43;128,51;128,52;128,53;128,54;128,55;129,41;129,42;129,43;129,51;129,52;129,53;129,54;129,55;130,41;130,42;130,43;130,51;130,52;130,53;130,54;130,55;131,41;131,42;131,43;131,51;131,52;131,53;131,54;131,55;132,41;132,42;132,43;132,51;132,52;132,53;132,54;132,55;133,41;133,42;133,43;133,44;133,45;133,46;133,47;133,48;133,49;133,50;133,51;133,52;133,53;133,54;133,55
130,-126
131,-126
136,-16
137,-122