-149,53;-147,53;-149,51;-148,51;-148,52;-146,53;-147,51;-150,53;-146,51;-146,52;-150,51;-149,52;-148,53;-150,52;-147,52
-150,95;-150,92;-150,91;-150,94;-150,93;-149,94;-149,93;-149,92;-149,95;-149,91;-148,91;-148,93;-148,94;-148,95;-148,92
-147,94
-147,95
-125,124
-133,-42;-132,-42
-133,-40;-132,-40
-123,85;-124,85
-121,94;-121,96;-122,96;-120,95;-120,94;-122,94;-122,95;-120,96;-121,95
-121,91;-120,91
-91,116
-112,-41
-111,140;-111,142;-111,141;-109,140;-110,142;-109,142;-110,140;-109,141;-110,141
-111,139;-111,138
-111,125;-111,124
-111,123
-95,34;-96,36;-96,35;-97,36;-97,35;-97,34;-95,35;-96,34;-95,36
-95,58;-95,59;-94,58;-94,59;-94,57;-95,57
-89,-85;-88,-86;-87,-84;-87,-86;-89,-86;-87,-85;-89,-84;-88,-84;-88,-85
-80,80
-75,130
-77,139
-75,133
-75,120
-75,124
-75,134
-75,135
-75,123
-75,139
-79,140
-75,127
-75,131
-78,139
-78,140
-75,138
-75,128
-75,126
-80,79
-76,139
-75,137
-75,125
-75,129
-75,121
-75,132
-80,140
-75,122
-75,136
-75,-150;-75,-149;-74,-149;-74,-150
-76,91
-75,91
-73,-150;-73,-149;-72,-150;-72,-149
-69,-70;-68,-67;-67,-71;-68,-68;-69,-69;-69,-71;-67,-70;-68,-70;-68,-71;-69,-68;-69,-67;-68,-69;-65,-70;-64,-69;-63,-71;-59,-68;-56,-71;-62,-68;-60,-67;-58,-71;-66,-71;-61,-70;-59,-70;-64,-70;-65,-71;-65,-69;-62,-69;-62,-71;-61,-71;-64,-68;-63,-70;-62,-67;-60,-71;-58,-70;-55,-70;-60,-70;-65,-67;-61,-68;-59,-69;-59,-71;-57,-71;-61,-67;-61,-69;-55,-71;-66,-70;-64,-71;-63,-69;-60,-68;-59,-67;-65,-68;-64,-67;-63,-67;-60,-69;-63,-68;-62,-70;-57,-70;-56,-70;-67,-67;-66,-67;-57,-67;-56,-67;-56,-69;-58,-67;-55,-68;-55,-69;-55,-67;-56,-68
-68,-62;-69,-62;-69,-63;-68,-66;-69,-66;-69,-64;-67,-62;-69,-65;-66,-62;-64,-63;-62,-62;-60,-66;-55,-62;-62,-66;-61,-62;-56,-62;-63,-66;-65,-62;-65,-63;-60,-62;-59,-66;-65,-66;-64,-62;-60,-64;-59,-63;-59,-65;-63,-62;-65,-65;-57,-62;-61,-66;-59,-62;-55,-63;-65,-64;-59,-64;-58,-62;-60,-65;-64,-64;-64,-65;-60,-63;-64,-66;-55,-64;-67,-66;-66,-66;-56,-66;-55,-66;-57,-66;-58,-66;-55,-65
-69,-59
-69,-60;-69,-61;-67,-61;-68,-60;-67,-59;-67,-60;-68,-59;-66,-59;-60,-61;-57,-58;-59,-58;-59,-60;-57,-61;-66,-60;-65,-59;-64,-59;-59,-57;-61,-57;-57,-59;-62,-59;-59,-59;-57,-57;-65,-60;-62,-61;-61,-58;-60,-58;-60,-60;-63,-61;-55,-58;-64,-60;-60,-59;-64,-61;-58,-58;-58,-59;-58,-60;-57,-60;-63,-59;-61,-60;-61,-61;-59,-61;-55,-57;-65,-61;-61,-59;-60,-57;-63,-60;-56,-58;-69,-57;-62,-57;-69,-58;-64,-57;-64,-58;-66,-58;-63,-58;-63,-57;-67,-57;-65,-57;-68,-58;-65,-58;-67,-58;-56,-60;-55,-61;-56,-59;-55,-60
-66,-52;-66,-53;-64,-52;-59,-55;-65,-53;-58,-55;-60,-54;-59,-52;-64,-53;-63,-52;-61,-55;-61,-54;-63,-53;-65,-52;-62,-53;-61,-52;-61,-56;-59,-54;-60,-56;-62,-52;-59,-56;-59,-53;-58,-52;-61,-53;-60,-52;-60,-53;-58,-53;-58,-56;-60,-55;-58,-54;-63,-56;-62,-54;-66,-54;-62,-56;-65,-56;-65,-54;-64,-54;-63,-55;-66,-55;-62,-55;-64,-56;-65,-55;-64,-55;-63,-54;-66,-56
-71,-150;-71,-149;-70,-150;-70,-149
-68,-61
-57,-64;-58,-63;-58,-64;-57,-63;-56,-63;-56,-64;-57,-65;-56,-65;-58,-65
-62,-60
-62,-65;-62,-63;-61,-65;-63,-64;-63,-65;-62,-64;-63,-63;-61,-64;-61,-63
-56,-57
-58,-61
-66,-61
-58,-57
-71,116;-71,117
-69,-149;-69,-150;-68,-149;-68,-150
-62,-58
-66,-57
-68,-57
-67,-114;-66,-114
-58,-68;-57,-69;-58,-69;-57,-68
-56,-61
-55,-59
-49,-2;-49,-3;-49,-4;-48,-4;-48,-2;-48,-3;-47,-2;-47,-4;-47,-3;-46,-2;-46,-3;-45,-2
-43,37
-31,-59;-33,-59;-31,-60;-34,-60;-35,-58;-34,-57;-34,-59;-35,-59;-33,-60;-32,-59;-35,-57;-35,-60;-32,-60;-34,-58;-33,-57;-33,-58
-35,130;-35,128;-35,127;-35,131;-35,126;-35,129;-33,127;-33,131;-34,131;-34,130;-34,127;-33,128;-34,129;-33,129;-34,128;-34,126;-33,126;-33,130;-31,126;-31,131;-30,130;-30,131;-31,128;-32,126;-32,129;-32,131;-32,130;-30,128;-32,127;-30,127;-30,129;-32,128;-30,126;-31,127;-31,129;-31,130
-35,116;-35,115
-21,148
-9,-85;-9,-81;-9,-77;-7,-91;-7,-90;-7,-85;-9,-89;-9,-80;-9,-76;-8,-89;-8,-75;-9,-91;-9,-90;-9,-84;-8,-73;-7,-82;-6,-87;-9,-74;-8,-91;-8,-88;-7,-78;-7,-77;-6,-86;-8,-90;-8,-72;-7,-73;-9,-75;-7,-87;-9,-73;-7,-84;-7,-83;-7,-76;-6,-81;-8,-86;-8,-85;-8,-80;-6,-88;-6,-83;-6,-79;-9,-86;-9,-78;-8,-82;-8,-77;-7,-88;-7,-74;-7,-86;-7,-79;-7,-75;-9,-82;-9,-79;-7,-72;-9,-88;-9,-83;-8,-81;-8,-78;-6,-91;-6,-82;-8,-84;-8,-79;-8,-74;-7,-89;-7,-81;-7,-80;-9,-72;-6,-90;-6,-89;-6,-85;-9,-87;-8,-87;-8,-83;-8,-76;-6,-84;-6,-80;-6,-78;-6,-77;-6,-75;-5,-87;-6,-74;-5,-82;-4,-82;-4,-81;-4,-78;-3,-85;-2,-77;-1,-79;0,-86;1,-91;2,-72;3,-80;5,-73;6,-82;6,-73;7,-76;8,-89;9,-86;9,-82;10,-72;-6,-76;-5,-84;-5,-79;-5,-76;-4,-84;-3,-74;-2,-91;-2,-87;-2,-86;-1,-90;-1,-86;-1,-77;-1,-73;0,-85;1,-80;1,-76;2,-91;3,-79;3,-76;3,-72;4,-90;4,-78;4,-77;4,-75;5,-89;5,-84;7,-75;7,-73;8,-73;9,-91;10,-80;-5,-88;-3,-84;0,-81;0,-80;0,-74;1,-89;1,-73;2,-83;3,-86;3,-82;4,-88;7,-81;8,-85;9,-79;-5,-86;-4,-89;-4,-80;0,-87;1,-87;5,-91;5,-87;5,-86;5,-74;6,-89;6,-86;6,-84;6,-75;7,-86;7,-79;8,-75;10,-85;10,-74;-6,-73;-5,-91;-5,-72;-4,-76;-2,-82;-1,-87;-1,-80;0,-90;0,-79;0,-77;1,-88;1,-77;2,-87;2,-74;4,-89;5,-82;6,-87;6,-80;6,-77;7,-89;7,-83;8,-83;9,-73;10,-90;-5,-90;-5,-81;-3,-78;0,-73;1,-86;1,-83;3,-77;4,-74;4,-72;6,-74;7,-84;8,-91;8,-78;10,-79;10,-77;-3,-90;-2,-83;-2,-81;-1,-83;3,-84;5,-85;5,-80;5,-79;5,-78;6,-72;8,-77;9,-83;9,-78;-4,-86;-6,-72;-4,-77;-4,-73;-4,-72;-3,-80;-2,-85;-2,-79;-2,-76;-2,-75;-2,-73;-1,-89;0,-89;2,-88;2,-84;2,-77;2,-76;3,-75;4,-86;4,-84;4,-76;6,-76;7,-87;8,-80;8,-79;8,-76;9,-84;9,-75;10,-89;-5,-89;-5,-75;-5,-77;-5,-85;-5,-83;-4,-83;-4,-79;-3,-82;-3,-75;-2,-78;-1,-91;2,-89;2,-78;3,-85;3,-78;4,-82;4,-81;6,-79;7,-90;7,-80;8,-72;10,-84;10,-82;-3,-91;-4,-88;-4,-87;-4,-74;-3,-83;-3,-79;-3,-77;-2,-90;-1,-75;0,-75;0,-72;1,-82;1,-74;3,-90;3,-88;3,-74;4,-87;4,-80;5,-90;5,-81;5,-75;5,-72;6,-91;8,-81;9,-85;-1,-88;-1,-85;-1,-74;0,-82;1,-84;4,-83;6,-88;8,-87;10,-75;10,-73;-4,-85;-3,-88;-3,-87;-3,-81;-3,-72;-1,-84;-1,-82;-1,-72;1,-81;1,-75;2,-86;2,-73;3,-89;6,-90;6,-81;7,-88;7,-72;-5,-78;-3,-73;-2,-72;-1,-81;-1,-78;0,-83;0,-76;1,-79;2,-79;3,-83;3,-73;5,-76;6,-85;7,-91;7,-78;8,-74;9,-87;9,-80;10,-87;-4,-90;-2,-88;0,-84;0,-78;1,-85;5,-88;6,-78;7,-82;7,-77;7,-74;8,-88;8,-84;10,-78;-5,-80;-5,-73;-5,-74;-4,-75;-3,-89;-3,-86;-2,-89;1,-90;1,-72;2,-82;2,-80;2,-75;3,-87;4,-85;4,-79;4,-73;5,-83;5,-77;7,-85;8,-86;8,-82;9,-90;9,-89;9,-88;9,-81;10,-88;10,-86;10,-76;-4,-91;-3,-76;-2,-84;-2,-80;-2,-74;-1,-76;0,-91;0,-88;1,-78;2,-90;2,-85;2,-81;3,-91;3,-81;4,-91;6,-83;8,-90;9,-77;9,-76;9,-74;9,-72;10,-91;10,-83;10,-81
1,100;1,95;1,99;1,96;1,97;1,98;4,95;2,97;3,96;2,95;5,96;3,95;4,96;2,99;2,100;5,95;2,98;2,96;3,100;4,97;4,100;3,98;4,99;3,99;3,97;4,98;5,98;5,100;5,99;5,97
6,96;7,95;9,96;9,95;10,96;7,96;8,96;6,95;8,95;10,95
11,102;9,100;6,100;7,104;8,104;10,104;11,101;5,101;5,102;6,103;6,104;10,103;7,102;11,100;11,104;5,104;5,103;8,102;9,103;10,101;7,100;9,104;7,103;9,101;10,102;9,102;6,101;6,102;7,101;8,101;8,103;11,103;8,100;10,100
6,97;6,98
18,58
23,-52;24,-52
24,78
26,80;27,81;25,79;26,81;27,79;25,80;25,81;26,79;27,80
25,85;26,83;27,83;25,83;27,85;27,84;25,84;26,85;26,84
25,76
26,77
24,79
23,79
23,76
27,82
24,81
25,78
23,83
25,75
26,75
28,80
24,83
23,82
23,75
24,84
24,75
27,78
27,76
23,77
24,77
26,76
24,82
25,77
28,79
23,80
24,80
25,82
27,75
28,82
23,85
23,81
26,78
27,77
28,81
23,84
24,85
26,82
28,78
23,78
24,76
36,-31
37,-115;37,-114
49,-41;47,-40;48,-41;48,-40;47,-41;49,-40
62,-121
84,41;84,40;84,42;85,42;85,41;85,40
86,56;85,56;86,55;85,55
88,55;87,55;88,56;87,56
96,42
99,-131;99,-130;100,-130;100,-131
101,48
105,50;106,51;106,50;107,50;107,51
111,45;111,46;110,44;110,45;110,46;111,44;112,44;112,45;112,46
111,49;110,50;111,50;110,49
117,34
118,-23
130,-126