-142,110
-138,-116
-131,-21
-116,132;-121,134;-115,135;-122,135;-119,132;-117,134;-120,134;-119,137;-118,132;-120,132;-117,135;-120,136;-117,132;-121,133;-124,134;-119,136;-122,137;-118,133;-122,134;-117,136;-122,132;-123,132;-117,133;-123,133;-119,135;-116,134;-118,134;-117,137;-121,137;-121,132;-115,132;-116,133;-124,135;-118,136;-119,133;-122,133;-124,133;-122,136;-120,137;-120,133;-121,135;-123,134;-124,132;-115,134;-120,135;-121,136;-118,137;-118,135;-119,134;-123,135;-115,133;-116,135
-123,148;-121,149;-123,147;-120,146;-124,148;-123,149;-124,146;-123,144;-122,146;-120,148;-124,149;-122,145;-121,144;-121,145;-120,149;-122,148;-121,148;-120,144;-124,150;-121,146;-124,147;-123,146;-120,147;-122,147;-121,147;-123,145;-122,149;-122,144;-124,145;-120,145;-124,144;-123,150;-121,150;-122,150;-120,150;-119,144;-118,144;-118,149;-118,148;-118,146;-119,145;-119,148;-119,150;-119,146;-118,147;-119,149;-118,145;-118,150;-119,147
-123,143;-123,141;-123,140;-123,142;-122,140;-122,141;-122,142;-120,140;-121,142;-121,143;-122,143;-121,140;-121,141;-120,141;-120,143;-120,142
-120,-69;-121,-69
-119,-43;-120,-43
-113,-38;-113,-36;-113,-37
-106,132;-108,136;-110,132;-107,134;-109,136;-106,136;-111,135;-105,131;-105,135;-106,137;-108,133;-109,132;-108,137;-109,131;-111,137;-109,133;-105,137;-107,137;-110,133;-111,136;-107,131;-110,136;-110,137;-111,133;-107,133;-107,135;-107,136;-108,131;-108,132;-109,135;-109,137;-111,132;-111,134;-105,132;-106,135;-110,131;-110,135;-105,133;-106,134;-105,134;-106,131;-108,134;-109,134;-110,134;-111,131;-107,132;-105,136;-106,133;-108,135
-110,150;-109,149;-111,148;-107,147;-111,146;-107,144;-108,149;-110,147;-111,150;-109,147;-108,144;-109,150;-107,150;-110,148;-108,147;-110,146;-104,145;-104,149;-105,147;-110,149;-106,148;-104,148;-105,145;-109,144;-108,150;-111,147;-108,146;-111,144;-107,148;-105,148;-106,144;-106,149;-106,146;-107,145;-105,144;-107,149;-105,149;-105,146;-104,144;-105,150;-108,148;-109,146;-109,145;-106,145;-111,145;-110,144;-111,149;-109,148;-106,147;-104,147;-107,146;-106,150;-104,150;-104,146;-110,145;-108,145
-109,-32
-107,-94
-106,-88
-107,-24
-104,134;-104,136;-101,138;-104,135;-98,134;-99,138;-98,132;-103,137;-101,136;-98,136;-100,132;-102,137;-100,138;-103,133;-103,135;-102,134;-100,135;-98,135;-103,134;-103,136;-98,138;-104,133;-102,135;-102,136;-99,137;-104,138;-101,134;-100,136;-99,134;-98,137;-103,132;-102,133;-103,138;-101,132;-101,135;-101,137;-100,137;-99,133;-104,132;-104,137;-102,132;-99,135;-102,138;-100,133;-99,132;-101,133;-100,134;-99,136;-98,133
-102,-97;-103,-97
-100,127;-101,126;-99,128;-101,127;-100,128;-99,129;-100,129;-99,126;-100,126;-99,127;-101,128;-102,126;-102,128;-101,129;-102,127;-102,129
-96,112;-93,112;-96,111;-94,111;-92,111;-95,111;-95,110;-92,112;-93,111;-95,112;-94,110;-93,110;-92,110;-94,112;-96,110;-93,108;-95,108;-94,108;-92,109;-94,109;-93,109;-96,109;-95,109;-96,108;-92,108
-89,-85;-88,-86;-87,-84;-87,-86;-89,-86;-87,-85;-89,-84;-88,-84;-88,-85
-82,84;-83,83;-82,85;-85,83;-85,86;-84,84;-82,86;-83,85;-82,83;-84,86;-84,83;-83,86;-85,85;-83,84;-84,85;-85,84
-75,72;-75,74;-80,76;-76,78;-78,76;-75,76;-75,75;-79,76;-80,77;-75,73;-76,76;-80,78;-75,77;-80,74;-77,76;-80,75;-76,77;-75,71;-75,78
-75,-150;-75,-149;-74,-149;-74,-150
-73,-150;-73,-149;-72,-150;-72,-149
-71,-150;-71,-149;-70,-150;-70,-149
-69,-149;-69,-150;-68,-149;-68,-150
-69,-12;-70,-13;-69,-13;-70,-12
-60,3;-60,7;-62,7;-60,2;-60,8;-62,2;-61,4;-61,9;-60,5;-61,1;-61,6;-62,5;-61,8;-62,4;-61,3;-62,6;-61,5;-61,7;-62,3;-60,4;-60,1;-62,9;-62,1;-61,2;-60,6;-62,8;-60,9;-58,1;-58,3;-58,2;-58,8;-57,3;-59,3;-59,7;-59,4;-59,8;-58,4;-57,2;-57,6;-59,2;-58,5;-57,8;-58,6;-58,9;-59,9;-59,5;-59,6;-57,9;-57,1;-57,4;-57,7;-58,7;-59,1;-57,5;-56,1
-62,125;-62,126
-61,-32
-58,-139
-55,-121;-55,-118;-55,-120;-55,-119;-54,-119;-53,-118;-53,-121;-54,-121;-53,-119;-53,-120;-54,-120;-54,-118;-52,-120;-52,-118;-52,-119;-52,-121
-40,-59
-27,85;-25,82;-26,80;-26,84;-25,80;-29,83;-28,84;-28,80;-24,83;-24,84;-24,85;-26,83;-24,80;-27,83;-26,81;-26,82;-24,82;-28,82;-29,85;-24,81;-29,81;-28,81;-27,82;-29,80;-28,83;-26,85;-29,84;-27,80;-25,83;-29,82;-28,85;-25,81;-27,81;-27,84;-25,84;-25,85
-31,140;-32,140
-30,-9
-28,5;-28,4;-27,5
-24,15
-25,15
-22,-100
-12,106;-12,107;-12,105;-11,106;-11,107;-10,105;-11,105;-10,107;-10,106
-15,-115
-14,-66
-9,-85;-9,-81;-9,-77;-7,-91;-7,-90;-7,-85;-9,-89;-9,-80;-9,-76;-8,-89;-8,-75;-9,-91;-9,-90;-9,-84;-8,-73;-7,-82;-6,-87;-9,-74;-8,-91;-8,-88;-7,-78;-7,-77;-6,-86;-8,-90;-8,-72;-7,-73;-9,-75;-7,-87;-9,-73;-7,-84;-7,-83;-7,-76;-6,-81;-8,-86;-8,-85;-8,-80;-6,-88;-6,-83;-6,-79;-9,-86;-9,-78;-8,-82;-8,-77;-7,-88;-7,-74;-7,-86;-7,-79;-7,-75;-9,-82;-9,-79;-7,-72;-9,-88;-9,-83;-8,-81;-8,-78;-6,-91;-6,-82;-8,-84;-8,-79;-8,-74;-7,-89;-7,-81;-7,-80;-9,-72;-6,-90;-6,-89;-6,-85;-9,-87;-8,-87;-8,-83;-8,-76;-6,-84;-6,-80;-6,-78;-6,-77;-6,-75;-5,-87;-6,-74;-5,-82;-4,-82;-4,-81;-4,-78;-3,-85;-2,-77;-1,-79;0,-86;1,-91;2,-72;3,-80;5,-73;6,-82;6,-73;7,-76;8,-89;9,-86;9,-82;10,-72;-6,-76;-5,-84;-5,-79;-5,-76;-4,-84;-3,-74;-2,-91;-2,-87;-2,-86;-1,-90;-1,-86;-1,-77;-1,-73;0,-85;1,-80;1,-76;2,-91;3,-79;3,-76;3,-72;4,-90;4,-78;4,-77;4,-75;5,-89;5,-84;7,-75;7,-73;8,-73;9,-91;10,-80;-5,-88;-3,-84;0,-81;0,-80;0,-74;1,-89;1,-73;2,-83;3,-86;3,-82;4,-88;7,-81;8,-85;9,-79;-5,-86;-4,-89;-4,-80;0,-87;1,-87;5,-91;5,-87;5,-86;5,-74;6,-89;6,-86;6,-84;6,-75;7,-86;7,-79;8,-75;10,-85;10,-74;-6,-73;-5,-91;-5,-72;-4,-76;-2,-82;-1,-87;-1,-80;0,-90;0,-79;0,-77;1,-88;1,-77;2,-87;2,-74;4,-89;5,-82;6,-87;6,-80;6,-77;7,-89;7,-83;8,-83;9,-73;10,-90;-5,-90;-5,-81;-3,-78;0,-73;1,-86;1,-83;3,-77;4,-74;4,-72;6,-74;7,-84;8,-91;8,-78;10,-79;10,-77;-3,-90;-2,-83;-2,-81;-1,-83;3,-84;5,-85;5,-80;5,-79;5,-78;6,-72;8,-77;9,-83;9,-78;-4,-86;-6,-72;-4,-77;-4,-73;-4,-72;-3,-80;-2,-85;-2,-79;-2,-76;-2,-75;-2,-73;-1,-89;0,-89;2,-88;2,-84;2,-77;2,-76;3,-75;4,-86;4,-84;4,-76;6,-76;7,-87;8,-80;8,-79;8,-76;9,-84;9,-75;10,-89;-5,-89;-5,-75;-5,-77;-5,-85;-5,-83;-4,-83;-4,-79;-3,-82;-3,-75;-2,-78;-1,-91;2,-89;2,-78;3,-85;3,-78;4,-82;4,-81;6,-79;7,-90;7,-80;8,-72;10,-84;10,-82;-3,-91;-4,-88;-4,-87;-4,-74;-3,-83;-3,-79;-3,-77;-2,-90;-1,-75;0,-75;0,-72;1,-82;1,-74;3,-90;3,-88;3,-74;4,-87;4,-80;5,-90;5,-81;5,-75;5,-72;6,-91;8,-81;9,-85;-1,-88;-1,-85;-1,-74;0,-82;1,-84;4,-83;6,-88;8,-87;10,-75;10,-73;-4,-85;-3,-88;-3,-87;-3,-81;-3,-72;-1,-84;-1,-82;-1,-72;1,-81;1,-75;2,-86;2,-73;3,-89;6,-90;6,-81;7,-88;7,-72;-5,-78;-3,-73;-2,-72;-1,-81;-1,-78;0,-83;0,-76;1,-79;2,-79;3,-83;3,-73;5,-76;6,-85;7,-91;7,-78;8,-74;9,-87;9,-80;10,-87;-4,-90;-2,-88;0,-84;0,-78;1,-85;5,-88;6,-78;7,-82;7,-77;7,-74;8,-88;8,-84;10,-78;-5,-80;-5,-73;-5,-74;-4,-75;-3,-89;-3,-86;-2,-89;1,-90;1,-72;2,-82;2,-80;2,-75;3,-87;4,-85;4,-79;4,-73;5,-83;5,-77;7,-85;8,-86;8,-82;9,-90;9,-89;9,-88;9,-81;10,-88;10,-86;10,-76;-4,-91;-3,-76;-2,-84;-2,-80;-2,-74;-1,-76;0,-91;0,-88;1,-78;2,-90;2,-85;2,-81;3,-91;3,-81;4,-91;6,-83;8,-90;9,-77;9,-76;9,-74;9,-72;10,-91;10,-83;10,-81
-8,109;-8,108;-7,109;-7,108
-2,29
11,102;9,100;6,100;7,104;8,104;10,104;11,101;5,101;5,102;6,103;6,104;10,103;7,102;11,100;11,104;5,104;5,103;8,102;9,103;10,101;7,100;9,104;7,103;9,101;10,102;9,102;6,101;6,102;7,101;8,101;5,100;8,103;11,103;8,100;10,100
6,99
5,117;6,117;6,118;5,118
7,-47;6,-47
12,95;12,96;12,97
14,103;18,103;18,102;15,104;16,103;18,104;14,101;14,104;15,103;17,103;18,101;16,101;17,100;15,102;16,104;17,101;15,100;17,104;17,102;14,100;15,101;16,102;14,102;16,100
20,-122;21,-122;21,-123;20,-123
22,-118;23,-118
23,-123;24,-123
27,24
33,97;32,96;30,99;33,96;31,97;32,95;29,98;30,95;31,99;33,98;31,96;33,95;29,96;32,97;29,97;30,98;29,95;30,97;32,98;33,99;29,99;30,96;31,95;31,98;32,99
31,-111
40,-71
40,-96
41,-71
39,-7
48,-46;47,-45;48,-44;49,-45;48,-43;47,-44;47,-43;49,-46;48,-45;49,-44;49,-43
47,-46
52,-68;52,-62;52,-53;56,-65;56,-58;56,-57;60,-70;61,-60;63,-59;63,-56;65,-54;66,-70;69,-58;52,-61;52,-55;56,-70;60,-69;60,-68;60,-66;62,-57;63,-70;64,-68;66,-63;67,-62;68,-71;69,-66;69,-65;52,-70;53,-52;54,-56;55,-61;56,-66;56,-60;58,-60;59,-69;60,-63;60,-52;62,-68;63,-63;63,-62;64,-52;65,-52;66,-71;67,-69;67,-59;68,-52;69,-63;53,-66;53,-60;53,-56;56,-54;57,-67;58,-69;58,-53;58,-52;59,-67;61,-65;61,-59;62,-71;62,-56;63,-60;64,-71;65,-63;65,-60;52,-54;55,-63;55,-52;56,-53;58,-56;60,-67;60,-60;60,-57;61,-57;62,-52;63,-57;66,-69;66,-67;67,-67;67,-52;69,-67;52,-69;52,-64;52,-60;53,-59;54,-64;54,-57;55,-60;56,-67;58,-54;59,-63;59,-60;61,-63;61,-52;62,-67;63,-55;64,-69;65,-70;66,-62;67,-53;52,-71;53,-65;54,-58;56,-71;56,-63;57,-63;57,-54;58,-62;59,-62;60,-58;62,-65;65,-71;65,-56;66,-55;69,-60;53,-67;54,-52;55,-59;56,-52;57,-60;59,-53;64,-67;64,-60;64,-56;66,-54;67,-58;67,-54;68,-59;68,-56;52,-67;52,-66;52,-56;53,-64;53,-63;53,-58;54,-71;54,-67;55,-64;56,-61;57,-62;60,-65;60,-56;62,-63;63,-69;63,-66;63,-65;63,-54;66,-52;68,-63;68,-57;52,-63;54,-66;55,-57;57,-61;58,-67;60,-53;61,-67;61,-64;63,-61;68,-66;52,-65;53,-71;54,-60;54,-59;55,-67;56,-69;56,-56;56,-55;57,-70;57,-56;60,-71;60,-59;60,-55;62,-64;63,-64;65,-69;66,-68;66,-61;66,-56;67,-56;68,-61;52,-59;55,-62;57,-55;57,-52;59,-55;60,-62;61,-66;61,-53;62,-60;62,-58;63,-58;64,-55;64,-53;67,-71;67,-70;67,-66;68,-67;55,-56;57,-71;57,-68;58,-71;58,-70;59,-54;62,-66;64,-70;64,-62;64,-54;67,-63;67,-61;52,-58;53,-57;54,-65;55,-71;56,-64;56,-59;57,-69;57,-53;58,-61;59,-71;59,-70;59,-68;59,-61;61,-58;62,-53;65,-67;66,-53;67,-64;68,-62;69,-64;69,-59;52,-57;55,-66;60,-64;60,-61;60,-54;61,-71;61,-56;62,-59;63,-52;64,-61;65,-62;65,-61;65,-53;66,-60;67,-65;67,-60;67,-57;67,-55;52,-52;54,-63;56,-68;56,-62;58,-63;59,-56;59,-52;61,-68;63,-71;63,-68;63,-67;63,-53;64,-63;67,-68;68,-64;68,-60;69,-71;69,-57;70,-65;71,-69;71,-52;70,-67;71,-70;71,-64;71,-61;71,-57;71,-53;70,-59;70,-57;70,-56;71,-65;71,-63;71,-59;71,-62;70,-63;71,-54;69,-56;70,-60;71,-68;71,-67;71,-58;71,-55;70,-66;70,-71;70,-64;71,-66;71,-60;71,-56;70,-52;69,-52;70,-58;71,-71
54,-61;53,-61;53,-62;54,-62
54,-54;54,-53;53,-53;54,-55;55,-55;55,-53;55,-54;53,-55;53,-54
58,-58;59,-57;57,-57;58,-57;59,-59;57,-59;58,-59;59,-58;57,-58
62,-54;61,-54;61,-55;62,-55
69,-68;68,-68;69,-70;68,-69;68,-70;69,-69;70,-70;70,-69;70,-68
53,-69;55,-69;55,-68;53,-68;54,-69;54,-70;53,-70;54,-68;55,-70
57,-65;59,-65;57,-66;57,-64;58,-65;58,-64;59,-64;59,-66;58,-66
62,-61;61,-61;61,-62;62,-62
64,-59;66,-58;66,-59;65,-57;64,-58;65,-58;65,-59;64,-57;66,-57
55,-65
58,-55
68,-65
61,-70;61,-69;62,-70;62,-69
66,-66;65,-66;65,-64;64,-64;65,-65;64,-66;66,-65;66,-64;64,-65
65,-68
68,-58
65,-55
69,-62;69,-61;70,-62;70,-61
55,-58
58,-68
60,-137
60,-21;60,-22;59,-22;59,-21
62,32;63,32;62,31;63,31
61,28;61,30;61,29;62,30;62,28;62,29
63,-115
75,-105;74,-106;74,-105;75,-106
74,-103;74,-102
75,-102
75,-101
78,-105
90,54
89,54
90,53
89,53
98,48
99,48
99,47
96,-131;96,-132;98,-132;97,-131;98,-131;97,-132
99,-111;100,-111;100,-112;99,-112
96,-114;96,-113;96,-115;97,-115;98,-115;97,-116;97,-113;97,-114;98,-116;98,-114;98,-113;99,-116;100,-115;99,-115;100,-114;100,-113;99,-113;100,-116;99,-114
99,-131;99,-130;100,-130;100,-131
106,50;107,50
106,55;107,55
116,-26;118,-25;118,-26;121,-26;120,-25;120,-27;117,-26;117,-27;119,-27;120,-26;117,-25;119,-25;121,-27;119,-26;118,-27;121,-25
125,-11
124,77
139,-71
139,-72
140,-72
140,-71
142,-3;146,-7;149,-7;141,-10;144,-2;145,-5;146,-5;148,-10;142,-8;142,-10;146,-10;149,-9;149,-11;140,-3;140,-6;141,-11;144,-11;146,-3;147,-2;148,-9;140,-8;141,-5;141,-9;143,-4;143,-9;144,-5;144,-6;148,-2;140,-10;141,-6;143,-10;145,-7;147,-5;147,-9;149,-4;149,-10;140,-2;141,-8;142,-9;143,-6;147,-3;149,-3;149,-8;140,-7;144,-7;146,-6;147,-6;141,-2;143,-7;140,-4;141,-7;144,-3;145,-4;147,-11;148,-4;149,-6;145,-9;145,-10;146,-9;148,-11;149,-2;142,-7;143,-8;145,-8;146,-8;140,-5;140,-9;141,-4;142,-4;143,-5;144,-4;144,-8;145,-3;145,-6;146,-4;146,-11;147,-10;148,-6;143,-2;145,-11;148,-7;142,-5;142,-11;143,-3;143,-11;144,-10;146,-2;147,-4;147,-7;148,-3;140,-11;142,-6;145,-2;147,-8;148,-8;141,-3;142,-2;144,-9;148,-5;149,-5