-150,122
-142,57;-144,58;-141,59;-141,57;-143,58;-144,56;-144,59;-141,60;-143,60;-144,57;-141,58;-142,56;-142,59;-141,56;-142,60;-144,60;-142,58;-143,57;-143,56;-143,59;-140,57;-140,56;-140,59;-140,58;-140,60
-139,84
-138,-116
-139,83
-137,84
-137,83
-138,84
-138,83
-136,-36
-125,-84
-116,132;-121,134;-115,135;-122,135;-119,132;-117,134;-120,134;-119,137;-118,132;-120,132;-117,135;-120,136;-117,132;-121,133;-124,134;-119,136;-122,137;-118,133;-122,134;-117,136;-122,132;-123,132;-117,133;-123,133;-119,135;-116,134;-118,134;-117,137;-121,137;-121,132;-115,132;-116,133;-124,135;-118,136;-119,133;-122,133;-124,133;-122,136;-120,137;-120,133;-121,135;-123,134;-124,132;-115,134;-120,135;-121,136;-118,137;-118,135;-119,134;-123,135;-115,133;-116,135
-123,148;-121,149;-123,147;-120,146;-124,148;-123,149;-124,146;-123,144;-122,146;-120,148;-124,149;-122,145;-121,144;-121,145;-120,149;-122,148;-121,148;-120,144;-124,150;-121,146;-124,147;-123,146;-120,147;-122,147;-121,147;-123,145;-122,149;-122,144;-124,145;-120,145;-124,144;-123,150;-121,150;-122,150;-120,150;-119,144;-118,144;-118,149;-118,148;-118,146;-119,145;-119,148;-119,150;-119,146;-118,147;-119,149;-118,145;-118,150;-119,147
-123,143;-123,141;-123,140;-123,142;-122,140;-122,141;-122,142;-120,140;-121,142;-121,143;-122,143;-121,140;-121,141;-120,141;-120,143;-120,142
-116,-69;-115,-69
-101,90
-108,64
-102,90
-97,90
-100,90
-94,90
-93,90
-92,90
-105,65
-98,90
-99,90
-96,90
-95,90
-106,132;-108,136;-110,132;-107,134;-109,136;-106,136;-111,135;-105,131;-105,135;-106,137;-108,133;-109,132;-108,137;-109,131;-111,137;-109,133;-105,137;-107,137;-110,133;-111,136;-107,131;-110,136;-110,137;-111,133;-107,133;-107,135;-107,136;-108,131;-108,132;-109,135;-109,137;-111,132;-111,134;-105,132;-106,135;-110,131;-110,135;-105,133;-106,134;-105,134;-106,131;-108,134;-109,134;-110,134;-111,131;-107,132;-105,136;-106,133;-108,135
-100,86
-97,83
-100,84
-100,85
-96,83
-109,-93
-95,83
-100,83
-106,66
-104,134;-104,136;-101,138;-104,135;-98,134;-99,138;-98,132;-103,137;-101,136;-98,136;-100,132;-102,137;-100,138;-103,133;-103,135;-102,134;-100,135;-98,135;-103,134;-103,136;-98,138;-104,133;-102,135;-102,136;-99,137;-104,138;-101,134;-100,136;-99,134;-98,137;-103,132;-102,133;-103,138;-101,132;-101,135;-101,137;-100,137;-99,133;-104,132;-104,137;-102,132;-99,135;-102,138;-100,133;-99,132;-101,133;-100,134;-99,136;-98,133
-100,91
-100,93
-100,92
-100,36;-101,35;-102,35;-101,36;-100,34;-100,35;-102,34;-101,34;-102,36
-101,84
-101,91
-100,127;-101,126;-99,128;-101,127;-100,128;-99,129;-100,129;-99,126;-100,126;-99,127;-101,128;-102,126;-102,128;-101,129;-102,127;-102,129
-102,85
-102,86
-101,93
-101,83
-102,93
-101,85
-102,83
-102,84
-101,86
-101,92
-102,91
-102,92
-97,84
-94,84
-98,83
-93,84
-99,88
-98,87
-99,87
-98,89
-96,84
-95,84
-98,-95;-97,-95
-94,83
-98,91
-99,89
-98,88
-99,92
-99,93
-92,83
-99,86
-98,93
-99,83
-98,92
-99,84
-98,84
-99,91
-93,83
-99,85
-98,85
-98,86
-92,84
-96,86
-97,91
-96,92
-97,87
-97,92
-96,87
-97,89
-97,93
-96,89
-97,86
-96,91
-96,93
-97,85
-96,85
-96,88
-97,88
-95,91
-95,85
-95,86
-95,87
-95,88
-95,89
-95,93
-95,92
-94,91
-93,91
-93,93
-94,93
-93,85
-93,86
-94,85
-94,86
-93,92
-94,92
-92,85
-92,93
-92,92
-92,91
-92,86
-89,-85;-88,-86;-87,-84;-87,-86;-89,-86;-87,-85;-89,-84;-88,-84;-88,-85
-88,-63;-88,-66;-88,-64;-89,-66;-89,-64;-88,-65;-89,-65;-89,-63
-82,84;-83,83;-82,85;-85,83;-85,86;-84,84;-82,86;-83,85;-82,83;-84,86;-84,83;-83,86;-85,85;-83,84;-84,85;-85,84
-75,72;-75,74;-80,76;-76,78;-78,76;-75,76;-75,75;-79,76;-80,77;-75,73;-76,76;-80,78;-75,77;-80,74;-77,76;-80,75;-76,77;-75,71;-75,78
-75,-150;-75,-149;-74,-149;-74,-150
-73,-150;-73,-149;-72,-150;-72,-149
-71,-150;-71,-149;-70,-150;-70,-149
-71,116;-71,117
-69,-149;-69,-150;-68,-149;-68,-150
-54,-140
-35,122;-35,121;-35,120;-33,120;-34,120;-34,121;-34,122;-33,121;-33,122;-32,121;-32,122;-32,120
-27,85;-25,82;-26,80;-26,84;-25,80;-29,83;-28,84;-28,80;-24,83;-24,84;-24,85;-26,83;-24,80;-27,83;-26,81;-26,82;-24,82;-28,82;-29,85;-24,81;-29,81;-28,81;-27,82;-29,80;-28,83;-26,85;-29,84;-27,80;-25,83;-29,82;-28,85;-25,81;-27,81;-27,84;-25,84;-25,85
-28,-45
-26,-125
7,111;5,105;6,110;5,107;4,111;5,106;5,108;5,109;7,105;7,107;4,107;6,106;6,107;4,108;6,108;6,109;6,111;5,111;7,108;7,109;7,110;5,110;4,110;4,106;7,106;4,109;6,105
4,61
11,102;9,100;6,100;7,104;8,104;10,104;11,101;5,101;5,102;6,103;6,104;10,103;7,102;11,100;11,104;5,104;5,103;8,102;9,103;10,101;7,100;9,104;7,103;9,101;10,102;9,102;6,101;6,102;7,101;8,101;5,100;8,103;11,103;8,100;10,100
15,98;12,99;13,99;12,100;13,98;14,99;12,101;13,102;13,101;13,104;14,98;13,103;15,99;12,103;13,100;12,104;12,102
23,-25
45,12;46,12;45,11;46,11
62,32;63,32;62,31;63,31
62,-27;62,-26;61,-27;61,-26
90,45;91,45;92,45;91,46;90,46;92,46
90,52;89,52;90,51;89,51;91,51;92,51;91,52;92,52
96,42
96,41
96,-131;96,-132;98,-132;97,-131;98,-131;97,-132
105,50;106,51;106,50;107,50;107,51
111,49;110,50;111,50;110,49
124,-134
133,36
137,-22;138,-23;137,-23;138,-22
142,-60;142,-59;141,-60;141,-59
147,61;147,62;147,63;148,60;149,65;145,65;146,61;145,64;148,61;149,63;145,62;147,60;145,60;146,65;149,64;147,65;149,61;148,63;149,60;146,60;147,64;145,63;145,61;146,62;148,62;148,64;146,64;148,65;149,62;146,63