-150,-143
-138,-116
-131,-21
-129,9;-129,10;-128,9;-128,10
-115,132;-116,132;-117,132;-118,132;-119,132;-120,132;-121,132;-122,132;-123,132;-124,132;-115,133;-116,133;-117,133;-118,133;-119,133;-120,133;-121,133;-122,133;-123,133;-124,133;-115,134;-116,134;-117,134;-118,134;-119,134;-120,134;-121,134;-122,134;-123,134;-124,134;-115,135;-116,135;-117,135;-118,135;-119,135;-120,135;-121,135;-122,135;-123,135;-124,135;-117,136;-118,136;-119,136;-120,136;-121,136;-122,136;-117,137;-118,137;-119,137;-120,137;-121,137;-122,137
-124,144;-124,145;-124,146;-124,147;-124,148;-124,149;-123,144;-123,145;-123,146;-123,147;-123,148;-123,149;-122,144;-122,145;-122,146;-122,147;-122,148;-122,149;-121,144;-121,145;-121,146;-121,147;-121,148;-121,149;-120,144;-120,145;-120,146;-120,147;-120,148;-120,149;-124,150;-123,150;-122,150;-121,150;-120,150;-119,144;-119,145;-119,146;-119,147;-119,148;-119,149;-119,150;-118,144;-118,145;-118,146;-118,147;-118,148;-118,149;-118,150
-123,140;-123,141;-123,142;-123,143;-122,140;-122,141;-122,142;-122,143;-121,140;-121,141;-120,140;-120,141;-121,142;-121,143;-120,142;-120,143
-116,136
-115,-19;-115,-18;-115,-17;-115,-16;-115,-15;-114,-19;-114,-18;-114,-17;-114,-16;-114,-15;-113,-19;-113,-18;-113,-17;-113,-16;-113,-15;-112,-19;-112,-18;-112,-17;-111,-17;-112,-16;-112,-15;-111,-19;-111,-18
-114,-6;-114,-5;-114,-4;-113,-6;-113,-5;-113,-4;-112,-6;-112,-5;-112,-4;-111,-6;-111,-5;-111,-4
-114,10
-113,-36;-113,-37;-113,-38
-112,9;-112,10;-111,9;-111,10
-105,131;-105,132;-105,133;-105,134;-105,135;-105,136;-105,137;-106,131;-106,132;-106,133;-106,134;-106,135;-106,136;-106,137;-107,131;-107,132;-107,133;-107,134;-107,135;-107,136;-107,137;-108,131;-108,132;-108,133;-108,134;-108,135;-108,136;-108,137;-109,131;-109,132;-109,133;-109,134;-109,135;-109,136;-109,137;-110,131;-110,132;-110,133;-110,134;-110,135;-110,136;-110,137;-111,131;-111,132;-111,133;-111,134;-111,135;-111,136;-111,137
-109,-32
-110,-32
-109,35;-109,34;-110,35;-110,34
-107,-94
-104,138;-104,132;-104,133;-104,134;-104,135;-104,136;-104,137;-103,138;-103,132;-103,133;-103,134;-103,135;-103,136;-103,137;-102,138;-102,132;-102,133;-102,134;-102,135;-102,136;-102,137;-101,138;-101,132;-101,133;-101,134;-101,135;-101,136;-101,137;-100,138;-100,132;-100,133;-100,134;-100,135;-100,136;-100,137;-99,138;-99,132;-99,133;-99,134;-99,135;-99,136;-99,137;-98,138;-98,132;-98,133;-98,134;-98,135;-98,136;-98,137
-103,-98
-103,-97;-102,-97
-95,36;-95,35;-95,34;-96,36;-96,35;-96,34
-96,41;-97,41
-96,40;-97,40;-98,40;-99,40;-100,40;-101,40
-97,39;-97,38;-97,37;-98,39;-98,38;-98,37;-98,36;-98,35;-98,34;-99,39;-99,38;-99,37;-99,36;-99,35;-99,34;-100,39;-100,38;-100,37
-97,36;-97,35;-97,34
-100,36
-99,126;-99,127;-99,128;-99,129;-100,126;-100,127;-100,128;-100,129;-101,126;-101,127;-101,128;-101,129;-102,126;-102,127;-102,128;-102,129
-97,60;-97,59;-97,58;-97,57;-98,60;-98,59;-98,58;-98,57;-99,60;-99,59;-99,58;-99,57;-96,57;-96,58;-96,59;-96,60
-99,-94;-98,-94
-96,112;-95,112;-94,112;-93,112;-92,112;-96,111;-95,111;-94,111;-93,111;-92,111;-96,110;-95,110;-94,110;-93,110;-92,110;-96,109;-95,109;-94,109;-93,109;-92,109;-96,108;-95,108;-94,108;-93,108;-92,108
-91,57;-91,58;-91,59;-90,57;-90,58;-90,59;-89,57;-89,58;-89,59
-87,-84;-87,-85;-87,-86;-88,-84;-88,-85;-88,-86;-89,-84;-89,-85;-89,-86
-86,108
-82,110
-81,110
-80,110
-79,110
-78,110
-77,110
-76,110;-75,110
-85,108;-84,108;-83,108
-82,108
-81,108
-80,108
-79,108
-78,108
-77,108
-83,116;-83,117;-82,117;-81,117;-82,116;-81,116
-83,115;-83,114;-83,113;-82,115;-81,115;-82,114;-81,114;-82,113;-81,113
-82,83;-82,84;-82,85;-82,86;-83,83;-83,84;-83,85;-83,86;-84,83;-84,84;-84,85;-84,86;-85,83;-85,84;-85,85;-85,86
-80,117;-79,117;-80,116;-79,116;-78,116;-77,116;-76,116;-78,117;-77,117;-76,117
-75,71;-75,72;-75,73;-75,74;-75,75;-75,76;-75,77;-75,78;-76,76;-76,77;-76,78;-77,76;-78,76;-79,76;-80,74;-80,75;-80,76;-80,77;-80,78
-76,108;-75,108
-75,-150;-75,-149;-74,-150;-74,-149
-73,-150;-73,-149;-72,-150;-72,-149
-71,-150;-71,-149;-70,-150;-70,-149
-64,-68;-64,-69;-64,-70;-64,-71;-63,-68;-63,-69;-63,-70;-63,-71;-62,-68;-62,-69;-62,-70;-62,-71;-61,-68;-61,-69;-61,-70;-61,-71;-60,-68;-60,-69;-60,-70;-60,-71;-59,-68;-59,-69;-59,-70;-59,-71
-71,52;-71,53;-71,54;-71,55;-71,56;-70,52;-70,53;-70,54;-70,55;-70,56;-69,52;-69,53;-69,54;-69,55;-69,56;-68,52;-68,53;-68,54;-68,55;-68,56;-67,52;-67,53;-67,54;-67,55;-67,56
-71,57;-71,58;-71,59;-71,60;-71,61;-71,62;-71,63;-71,64;-71,65;-71,66;-70,57;-70,60;-70,63;-70,66;-69,57;-69,60;-69,63;-69,66;-68,57;-68,58;-68,59;-68,60;-68,61;-68,62;-68,63;-68,64;-68,65;-68,66;-67,57;-67,58;-67,61;-67,62;-67,65;-67,66;-66,52;-66,53;-66,54;-66,55;-66,56;-66,57;-66,58;-66,61;-66,62;-66,65;-66,66;-66,67;-66,68;-66,69;-66,70;-66,71;-65,52;-65,54;-65,55;-65,56;-65,58;-65,59;-65,60;-65,61;-65,62;-65,63;-65,64;-65,65;-65,67;-65,68;-65,69;-65,71;-64,52;-64,53;-64,54;-64,55;-64,56;-64,57;-64,58;-64,65;-64,66;-64,67;-64,68;-64,69;-64,70;-64,71;-63,52;-63,53;-63,57;-63,58;-63,65;-63,66;-63,70;-63,71;-62,52;-62,53;-62,57;-62,58;-62,65;-62,66;-62,70;-62,71;-61,52;-61,53;-61,57;-61,58;-61,65;-61,66;-61,70;-61,71;-60,52;-60,53;-60,57;-60,58;-60,65;-60,66;-60,70;-60,71;-59,52;-59,53;-59,54;-59,55;-59,56;-59,57;-59,58;-59,65;-59,66;-59,67;-59,68;-59,69;-59,70;-59,71;-58,52;-58,54;-58,55;-58,56;-58,58;-58,59;-58,60;-58,61;-58,62;-58,63;-58,64;-58,65;-58,67;-58,68;-58,69;-58,71;-57,52;-57,53;-57,54;-57,55;-57,56;-57,57;-57,58;-57,61;-57,62;-57,65;-57,66;-57,67;-57,68;-57,69;-57,70;-57,71;-56,57;-56,58;-56,61;-56,62;-56,65;-56,66;-55,57;-55,58;-55,59;-55,60;-55,61;-55,62;-55,63;-55,64;-55,65;-55,66;-54,57;-54,60;-54,63;-54,66;-53,57;-53,60;-53,63;-53,66;-52,57;-52,58;-52,59;-52,60;-52,61;-52,62;-52,63;-52,64;-52,65;-52,66
-71,67;-71,68;-71,69;-71,70;-71,71;-70,67;-70,68;-70,69;-70,70;-70,71;-69,67;-69,68;-69,69;-69,70;-69,71;-68,67;-68,68;-68,69;-68,70;-68,71;-67,67;-67,68;-67,69;-67,70;-67,71
-70,58
-70,59
-70,61
-70,62
-70,64;-70,65;-69,64;-69,65
-69,58
-69,59
-69,61
-69,62
-67,59;-67,60;-66,59;-66,60
-67,63;-67,64;-66,63;-66,64
-65,53
-65,57
-65,66
-65,70
-64,59;-64,60;-64,61;-64,62;-64,63;-64,64;-63,59;-63,60;-63,61;-63,62;-63,63;-63,64;-62,59;-62,60;-62,61;-62,62;-62,63;-62,64;-61,59;-61,60;-61,61;-61,62;-61,63;-61,64;-60,59;-60,60;-60,61;-60,62;-60,63;-60,64;-59,59;-59,60;-59,61;-59,62;-59,63;-59,64
-63,54;-63,55;-63,56;-62,54;-62,55;-62,56;-61,54;-61,55;-61,56;-60,54;-60,55;-60,56
-63,67;-63,68;-63,69;-62,67;-62,68;-62,69;-61,67;-61,68;-61,69;-60,67;-60,68;-60,69
-58,53
-58,57
-58,66
-58,70
-57,59;-57,60;-56,59;-56,60
-57,63;-57,64;-56,63;-56,64
-56,52;-56,53;-56,54;-56,55;-56,56;-55,52;-55,53;-55,54;-55,55;-55,56;-54,52;-54,53;-54,54;-54,55;-54,56;-53,52;-53,53;-53,54;-53,55;-53,56;-52,52;-52,53;-52,54;-52,55;-52,56
-56,67;-56,68;-55,67;-55,68;-54,67;-54,68
-56,69;-56,70;-56,71;-55,69;-55,70;-55,71
-54,58;-54,59;-53,58;-53,59
-54,61
-54,62
-54,64;-54,65;-53,64;-53,65
-54,69
-54,70;-54,71;-53,70;-53,71;-52,70;-52,71
-53,61
-53,62
-53,67;-53,68;-53,69;-52,67;-52,68;-52,69
-71,116;-71,117
-69,-150;-69,-149;-68,-150;-68,-149
-61,-32
-60,-31
-51,92;-50,92;-51,91;-50,91
-46,-133
-46,-132
-45,-133
-45,-132
-44,-133
-44,-132
-43,-133;-43,-132;-42,-133;-42,-132;-43,-138;-43,-137;-43,-136;-43,-135;-43,-134;-43,-131;-42,-138;-42,-137;-42,-136;-42,-135;-42,-134;-42,-131;-41,-138;-41,-137;-41,-136;-41,-135;-41,-134;-41,-133;-41,-132;-40,-133;-40,-132;-39,-133;-39,-132;-41,-131;-40,-138;-40,-137;-40,-136;-40,-135;-40,-134;-40,-131;-39,-138;-39,-137;-39,-136;-39,-135;-39,-134;-39,-131;-38,-138;-38,-137;-38,-136;-38,-135;-38,-134;-38,-133;-38,-132;-37,-133;-37,-132;-36,-133;-36,-132;-38,-131;-37,-138;-37,-137;-37,-136;-37,-135;-37,-134;-37,-131;-36,-138;-36,-137;-36,-136;-36,-135;-36,-134;-36,-131
-36,-6
-28,-60;-28,-59;-28,-58;-28,-57;-28,-56;-28,-55;-27,-60;-27,-59;-27,-58;-27,-57;-27,-56;-27,-55;-26,-60;-26,-59;-26,-58;-26,-57;-26,-56;-26,-55;-25,-60;-25,-59;-25,-58;-25,-57;-25,-56;-25,-55;-24,-60;-24,-59;-24,-58;-24,-57;-24,-56;-24,-55
-25,66
-17,-142
-17,-131
-10,131;-10,132;-10,133;-10,134;-10,135;-10,136;-10,137;-9,131;-9,135;-8,131;-8,135;-7,131;-7,135;-6,131;-6,135;-5,131;-5,135;-5,136;-5,137;-2,137;-4,135;-3,135;-4,131;-4,132;-4,133;-4,134;-3,131;-2,131;-2,135;-2,136;-1,131;-1,135;-1,136;-1,137;0,131;0,132;0,133;0,134;0,135;0,136;0,137
-9,-91;-9,-90;-9,-89;-9,-88;-9,-87;-9,-86;-9,-85;-9,-84;-9,-83;-9,-82;-9,-81;-9,-80;-9,-79;-9,-78;-9,-77;-9,-76;-9,-75;-9,-74;-9,-73;-9,-72;-8,-91;-8,-90;-8,-89;-8,-88;-8,-87;-8,-86;-8,-85;-8,-84;-8,-83;-8,-82;-8,-81;-8,-80;-8,-79;-8,-78;-8,-77;-8,-76;-8,-75;-8,-74;-8,-73;-8,-72;-7,-91;-7,-90;-7,-89;-7,-88;-7,-87;-7,-86;-7,-85;-7,-84;-7,-83;-7,-82;-7,-81;-7,-80;-7,-79;-7,-78;-7,-77;-7,-76;-7,-75;-7,-74;-7,-73;-7,-72;-6,-91;-6,-90;-6,-89;-6,-88;-6,-87;-6,-86;-6,-85;-6,-84;-6,-83;-6,-82;-6,-81;-6,-80;-6,-79;-6,-78;-6,-77;-6,-76;-6,-75;-6,-74;-6,-73;-6,-72;-5,-91;-5,-90;-5,-89;-5,-88;-5,-87;-5,-86;-5,-85;-5,-84;-5,-83;-5,-82;-5,-81;-5,-80;-5,-79;-5,-78;-5,-77;-5,-76;-5,-75;-5,-74;-5,-73;-5,-72;-4,-91;-4,-90;-4,-89;-4,-88;-4,-87;-4,-86;-4,-85;-4,-84;-4,-83;-4,-82;-4,-81;-4,-80;-4,-79;-4,-78;-4,-77;-4,-76;-4,-75;-4,-74;-4,-73;-4,-72;-3,-91;-3,-90;-3,-89;-3,-88;-3,-87;-3,-86;-3,-85;-3,-84;-3,-83;-3,-82;-3,-81;-3,-80;-3,-79;-3,-78;-3,-77;-3,-76;-3,-75;-3,-74;-3,-73;-3,-72;-2,-91;-2,-90;-2,-89;-2,-88;-2,-87;-2,-86;-2,-85;-2,-84;-2,-83;-2,-82;-2,-81;-2,-80;-2,-79;-2,-78;-2,-77;-2,-76;-2,-75;-2,-74;-2,-73;-2,-72;-1,-91;-1,-90;-1,-89;-1,-88;-1,-87;-1,-86;-1,-85;-1,-84;-1,-83;-1,-82;-1,-81;-1,-80;-1,-79;-1,-78;-1,-77;-1,-76;-1,-75;-1,-74;-1,-73;-1,-72;0,-91;0,-90;0,-89;0,-88;0,-87;0,-86;0,-85;0,-84;0,-83;0,-82;0,-81;0,-80;0,-79;0,-78;0,-77;0,-76;0,-75;0,-74;0,-73;0,-72;1,-91;1,-90;1,-89;1,-88;1,-87;1,-86;1,-85;1,-84;1,-83;1,-82;1,-81;1,-80;1,-79;1,-78;1,-77;1,-76;1,-75;1,-74;1,-73;1,-72;2,-91;2,-90;2,-89;2,-88;2,-87;2,-86;2,-85;2,-84;2,-83;2,-82;2,-81;2,-80;2,-79;2,-78;2,-77;2,-76;2,-75;2,-74;2,-73;2,-72;3,-91;3,-90;3,-89;3,-88;3,-87;3,-86;3,-85;3,-84;3,-83;3,-82;3,-81;3,-80;3,-79;3,-78;3,-77;3,-76;3,-75;3,-74;3,-73;3,-72;4,-91;4,-90;4,-89;4,-88;4,-87;4,-86;4,-85;4,-84;4,-83;4,-82;4,-81;4,-80;4,-79;4,-78;4,-77;4,-76;4,-75;4,-74;4,-73;4,-72;5,-91;5,-90;5,-89;5,-88;5,-87;5,-86;5,-85;5,-84;5,-83;5,-82;5,-81;5,-80;5,-79;5,-78;5,-77;5,-76;5,-75;5,-74;5,-73;5,-72;6,-91;6,-90;6,-89;6,-88;6,-87;6,-86;6,-85;6,-84;6,-83;6,-82;6,-81;6,-80;6,-79;6,-78;6,-77;6,-76;6,-75;6,-74;6,-73;6,-72;7,-91;7,-90;7,-89;7,-88;7,-87;7,-86;7,-85;7,-84;7,-83;7,-82;7,-81;7,-80;7,-79;7,-78;7,-77;7,-76;7,-75;7,-74;7,-73;7,-72;8,-91;8,-90;8,-89;8,-88;8,-87;8,-86;8,-85;8,-84;8,-83;8,-82;8,-81;8,-80;8,-79;8,-78;8,-77;8,-76;8,-75;8,-74;8,-73;8,-72;9,-91;9,-90;9,-89;9,-88;9,-87;9,-86;9,-85;9,-84;9,-83;9,-82;9,-81;9,-80;9,-79;9,-78;9,-77;9,-76;9,-75;9,-74;9,-73;9,-72;10,-91;10,-90;10,-89;10,-88;10,-87;10,-86;10,-85;10,-84;10,-83;10,-82;10,-81;10,-80;10,-79;10,-78;10,-77;10,-76;10,-75;10,-74;10,-73;10,-72
-9,-9;-9,-8;-9,-7;-9,-6;-9,-5;-9,-4;-9,-3;-9,-2;-9,-1;-9,0;-9,1;-9,2;-9,3;-9,4;-9,5;-9,6;-9,7;-9,8;-9,9;-8,-9;-8,-8;-8,-7;-8,-6;-8,-5;-8,-4;-8,-3;-8,-2;-8,-1;-8,0;-8,1;-8,2;-8,3;-8,4;-8,5;-8,6;-8,7;-8,8;-8,9;-7,-9;-7,-8;-7,-7;-7,-6;-7,-5;-7,-4;-7,-3;-7,-2;-7,-1;-7,0;-7,1;-7,2;-7,3;-7,4;-7,5;-7,6;-7,7;-7,8;-7,9;-6,-9;-6,-8;-6,-7;-6,-6;-6,-5;-6,-4;-6,-3;-6,-2;-6,-1;-6,0;-6,1;-6,2;-6,3;-6,4;-6,5;-6,6;-6,7;-6,8;-6,9;-5,-9;-5,-8;-5,-7;-5,-6;-5,-5;-5,-4;-5,-3;-5,-2;-5,-1;-5,0;-5,1;-5,2;-5,3;-5,4;-5,5;-5,6;-5,7;-5,8;-5,9;-4,-9;-4,-8;-4,-7;-4,-6;-4,-5;-4,-4;-4,-3;-4,-2;-4,-1;-4,0;-4,1;-4,2;-4,3;-4,4;-4,5;-4,6;-4,7;-4,8;-4,9;-3,-9;-3,-8;-3,-7;-3,-6;-3,-5;-3,-4;-3,-3;-3,-2;-3,-1;-3,0;-3,1;-3,2;-3,3;-3,4;-3,5;-3,6;-3,7;-3,8;-3,9;-2,-9;-2,-8;-2,-7;-2,-6;-2,-5;-2,-4;-2,-3;-2,-2;-2,-1;-2,0;-2,1;-2,2;-2,3;-2,4;-2,5;-2,6;-2,7;-2,8;-2,9;-1,-9;-1,-8;-1,-7;-1,-6;-1,-5;-1,-4;-1,-3;-1,-2;-1,-1;-1,0;-1,1;-1,2;-1,3;-1,4;-1,5;-1,6;-1,7;-1,8;-1,9;0,-9;0,-8;0,-7;0,-6;0,-5;0,-4;0,-3;0,-2;0,-1;0,0;0,1;0,2;0,3;0,4;0,5;0,6;0,7;0,8;0,9;1,-9;1,-8;1,-7;1,-6;1,-5;1,-4;1,-3;1,-2;1,-1;1,0;1,1;1,2;1,3;1,4;1,5;1,6;1,7;1,8;1,9;2,-9;2,-8;2,-7;2,-6;2,-5;2,-4;2,-3;2,-2;2,-1;2,0;2,1;2,2;2,3;2,4;2,5;2,6;2,7;2,8;2,9;3,-9;3,-8;3,-7;3,-6;3,-5;3,-4;3,-3;3,-2;3,-1;3,0;3,1;3,2;3,3;3,4;3,5;3,6;3,7;3,8;3,9;4,-9;4,-8;4,-7;4,-6;4,-5;4,-4;4,-3;4,-2;4,-1;4,0;4,1;4,2;4,3;4,4;4,5;4,6;4,7;4,8;4,9;5,-9;5,-8;5,-7;5,-6;5,-5;5,-4;5,-3;5,-2;5,-1;5,0;5,1;5,2;5,3;5,4;5,5;5,6;5,7;5,8;5,9;6,-9;6,-8;6,-7;6,-6;6,-5;6,-4;6,-3;6,-2;6,-1;6,0;6,1;6,2;6,3;6,4;6,5;6,6;6,7;6,8;6,9;7,-9;7,-8;7,-7;7,-6;7,-5;7,-4;7,-3;7,-2;7,-1;7,0;7,1;7,2;7,3;7,4;7,5;7,6;7,7;7,8;7,9;8,-9;8,-8;8,-7;8,-6;8,-5;8,-4;8,-3;8,-2;8,-1;8,0;8,1;8,2;8,3;8,4;8,5;8,6;8,7;8,8;8,9;9,-9;9,-8;9,-7;9,-6;9,-5;9,-4;9,-3;9,-2;9,-1;9,0;9,1;9,2;9,3;9,4;9,5;9,6;9,7;9,8;9,9;10,-9;10,-8;10,-7;10,-6;10,-5;10,-4;10,-3;10,-2;10,-1;10,0;10,1;10,2;10,3;10,4;10,5;10,6;10,7;10,8;10,9
-9,132;-9,133;-9,134;-8,132;-8,133;-8,134
-9,136;-9,137;-8,136;-8,137
-8,-120
-7,132;-7,133;-7,134;-6,132;-6,133;-6,134;-5,132;-5,133;-5,134
-7,136;-7,137;-6,136;-6,137
-4,137;-3,137;-4,136;-3,136
-4,-34;-3,-34;-4,-35;-3,-35;-2,-34;-2,-35;-1,-35;-1,-34
-3,105;-3,106;-3,107;-3,108;-3,109;-2,105;-2,106;-2,107;-2,108;-2,109;-1,105;-1,106;-1,107;-1,108;-1,109;0,105;0,106;0,107;0,108;0,109
-3,132;-3,133;-3,134;-2,132;-2,133;-2,134;-1,132;-1,133;-1,134
2,68;2,69;2,70;3,68;3,69;3,70;4,68;4,69;4,70
5,100;5,101;5,102;5,103;5,104;6,100;6,101;6,102;6,103;6,104;7,100;7,101;7,102;7,103;7,104;8,100;8,101;8,102;8,103;8,104;9,100;9,101;9,102;9,103;9,104;10,100;10,101;10,102;10,103;10,104;11,100;11,101;11,102;11,103;11,104
5,117;5,118;6,117;6,118
13,85;13,84;13,83;13,82;13,81;13,80;13,79;13,78;13,77;13,76;13,75;14,85;14,84;14,83;14,82;14,81;14,80;14,79;14,78;14,77;14,76;14,75;15,85;15,84;15,83;15,82;15,81;15,80;15,79;15,78;15,77;15,76;15,75;16,85;16,84;16,83;16,82;16,81;16,80;16,79;16,78;16,77;16,76;16,75;17,85;17,84;17,83;17,82;17,81;17,80;17,79;17,78;17,77;17,76;17,75;18,85;18,84;18,83;18,82;18,81;18,80;18,79;18,78;18,77;18,76;18,75;19,85;19,84;19,83;19,82;19,81;19,80;19,79;19,78;19,77;19,76;19,75;20,85;20,84;20,83;20,82;20,81;20,80;20,79;20,78;20,77;20,76;20,75;21,85;21,84;21,83;21,82;21,81;21,80;21,79;21,78;21,77;21,76;21,75;22,85;22,84;22,83;22,82;22,81;22,80;22,79;22,78;22,77;22,76;22,75
14,100;14,101;14,102;14,103;14,104;15,100;15,101;15,102;15,103;15,104;16,100;16,101;16,102;16,103;16,104;17,100;17,101;17,102;17,103;17,104;18,101;18,102;18,103;18,104
22,-118;23,-118
26,105;26,106;26,107;26,108;26,109;26,110;27,105;27,106;27,107;27,108;27,109;27,110;28,105;28,106;28,107;28,108;28,109;28,110;29,105;29,106;29,107;29,108;29,109;29,110;30,105;30,106;30,107;30,108;30,109;30,110;31,105;31,106;31,107;31,108;31,109;31,110;32,105;32,106;32,107;32,108;32,109;32,110;33,105;33,106;33,107;33,108;33,109;33,110
26,111;26,112;26,113;26,114;26,115;26,116;26,117;26,118;27,111;27,112;27,113;27,114;27,115;27,116;27,117;27,118;28,111;28,112;28,113;28,114;28,115;28,116;28,117;28,118;29,111;29,112;29,113;29,114;29,115;29,116;29,117;29,118;30,111;30,112;30,113;30,114;30,115;30,116;30,117;30,118;31,111;31,112;31,113;31,114;31,115;31,116;31,117;31,118;32,111;32,112;32,113;32,114;32,115;32,116;32,117;32,118;33,111;33,112;33,113;33,114;33,115;33,116;33,117;33,118
48,-46;49,-46;47,-45;48,-45;49,-45;47,-44;48,-44;49,-44;47,-43;48,-43;49,-43
47,-41;47,-40;48,-41;48,-40;49,-41;49,-40
55,125;55,126;55,127;55,128;55,129;56,125;56,126;56,127;56,128;56,129;57,125;57,126;57,127;57,128;57,129;58,125;58,126;58,127;58,128;58,129;59,125;59,126;59,127;59,128;59,129
57,-30;57,-29;58,-30;58,-29
61,28;61,29;61,30;62,28;62,29;62,30
78,-105
79,-137
91,138;91,139;92,139;93,139;91,140;92,140;93,140;92,141;93,141
94,24
95,98;96,98;97,98;98,98;95,99;96,99;97,99;98,99;95,100;96,100;97,100;98,100;95,101;96,101;97,101;98,101
96,-132;96,-131;97,-132;97,-131;98,-132;98,-131
96,-115;96,-114;96,-113;97,-116;97,-115;97,-114;97,-113;98,-116;98,-115;98,-114;98,-113;99,-116;99,-115;99,-114;99,-113;100,-116;100,-115;100,-114;100,-113
98,17
99,-131;99,-130;100,-131;100,-130
99,17
100,55;101,55
100,17
100,77;100,78;100,79;101,77;101,78;101,79;102,77;102,78;102,79
103,77;103,78;103,79;103,80;103,81;104,77;104,78;104,79;104,80;104,81;103,76;104,76
105,77;105,78;105,79;106,77;106,78;106,79;107,79;107,78;107,77
103,75;104,75
104,51
102,56;103,56
105,50
106,50;107,50
106,51
107,51
109,49
109,50
111,-102;111,-101;111,-100;112,-102;112,-101;112,-100;113,-102;113,-101;113,-100
116,-26;117,-25;117,-26;117,-27;118,-25;118,-26;118,-27;119,-25;119,-26;119,-27;120,-25;120,-26;120,-27;121,-25;121,-26;121,-27
124,42;124,43;124,44;124,45;124,46;124,47;124,48;124,49;124,50;124,51;124,52;124,53;124,54;124,55;125,41;125,42;125,43;125,44;125,45;125,46;125,47;125,48;125,49;125,50;125,51;125,52;125,53;125,54;125,55;126,41;126,42;126,43;126,44;126,45;126,46;126,47;126,48;126,49;126,50;127,44;127,45;127,46;127,47;127,48;127,49;127,50;128,44;128,45;128,46;128,47;128,48;128,49;128,50;129,44;129,45;129,46;129,47;129,48;129,49;129,50;130,44;130,45;130,46;130,47;130,48;130,49;130,50;131,44;131,45;131,46;131,47;131,48;131,49;131,50;132,44;132,45;132,46;132,47;132,48;132,49;132,50;126,51;126,52;126,53;126,54;126,55;127,41;127,42;127,43;127,51;127,52;127,53;127,54;127,55;128,41;128,42;128,43;128,51;128,52;128,53;128,54;128,55;129,41;129,42;129,43;129,51;129,52;129,53;129,54;129,55;130,41;130,42;130,43;130,51;130,52;130,53;130,54;130,55;131,41;131,42;131,43;131,51;131,52;131,53;131,54;131,55;132,41;132,42;132,43;132,51;132,52;132,53;132,54;132,55;133,41;133,42;133,43;133,44;133,45;133,46;133,47;133,48;133,49;133,50;133,51;133,52;133,53;133,54;133,55
126,-5
126,105;126,106;126,107;126,108;126,109;126,110;126,111;126,112;127,105;127,106;127,107;127,108;127,109;127,110;127,111;127,112;128,105;128,106;128,107;128,108;128,109;128,110;128,111;128,112;129,105;129,106;129,107;129,108;129,109;129,110;129,111;129,112
128,130;128,131
131,40
140,-4;140,-5;140,-6;140,-7;140,-8;140,-9;140,-10;140,-11;141,-4;141,-5;141,-6;141,-7;141,-8;141,-9;141,-10;141,-11;142,-2;142,-3;142,-4;142,-5;142,-6;142,-7;142,-8;142,-9;142,-10;142,-11;143,-2;143,-3;143,-4;143,-5;143,-6;143,-7;143,-8;143,-9;143,-10;143,-11;144,-2;144,-3;144,-4;144,-5;144,-6;144,-7;144,-8;144,-9;144,-10;144,-11;145,-2;145,-3;145,-4;145,-5;145,-6;145,-7;145,-8;145,-9;145,-10;145,-11;146,-2;146,-3;146,-4;146,-5;146,-6;146,-7;146,-8;146,-9;146,-10;146,-11;147,-2;147,-3;147,-4;147,-5;147,-6;147,-7;147,-8;147,-9;147,-10;147,-11;148,-2;148,-3;148,-4;148,-5;148,-6;148,-7;148,-8;148,-9;148,-10;148,-11;149,-2;149,-3;149,-4;149,-5;149,-6;149,-7;149,-8;149,-9;149,-10;149,-11;141,-2;141,-3;140,-2;140,-3
145,60;145,61;145,62;145,63;145,64;145,65;146,60;146,61;146,62;146,63;146,64;146,65;147,60;147,61;147,62;147,63;147,64;148,60;147,65;148,61;148,62;148,63;148,64;148,65;149,60;149,61;149,62;149,63;149,64;149,65