-150,91;-150,92;-150,93;-150,94;-150,95;-149,91;-149,92;-149,93;-149,94;-149,95;-148,91;-148,92;-148,93;-148,94;-148,95
-150,122
-147,94
-141,-81
-139,-28
-138,-94
-125,124
-126,-73
-116,128
-119,113
-116,144
-113,-36;-113,-37;-113,-38
-112,-41
-111,138;-111,139
-111,140;-111,141;-111,142;-110,140;-110,141;-110,142;-109,140;-109,141;-109,142
-109,-97
-95,36;-95,35;-95,34;-96,36;-96,35;-96,34;-97,36;-97,35;-97,34
-100,36;-100,35;-100,34;-101,36;-101,35;-101,34;-102,36;-102,35;-102,34
-100,142
-98,-95;-97,-95
-96,112
-95,112
-94,112
-93,112
-92,112
-96,111
-95,111
-94,111
-93,111
-92,111
-96,110
-95,110
-94,110
-93,110
-92,110
-96,109
-95,109
-94,109
-93,109
-92,109
-96,108
-95,108
-94,108
-93,108
-92,108
-95,-89;-95,-88;-95,-87;-94,-89;-94,-88;-94,-87
-90,108
-90,109
-89,108
-89,109
-88,108
-88,109
-90,110
-90,111
-89,110
-89,111
-88,110
-88,111
-85,-97
-75,-150;-75,-149;-74,-150;-74,-149
-75,-46
-73,-150;-73,-149;-72,-150;-72,-149
-71,-150;-71,-149;-70,-150;-70,-149
-69,-150;-69,-149;-68,-150;-68,-149
-62,126;-62,125
-48,27
-43,-110;-44,-110;-43,-111;-44,-111
-37,78
-9,-91;-9,-90;-8,-91;-8,-90
-9,-84
-9,-83
-9,-72
-8,-85
-6,-86;-6,-85;-6,-84;-5,-86;-5,-85;-5,-84;-4,-86;-4,-85;-4,-84
-2,-78;-2,-77;-2,-76;-1,-78;-1,-77;-1,-76;0,-78;0,-77;0,-76
0,-89;0,-88;1,-89;1,-88
2,-78;2,-77;2,-76;2,-75;2,-74;2,-73;2,-72;3,-78;3,-77;3,-76;3,-75;3,-74;3,-73;3,-72;4,-78;4,-77;4,-76;4,-75;4,-74;4,-73;4,-72;5,-78;5,-77;5,-76;5,-75;5,-74;5,-73;5,-72;6,-78;6,-77;6,-76;6,-75;6,-74;6,-73;6,-72;7,-78;7,-77;7,-76;7,-75;7,-74;7,-73;7,-72;8,-78;8,-77;8,-76;8,-75;8,-74;8,-73;8,-72;9,-78;9,-77;9,-76;9,-75;9,-74;9,-73;9,-72;10,-78;10,-77;10,-76;10,-75;10,-74;10,-73;10,-72
-9,-9;-9,-8;-9,-7;-9,-6;-9,-5;-9,-4;-9,-3;-9,-2;-9,-1;-9,0;-9,1;-9,2;-9,3;-9,4;-9,5;-9,6;-9,7;-9,8;-9,9;-8,-9;-8,-8;-8,-7;-8,-6;-8,-5;-8,-4;-8,-3;-8,-2;-8,-1;-8,0;-8,1;-8,2;-8,3;-8,4;-8,5;-8,6;-8,7;-8,8;-8,9;-7,-9;-7,-8;-7,-7;-7,-6;-7,-5;-7,-4;-7,-3;-7,-2;-7,-1;-7,0;-7,1;-7,2;-7,3;-7,4;-7,5;-7,6;-7,7;-7,8;-7,9;-6,-9;-6,-8;-6,-7;-6,-6;-6,-5;-6,-4;-6,-3;-6,-2;-6,-1;-6,0;-6,1;-6,2;-6,3;-6,4;-6,5;-6,6;-6,7;-6,8;-6,9;-5,-9;-5,-8;-5,-7;-5,-6;-5,-5;-5,-4;-5,-3;-5,-2;-5,-1;-5,0;-5,1;-5,2;-5,3;-5,4;-5,5;-5,6;-5,7;-5,8;-5,9;-4,-9;-4,-8;-4,-7;-4,-6;-4,-5;-4,-4;-4,-3;-4,-2;-4,-1;-4,0;-4,1;-4,2;-4,3;-4,4;-4,5;-4,6;-4,7;-4,8;-4,9;-3,-9;-3,-8;-3,-7;-3,-6;-3,-5;-3,-4;-3,-3;-3,-2;-3,-1;-3,0;-3,1;-3,2;-3,3;-3,4;-3,5;-3,6;-3,7;-3,8;-3,9;-2,-9;-2,-8;-2,-7;-2,-6;-2,-5;-2,-4;-2,-3;-2,-2;-2,-1;-2,0;-2,1;-2,2;-2,3;-2,4;-2,5;-2,6;-2,7;-2,8;-2,9;-1,-9;-1,-8;-1,-7;-1,-6;-1,-5;-1,-4;-1,-3;-1,-2;-1,-1;-1,0;-1,1;-1,2;-1,3;-1,4;-1,5;-1,6;-1,7;-1,8;-1,9;0,-9;0,-8;0,-7;0,-6;0,-5;0,-4;0,-3;0,-2;0,-1;0,0;0,1;0,2;0,3;0,4;0,5;0,6;0,7;0,8;0,9;1,-9;1,-8;1,-7;1,-6;1,-5;1,-4;1,-3;1,-2;1,-1;1,0;1,1;1,2;1,3;1,4;1,5;1,6;1,7;1,8;1,9;2,-9;2,-8;2,-7;2,-6;2,-5;2,-4;2,-3;2,-2;2,-1;2,0;2,1;2,2;2,3;2,4;2,5;2,6;2,7;2,8;2,9;3,-9;3,-8;3,-7;3,-6;3,-5;3,-4;3,-3;3,-2;3,-1;3,0;3,1;3,2;3,3;3,4;3,5;3,6;3,7;3,8;3,9;4,-9;4,-8;4,-7;4,-6;4,-5;4,-4;4,-3;4,-2;4,-1;4,0;4,1;4,2;4,3;4,4;4,5;4,6;4,7;4,8;4,9;5,-9;5,-8;5,-7;5,-6;5,-5;5,-4;5,-3;5,-2;5,-1;5,0;5,1;5,2;5,3;5,4;5,5;5,6;5,7;5,8;5,9;6,-9;6,-8;6,-7;6,-6;6,-5;6,-4;6,-3;6,-2;6,-1;6,0;6,1;6,2;6,3;6,4;6,5;6,6;6,7;6,8;6,9;7,-9;7,-8;7,-7;7,-6;7,-5;7,-4;7,-3;7,-2;7,-1;7,0;7,1;7,2;7,3;7,4;7,5;7,6;7,7;7,8;7,9;8,-9;8,-8;8,-7;8,-6;8,-5;8,-4;8,-3;8,-2;8,-1;8,0;8,1;8,2;8,3;8,4;8,5;8,6;8,7;8,8;8,9;9,-9;9,-8;9,-7;9,-6;9,-5;9,-4;9,-3;9,-2;9,-1;9,0;9,1;9,2;9,3;9,4;9,5;9,6;9,7;9,8;9,9;10,-9;10,-8;10,-7;10,-6;10,-5;10,-4;10,-3;10,-2;10,-1;10,0;10,1;10,2;10,3;10,4;10,5;10,6;10,7;10,8;10,9
7,57
17,-145
37,-115;37,-114
50,-88
68,-55;68,-54;68,-53;69,-55;69,-54;69,-53;70,-55;70,-54;70,-53
79,-30
84,41;84,42;84,40;85,40;85,41;85,42
83,-130
96,-110;96,-109;96,-108;96,-107;96,-106;97,-110;97,-109;97,-108;97,-107;97,-106;98,-110;98,-109;98,-108;98,-107;98,-106;99,-110;99,-109;99,-108;99,-107;99,-106;100,-110;100,-109;100,-108;100,-107;100,-106
99,-131;99,-130;100,-131;100,-130
101,48
104,51
102,56;103,56
105,50;106,50;106,51;107,50;107,51
107,44
110,44;110,45;110,46;111,44;111,45;111,46;112,44;112,45;112,46
124,42;124,43;124,44;124,45;124,46;124,47;124,48;124,49;124,50;124,51;124,52;124,53;124,54;124,55;125,41;125,42;125,43;125,44;125,45;125,46;125,47;125,48;125,49;125,50;125,51;125,52;125,53;125,54;125,55;126,41;126,42;126,43;126,44;126,45;126,46;126,47;126,48;126,49;126,50;127,44;127,45;127,46;127,47;127,48;127,49;127,50;128,44;128,45;128,46;128,47;128,48;128,49;128,50;129,44;129,45;129,46;129,47;129,48;129,49;129,50;130,44;130,45;130,46;130,47;130,48;130,49;130,50;131,44;131,45;131,46;131,47;131,48;131,49;131,50;132,44;132,45;132,46;132,47;132,48;132,49;132,50;126,51;126,52;126,53;126,54;126,55;127,41;127,42;127,43;127,51;127,52;127,53;127,54;127,55;128,41;128,42;128,43;128,51;128,52;128,53;128,54;128,55;129,41;129,42;129,43;129,51;129,52;129,53;129,54;129,55;130,41;130,42;130,43;130,51;130,52;130,53;130,54;130,55;131,41;131,42;131,43;131,51;131,52;131,53;131,54;131,55;132,41;132,42;132,43;132,51;132,52;132,53;132,54;132,55;133,41;133,42;133,43;133,44;133,45;133,46;133,47;133,48;133,49;133,50;133,51;133,52;133,53;133,54;133,55
131,40
133,-148
139,-20