-148,110
-145,45;-145,43;-145,48;-145,44;-145,47;-145,46;-141,44;-144,48;-144,45;-144,44;-143,46;-143,47;-142,45;-142,46;-143,44;-142,44;-141,45;-144,46;-143,45;-142,47;-144,43;-141,47;-144,47;-141,46;-142,43;-141,48;-142,48;-143,48;-143,43;-140,43;-140,44;-140,48;-140,45;-140,46;-140,47;-141,43
-142,86
-133,5
-132,8
-135,6
-134,5
-131,5
-132,7
-131,8
-135,7
-132,5
-134,6
-134,8
-134,4
-135,3
-135,4
-133,8
-131,6
-132,6
-135,8
-132,4
-135,5
-131,7
-133,6
-134,7
-133,4
-133,7
-131,4
-129,-59
-112,-41
-105,64
-102,65;-101,64;-103,65;-102,63;-101,65;-104,63;-102,64;-101,63;-104,65;-103,63;-104,64;-103,64;-104,66;-103,66;-102,66;-101,66
-106,64
-107,64
-100,36;-101,35;-102,35;-101,36;-100,34;-100,35;-102,34;-101,34;-102,36
-95,68
-96,66
-101,69
-96,68
-101,68
-95,66
-98,68
-98,66
-97,68
-98,69
-97,66
-95,67
-100,66
-99,66
-101,67
-98,-95;-97,-95
-92,-84
-89,-85;-88,-86;-87,-84;-87,-86;-89,-86;-87,-85;-89,-84;-88,-84;-88,-85
-87,110
-86,-126
-71,116;-71,117
-54,88
-54,100
-50,149;-49,149
-45,42
-45,43
-34,115
-32,-53
-27,85;-25,82;-26,80;-26,84;-25,80;-29,83;-28,84;-28,80;-24,83;-24,84;-24,85;-26,83;-24,80;-27,83;-26,81;-26,82;-24,82;-28,82;-29,85;-24,81;-29,81;-28,81;-27,82;-29,80;-28,83;-26,85;-29,84;-27,80;-25,83;-29,82;-28,85;-25,81;-27,81;-27,84;-25,84;-25,85
-22,-139
-21,148
-15,-114
-4,-128;-5,-128;-5,-127;-4,-127
-3,118;-3,122;-3,121;-3,120;-3,116;-3,117;-3,119;-3,115;-2,116;-2,117;-2,118;-2,121;-2,115;-2,119;-2,120;-2,122
-1,118;-1,117
4,61
15,-143
22,-118;23,-118
37,-115;37,-114
46,133
46,49
47,48
47,-45;48,-44;49,-45;48,-43;47,-44;47,-43;49,-46;48,-45;49,-44;49,-43
47,49
48,49;48,48;49,48;49,49
59,-115
62,32;63,32;62,31;63,31
78,54;79,54;79,53;78,53
83,43;82,44;83,44;82,43;84,44;84,43
90,54;89,54;90,53;89,53
94,41
98,48
100,48
96,-131;96,-132;98,-132;97,-131;98,-131;97,-132
99,-111;100,-111;100,-112;99,-112
109,49
107,44
111,49;110,50;111,50;110,49
147,61;147,62;147,63;148,60;149,65;145,65;146,61;145,64;148,61;149,63;145,62;147,60;145,60;146,65;149,64;147,65;149,61;148,63;149,60;146,60;147,64;145,63;145,61;146,62;148,62;148,64;146,64;148,65;149,62;146,63