-150,147
-149,12
-148,-125
-143,-117
-109,-32
-109,-93
-107,-94
-104,-68
-104,-67
-95,36;-95,35;-95,34;-96,36;-96,35;-96,34;-97,36;-97,35;-97,34
-96,40;-96,39;-96,38;-96,37;-97,40;-97,39;-97,38;-97,37;-98,40;-98,39;-98,38;-98,37;-98,36;-98,35;-98,34;-99,40;-99,39;-99,38;-99,37;-99,36;-99,35;-99,34;-100,40;-100,39;-100,38;-100,37;-101,40;-101,39;-101,38;-101,37
-100,36;-100,35;-100,34;-101,36;-101,35;-101,34;-102,36;-102,35;-102,34
-91,-89
-87,-84;-87,-85;-87,-86;-88,-84;-88,-85;-88,-86;-89,-84;-89,-85;-89,-86
-77,-22
-75,-150;-75,-149;-74,-150;-74,-149
-73,-150;-73,-149;-72,-150;-72,-149
-71,-150;-71,-149;-70,-150;-70,-149
-64,-68;-64,-69;-64,-70;-64,-71;-63,-68;-63,-69;-63,-70;-63,-71;-62,-68;-62,-69;-62,-70;-62,-71;-61,-68;-61,-69;-61,-70;-61,-71;-60,-68;-60,-69;-60,-70;-60,-71;-59,-68;-59,-69;-59,-70;-59,-71
-69,-150;-69,-149;-68,-150;-68,-149
-62,126
-61,-32
-54,88
-49,69;-49,70;-49,71;-49,72;-48,69;-48,70;-48,71;-48,72;-47,69;-47,70;-47,71;-47,72;-46,69;-46,70;-46,71;-46,72;-45,69;-45,70;-45,71;-45,72;-44,69;-44,70;-44,71;-44,72
-40,7;-40,8;-39,7;-39,8
-39,-3;-38,-3;-37,-3;-36,-3
-35,126;-35,127;-35,128;-35,129;-35,130;-35,131;-34,126;-34,127;-34,128;-34,129;-34,130;-34,131;-33,126;-33,127;-33,128;-33,129;-33,130;-33,131;-32,126;-32,127;-32,128;-32,129;-32,130;-32,131;-31,126;-31,127;-31,128;-31,129;-31,130;-31,131;-30,126;-30,127;-30,128;-30,129;-30,130;-30,131
-28,4;-28,5;-27,5
-12,105;-12,106;-12,107;-11,105;-11,106;-11,107;-10,105;-10,106;-10,107
-9,-91;-9,-90;-9,-89;-9,-88;-9,-87;-9,-86;-9,-85;-9,-84;-9,-83;-9,-82;-9,-81;-9,-80;-9,-79;-9,-78;-9,-77;-9,-76;-9,-75;-9,-74;-9,-73;-9,-72;-8,-91;-8,-90;-8,-89;-8,-88;-8,-87;-8,-86;-8,-85;-8,-84;-8,-83;-8,-82;-8,-81;-8,-80;-8,-79;-8,-78;-8,-77;-8,-76;-8,-75;-8,-74;-8,-73;-8,-72;-7,-91;-7,-90;-7,-89;-7,-88;-7,-87;-7,-86;-7,-85;-7,-84;-7,-83;-7,-82;-7,-81;-7,-80;-7,-79;-7,-78;-7,-77;-7,-76;-7,-75;-7,-74;-7,-73;-7,-72;-6,-91;-6,-90;-6,-89;-6,-88;-6,-87;-6,-86;-6,-85;-6,-84;-6,-83;-6,-82;-6,-81;-6,-80;-6,-79;-6,-78;-6,-77;-6,-76;-6,-75;-6,-74;-6,-73;-6,-72;-5,-91;-5,-90;-5,-89;-5,-88;-5,-87;-5,-86;-5,-85;-5,-84;-5,-83;-5,-82;-5,-81;-5,-80;-5,-79;-5,-78;-5,-77;-5,-76;-5,-75;-5,-74;-5,-73;-5,-72;-4,-91;-4,-90;-4,-89;-4,-88;-4,-87;-4,-86;-4,-85;-4,-84;-4,-83;-4,-82;-4,-81;-4,-80;-4,-79;-4,-78;-4,-77;-4,-76;-4,-75;-4,-74;-4,-73;-4,-72;-3,-91;-3,-90;-3,-89;-3,-88;-3,-87;-3,-86;-3,-85;-3,-84;-3,-83;-3,-82;-3,-81;-3,-80;-3,-79;-3,-78;-3,-77;-3,-76;-3,-75;-3,-74;-3,-73;-3,-72;-2,-91;-2,-90;-2,-89;-2,-88;-2,-87;-2,-86;-2,-85;-2,-84;-2,-83;-2,-82;-2,-81;-2,-80;-2,-79;-2,-78;-2,-77;-2,-76;-2,-75;-2,-74;-2,-73;-2,-72;-1,-91;-1,-90;-1,-89;-1,-88;-1,-87;-1,-86;-1,-85;-1,-84;-1,-83;-1,-82;-1,-81;-1,-80;-1,-79;-1,-78;-1,-77;-1,-76;-1,-75;-1,-74;-1,-73;-1,-72;0,-91;0,-90;0,-89;0,-88;0,-87;0,-86;0,-85;0,-84;0,-83;0,-82;0,-81;0,-80;0,-79;0,-78;0,-77;0,-76;0,-75;0,-74;0,-73;0,-72;1,-91;1,-90;1,-89;1,-88;1,-87;1,-86;1,-85;1,-84;1,-83;1,-82;1,-81;1,-80;1,-79;1,-78;1,-77;1,-76;1,-75;1,-74;1,-73;1,-72;2,-91;2,-90;2,-89;2,-88;2,-87;2,-86;2,-85;2,-84;2,-83;2,-82;2,-81;2,-80;2,-79;2,-78;2,-77;2,-76;2,-75;2,-74;2,-73;2,-72;3,-91;3,-90;3,-89;3,-88;3,-87;3,-86;3,-85;3,-84;3,-83;3,-82;3,-81;3,-80;3,-79;3,-78;3,-77;3,-76;3,-75;3,-74;3,-73;3,-72;4,-91;4,-90;4,-89;4,-88;4,-87;4,-86;4,-85;4,-84;4,-83;4,-82;4,-81;4,-80;4,-79;4,-78;4,-77;4,-76;4,-75;4,-74;4,-73;4,-72;5,-91;5,-90;5,-89;5,-88;5,-87;5,-86;5,-85;5,-84;5,-83;5,-82;5,-81;5,-80;5,-79;5,-78;5,-77;5,-76;5,-75;5,-74;5,-73;5,-72;6,-91;6,-90;6,-89;6,-88;6,-87;6,-86;6,-85;6,-84;6,-83;6,-82;6,-81;6,-80;6,-79;6,-78;6,-77;6,-76;6,-75;6,-74;6,-73;6,-72;7,-91;7,-90;7,-89;7,-88;7,-87;7,-86;7,-85;7,-84;7,-83;7,-82;7,-81;7,-80;7,-79;7,-78;7,-77;7,-76;7,-75;7,-74;7,-73;7,-72;8,-91;8,-90;8,-89;8,-88;8,-87;8,-86;8,-85;8,-84;8,-83;8,-82;8,-81;8,-80;8,-79;8,-78;8,-77;8,-76;8,-75;8,-74;8,-73;8,-72;9,-91;9,-90;9,-89;9,-88;9,-87;9,-86;9,-85;9,-84;9,-83;9,-82;9,-81;9,-80;9,-79;9,-78;9,-77;9,-76;9,-75;9,-74;9,-73;9,-72;10,-91;10,-90;10,-89;10,-88;10,-87;10,-86;10,-85;10,-84;10,-83;10,-82;10,-81;10,-80;10,-79;10,-78;10,-77;10,-76;10,-75;10,-74;10,-73;10,-72
-7,-119
-8,108;-8,109;-7,108;-7,109
-3,132;-3,133;-3,134;-2,132;-2,133;-2,134;-1,132;-1,133;-1,134
-2,-56
1,108;1,109;1,110;1,111;2,108;2,109;2,110;2,111;3,108;3,109;3,110;3,111
3,103;4,103;3,104;4,104;3,105;4,105
4,106;4,107;4,108;4,109;4,110;4,111;5,105;5,106;5,107;5,108;5,109;5,110;5,111;6,105;6,106;6,107;6,108;6,109;6,110;6,111;7,105;7,106;7,107;7,108;7,109;7,110;7,111
5,100;5,101;5,102;5,103;5,104;6,100;6,101;6,102;6,103;6,104;7,100;7,101;7,102;7,103;7,104;8,100;8,101;8,102;8,103;8,104;9,100;9,101;9,102;9,103;9,104;10,100;10,101;10,102;10,103;10,104;11,100;11,101;11,102;11,103;11,104
5,117;5,118;6,117;6,118
7,-16
8,105;8,106;8,107;8,108;8,109;8,110;9,105;9,106;9,107;9,108;9,109;9,110;10,105;10,106;10,107;10,108;10,109;10,110;11,105;11,106;11,107;11,108;11,109;11,110;12,105;12,106;12,107;12,108;12,109;12,110;13,105;13,106;13,107;13,108;13,109;13,110;14,105;14,106;14,107;14,108;14,109;14,110;8,111;9,111
10,-45
10,111;10,112;10,113;10,114;10,115;10,116;10,117;10,118;11,111;11,112;11,113;11,114;11,115;11,116;11,117;11,118;12,111;12,112;12,113;12,114;12,115;12,116;12,117;12,118;13,111;13,112;13,113;13,114;13,115;13,116;13,117;13,118;14,111;14,112;14,113;14,114;14,115;14,116;14,117;14,118;15,111;15,112;15,113;15,114;15,115;15,116;15,117;15,118;16,111;16,112;16,113;16,114;16,115;16,116;16,117;16,118;17,111;17,112;17,113;17,114;17,115;17,116;17,117;17,118
12,99;13,98;13,99;14,98;14,99;15,98;15,99;12,100;12,101;12,102;12,103;12,104;13,100;13,101;13,102;13,103;13,104
16,105;17,105;16,106;17,106
18,111;18,112;18,113;18,114;18,115;18,116;18,117;18,118;19,111;19,112;19,113;19,114;19,115;19,116;19,117;19,118;19,119;20,111;20,112;20,113;20,114;20,115;20,116;20,117;20,118;20,119;21,111;21,112;21,113;21,114;21,115;21,116;21,117;21,118;21,119;22,111;22,112;22,113;22,114;22,115;22,116;22,117;22,118;22,119;23,111;23,112;23,113;23,114;23,115;23,116;23,117;23,118;23,119;24,111;24,112;24,113;24,114;24,115;24,116;24,117;24,118;24,119;25,113;25,114;25,115;25,116;25,117;25,118;25,119
19,105;19,106;19,107;19,108;19,109;19,110;20,105;20,106;20,107;20,108;20,109;20,110;21,105;21,106;21,107;21,108;21,109;21,110;22,105;22,106;22,107;22,108;22,109;22,110;23,105;23,106;23,107;23,108;23,109;23,110;24,105;24,106;24,107;24,108;24,109;24,110;25,105;25,106;25,108;25,107;25,109;25,110
19,141;19,140
23,-52;24,-52
23,-25
23,74
25,-83
25,111;25,112
29,-55;29,-56;30,-55;30,-56
29,95;29,96;29,97;29,98;29,99;30,95;30,96;30,97;30,98;30,99;31,95;31,96;31,97;31,98;31,99;32,95;32,96;32,97;32,98;32,99;33,95;33,96;33,97;33,98;33,99
35,80
35,81
35,85
36,80
36,81
40,-119
48,-46;49,-46;47,-45;48,-45;49,-45;47,-44;48,-44;49,-44;47,-43;48,-43;49,-43
61,28;61,29;61,30;62,28;62,29;62,30
65,33
78,-105
85,55
86,56
87,56
88,56
89,56
90,56
91,56
92,56
93,56
94,56
85,56
86,55
87,55
88,55
89,55
90,55
91,55
92,55
93,55
94,55
87,53
88,54
89,54
90,54
91,54
92,54
93,54
94,54
87,54
88,53
89,53
90,53
91,53
92,53
93,53
94,53
94,24
95,51
95,98;96,98;97,98;98,98;95,99;96,99;97,99;98,99;95,100;96,100;97,100;98,100;95,101;96,101;97,101;98,101
96,-132;96,-131;97,-132;97,-131;98,-132;98,-131
96,-115;96,-114;96,-113;97,-116;97,-115;97,-114;97,-113;98,-116;98,-115;98,-114;98,-113;99,-116;99,-115;99,-114;99,-113;100,-116;100,-115;100,-114;100,-113
98,17
99,-131;99,-130;100,-131;100,-130
99,17
100,17
101,-112;101,-111;102,-112;102,-111;103,-112;103,-111
104,52;104,53
104,51
102,56;103,56
105,50
106,50;107,50
106,55;107,55
107,51
109,49
116,-26;117,-25;117,-26;117,-27;118,-25;118,-26;118,-27;119,-25;119,-26;119,-27;120,-25;120,-26;120,-27;121,-25;121,-26;121,-27
125,-11
124,42;124,43;124,44;124,45;124,46;124,47;124,48;124,49;124,50;124,51;124,52;124,53;124,54;124,55;125,41;125,42;125,43;125,44;125,45;125,46;125,47;125,48;125,49;125,50;125,51;125,52;125,53;125,54;125,55;126,41;126,42;126,43;126,44;126,45;126,46;126,47;126,48;126,49;126,50;127,44;127,45;127,46;127,47;127,48;127,49;127,50;128,44;128,45;128,46;128,47;128,48;128,49;128,50;129,44;129,45;129,46;129,47;129,48;129,49;129,50;130,44;130,45;130,46;130,47;130,48;130,49;130,50;131,44;131,45;131,46;131,47;131,48;131,49;131,50;132,44;132,45;132,46;132,47;132,48;132,49;132,50;126,51;126,52;126,53;126,54;126,55;127,41;127,42;127,43;127,51;127,52;127,53;127,54;127,55;128,41;128,42;128,43;128,51;128,52;128,53;128,54;128,55;129,41;129,42;129,43;129,51;129,52;129,53;129,54;129,55;130,41;130,42;130,43;130,51;130,52;130,53;130,54;130,55;131,41;131,42;131,43;131,51;131,52;131,53;131,54;131,55;132,41;132,42;132,43;132,51;132,52;132,53;132,54;132,55;133,41;133,42;133,43;133,44;133,45;133,46;133,47;133,48;133,49;133,50;133,51;133,52;133,53;133,54;133,55
130,-140
130,40
140,-4;140,-5;140,-6;140,-7;140,-8;140,-9;140,-10;140,-11;141,-4;141,-5;141,-6;141,-7;141,-8;141,-9;141,-10;141,-11;142,-2;142,-3;142,-4;142,-5;142,-6;142,-7;142,-8;142,-9;142,-10;142,-11;143,-2;143,-3;143,-4;143,-5;143,-6;143,-7;143,-8;143,-9;143,-10;143,-11;144,-2;144,-3;144,-4;144,-5;144,-6;144,-7;144,-8;144,-9;144,-10;144,-11;145,-2;145,-3;145,-4;145,-5;145,-6;145,-7;145,-8;145,-9;145,-10;145,-11;146,-2;146,-3;146,-4;146,-5;146,-6;146,-7;146,-8;146,-9;146,-10;146,-11;147,-2;147,-3;147,-4;147,-5;147,-6;147,-7;147,-8;147,-9;147,-10;147,-11;148,-2;148,-3;148,-4;148,-5;148,-6;148,-7;148,-8;148,-9;148,-10;148,-11;149,-2;149,-3;149,-4;149,-5;149,-6;149,-7;149,-8;149,-9;149,-10;149,-11;141,-2;141,-3;140,-2;140,-3
149,-60;149,-59
150,64;150,63;150,65;150,66;150,67;150,68;150,69;150,70;150,71;150,72;150,73;151,63;151,64;151,65;151,66;151,67;151,68;151,69;151,70;151,71;151,72;151,73;152,63;152,64;152,65;152,66;152,67;152,68;152,69;152,70;152,71;152,72;152,73;153,63;153,64;153,65;153,66;153,67;153,68;153,69;153,70;153,71;153,72;153,73;154,63;154,64;154,65;154,66;154,67;154,68;154,69;154,70;154,71;154,72;154,73;155,63;155,64;155,65;155,66;155,67;155,68;155,69;155,70;155,71;155,72;155,73;156,63;156,64;156,65;156,66;156,67;156,68;156,69;156,70;156,71;156,72;156,73;157,63;157,64;157,65;157,66;157,67;157,68;157,69;157,70;157,71;157,72;157,73;158,63;158,64;158,65;158,66;158,67;158,68;158,69;158,70;158,71;158,72;158,73;159,63;159,64;159,65;159,66;159,67;159,68;159,69;159,70;159,71;159,72;159,73;160,63;160,64;160,65;160,66;160,67;160,68;160,69;160,70;160,71;160,72;160,73