-142,72;-146,71;-141,71;-149,70;-142,68;-139,68;-145,66;-148,65;-145,65;-142,65;-144,64;-145,72;-141,72;-150,70;-150,69;-145,67;-140,72;-139,72;-139,70;-146,66;-140,65;-147,64;-146,64;-140,64;-149,72;-146,72;-143,71;-140,71;-148,70;-146,70;-149,64;-148,69;-143,69;-147,68;-140,68;-147,67;-147,66;-141,65;-148,72;-143,72;-150,71;-140,70;-146,69;-139,69;-143,67;-141,66;-146,65;-147,70;-145,69;-140,66;-141,64;-147,71;-145,71;-139,66;-150,65;-144,65;-147,72;-142,71;-143,68;-150,66;-148,66;-150,64;-144,69;-140,69;-150,67;-142,69;-150,68;-144,68;-141,68;-149,66;-139,65;-145,64;-142,64;-139,64;-144,72;-146,67;-142,67;-140,67;-142,66;-148,64;-143,64;-150,72;-141,70;-149,69;-147,69;-144,67;-149,65;-149,71;-148,71;-144,71;-145,70;-148,67;-141,67;-139,67;-144,66;-143,66;-147,65;-144,70;-142,70;-148,68;-146,68;-149,67;-139,71;-143,70;-141,69;-149,68;-145,68;-143,65
-149,126;-149,129;-149,130;-149,128;-149,127;-150,130;-150,126;-150,127;-150,128;-150,129
-149,148
-149,147
-149,149
-148,149
-148,132;-147,135;-147,131;-147,132;-148,133;-148,131;-147,133;-147,134;-148,135;-148,134
-143,-7
-142,121
-138,-116
-133,5;-132,8;-135,6;-134,5;-131,5;-132,7;-131,8;-135,7;-132,5;-134,6;-134,8;-134,4;-135,4;-133,8;-131,6;-132,6;-135,8;-132,4;-135,5;-131,7;-133,6;-134,7;-133,4;-133,7;-131,4
-133,126;-133,130;-133,129;-133,127;-133,128;-132,128;-132,127;-132,126;-132,130;-132,129;-131,126;-129,128;-129,126;-128,127;-130,128;-131,128;-129,130;-128,129;-130,127;-131,127;-128,128;-131,130;-129,129;-128,126;-130,130;-130,126;-131,129;-130,129;-128,130;-129,127
-125,-96
-126,125;-126,126;-126,127;-126,128;-126,124
-116,132;-121,134;-115,135;-122,135;-119,132;-117,134;-120,134;-119,137;-118,132;-120,132;-117,135;-120,136;-117,132;-121,133;-124,134;-119,136;-122,137;-118,133;-122,134;-117,136;-122,132;-123,132;-117,133;-123,133;-119,135;-116,134;-118,134;-117,137;-121,137;-121,132;-115,132;-116,133;-124,135;-118,136;-119,133;-122,133;-124,133;-122,136;-120,137;-120,133;-121,135;-123,134;-124,132;-115,134;-120,135;-121,136;-118,137;-118,135;-119,134;-123,135;-115,133;-116,135
-123,148;-121,149;-123,147;-120,146;-124,148;-123,149;-124,146;-123,144;-122,146;-120,148;-124,149;-122,145;-121,144;-121,145;-120,149;-122,148;-121,148;-120,144;-124,150;-121,146;-124,147;-123,146;-120,147;-122,147;-121,147;-123,145;-122,149;-122,144;-124,145;-120,145;-124,144;-123,150;-121,150;-122,150;-120,150;-119,144;-118,144;-118,149;-118,148;-118,146;-119,145;-119,148;-119,150;-119,146;-118,147;-119,149;-118,145;-118,150;-119,147
-125,89;-125,90
-122,-146;-122,-143;-122,-142;-122,-145;-122,-149;-122,-144;-122,-140;-122,-148;-122,-141;-122,-147;-120,-144;-121,-145;-121,-143;-120,-140;-120,-141;-121,-140;-121,-144;-120,-146;-120,-143;-120,-149;-120,-148;-121,-142;-121,-141;-121,-146;-121,-147;-120,-147;-120,-145;-120,-142;-121,-148;-121,-149;-119,-145;-119,-141;-119,-142;-119,-144;-119,-149;-119,-140;-119,-148;-119,-147;-119,-143;-119,-146;-118,-143;-117,-142;-118,-148;-117,-149;-117,-143;-117,-141;-118,-149;-117,-146;-117,-145;-117,-144;-118,-146;-118,-144;-118,-142;-117,-148;-118,-141;-118,-140;-117,-140;-118,-145;-117,-147;-118,-147;-116,-149;-116,-148;-115,-140;-116,-144;-115,-148;-116,-140;-116,-146;-116,-142;-115,-143;-116,-143;-115,-147;-116,-147;-116,-141;-115,-149;-115,-146;-115,-141;-115,-142;-116,-145;-115,-144;-115,-145;-114,-149;-114,-143;-114,-142;-113,-147;-114,-144;-113,-140;-114,-145;-113,-146;-113,-144;-114,-147;-114,-140;-113,-149;-113,-148;-113,-141;-114,-146;-113,-142;-113,-145;-113,-143;-114,-148;-114,-141
-123,143;-123,141;-123,140;-123,142;-122,140;-122,141;-122,142;-120,140;-121,142;-121,143;-122,143;-121,140;-121,141;-120,141;-120,143;-120,142
-119,-43;-120,-43
-115,-16;-115,-15;-115,-18;-115,-19;-115,-17;-114,-15;-114,-18;-114,-16;-114,-19;-114,-17;-113,-15;-112,-16;-112,-15;-112,-17;-113,-16;-111,-17;-112,-18;-113,-19;-113,-17;-112,-19;-113,-18;-111,-19;-111,-18
-116,7
-108,-5;-107,-5;-109,-6;-108,-4;-109,-4;-107,-4;-108,-6;-107,-6;-109,-5
-109,-95
-107,-94
-108,24
-107,-24
-104,-142;-103,-142;-102,-147;-104,-145;-103,-143;-105,-146;-104,-143;-105,-145;-105,-144;-103,-144;-102,-146;-102,-143;-105,-147;-104,-144;-104,-146;-103,-145;-103,-146;-105,-143;-102,-145;-104,-147;-103,-147;-102,-144
-104,134;-104,136;-101,138;-104,135;-98,134;-99,138;-98,132;-103,137;-101,136;-98,136;-100,132;-102,137;-100,138;-103,133;-103,135;-102,134;-100,135;-98,135;-103,134;-103,136;-98,138;-104,133;-102,135;-102,136;-99,137;-104,138;-101,134;-100,136;-99,134;-98,137;-103,132;-102,133;-103,138;-101,132;-101,135;-101,137;-100,137;-99,133;-104,132;-104,137;-102,132;-99,135;-102,138;-100,133;-99,132;-101,133;-100,134;-99,136;-98,133
-91,98;-93,94;-97,94;-103,91;-102,94;-103,93;-100,104;-91,102;-91,92;-103,94;-100,97;-100,91;-91,97;-98,94;-100,94;-100,93;-91,104;-100,96;-91,99;-100,102;-91,94;-103,96;-100,100;-91,100;-103,95;-94,94;-100,101;-100,95;-100,105;-91,103;-91,101;-103,92;-91,96;-91,93;-99,94;-100,98;-91,105;-91,91;-96,94;-95,94;-101,94;-92,94;-100,103;-100,99;-100,92;-91,95
-100,127;-101,126;-99,128;-101,127;-100,128;-99,129;-100,129;-99,126;-100,126;-99,127;-101,128;-102,126;-102,128;-101,129;-102,127;-102,129
-102,124;-102,123;-101,123;-101,124;-100,123;-100,124
-98,105;-99,103;-98,95;-99,95;-99,104;-99,96;-98,96;-98,104;-99,97;-98,97;-99,105;-98,103;-97,95;-96,97;-97,104;-96,96;-96,103;-96,104;-97,97;-97,96;-97,105;-97,103;-96,95;-96,105;-95,103;-92,103;-95,96;-93,101;-93,103;-94,103;-92,102;-94,101;-93,102;-94,102;-95,95;-95,104;-95,97;-92,101;-93,98;-93,95;-93,99;-94,99;-94,98;-94,96;-93,97;-93,100;-94,95;-93,96;-94,97;-94,100;-92,96;-92,98;-92,100;-92,97;-92,95;-92,99
-99,99;-98,99;-99,100;-98,101;-99,102;-99,101;-98,100;-98,102;-98,98;-99,98;-97,99;-97,100;-96,98;-97,102;-96,99;-97,101;-96,101;-97,98;-96,102;-96,100;-95,101;-95,99;-95,100;-95,98;-95,102
-96,129;-96,127;-95,126;-95,128;-95,127;-96,128;-96,126;-95,129;-96,130;-95,130;-94,129;-93,130;-94,127;-93,127;-94,130;-93,129;-94,128;-93,128;-94,126;-93,126;-92,126;-92,128;-92,130;-92,127;-92,129
-89,-85;-88,-86;-87,-84;-87,-86;-89,-86;-87,-85;-89,-84;-88,-84;-88,-85
-82,84;-83,83;-82,85;-85,83;-85,86;-84,84;-82,86;-83,85;-82,83;-84,86;-84,83;-83,86;-85,85;-83,84;-84,85;-85,84
-75,72;-75,74;-80,76;-76,78;-78,76;-75,76;-75,75;-79,76;-80,77;-75,73;-76,76;-80,78;-75,77;-80,74;-77,76;-80,75;-76,77;-75,71;-75,78
-80,72;-80,71;-80,73
-73,26
-73,-150;-73,-149;-72,-150;-72,-149
-71,-150;-71,-149;-70,-150;-70,-149
-69,-149;-69,-150;-68,-149;-68,-150
-70,117;-70,118
-69,-139
-65,86;-66,87;-65,87;-64,87;-67,86;-64,86;-67,87;-67,84;-65,84;-66,86;-66,85;-64,84;-66,84;-64,85;-65,85;-67,85
-65,122;-64,119;-65,119;-61,120;-64,122;-62,119;-64,121;-64,120;-63,120;-62,118;-64,123;-61,119;-65,121;-62,120;-65,123;-65,120;-63,119;-61,118
-64,117;-65,117
-61,87;-62,87;-60,86;-60,87;-60,84;-62,84;-61,84;-61,85;-60,85;-62,86;-62,85;-61,86
-59,127;-59,128;-58,127;-58,128
-57,128;-57,127
-55,-132
-55,-127
-51,-140
-50,77;-51,74;-51,76;-51,79;-50,75;-50,80;-50,74;-50,76;-50,79;-51,78;-51,75;-51,77;-50,78;-48,76;-49,80;-49,74;-48,75;-49,75;-48,77;-49,78;-48,80;-49,76;-49,77;-49,79;-48,74;-48,78;-48,79;-47,76;-47,77;-47,74;-47,78;-47,79;-47,80;-47,75
-51,98
-40,102;-39,103;-39,104;-42,103;-43,102;-40,103;-42,104;-39,102;-41,104;-38,104;-42,102;-41,102;-43,104;-43,103;-40,104;-38,103;-41,103
-39,-3;-38,-3;-37,-3;-36,-3
-31,-27
-27,85;-25,82;-26,80;-26,84;-25,80;-29,83;-28,84;-28,80;-24,83;-24,84;-24,85;-26,83;-24,80;-27,83;-26,81;-26,82;-24,82;-28,82;-29,85;-24,81;-29,81;-28,81;-27,82;-29,80;-28,83;-26,85;-29,84;-27,80;-25,83;-29,82;-28,85;-25,81;-27,81;-27,84;-25,84;-25,85
-19,-112;-21,-112;-19,-111;-19,-110;-20,-112;-21,-111;-20,-111;-21,-110;-20,-110
-12,-126;-12,-125
-9,-85;-9,-81;-9,-77;-7,-91;-7,-90;-7,-85;-9,-89;-9,-80;-9,-76;-8,-89;-8,-75;-9,-91;-9,-90;-9,-84;-8,-73;-7,-82;-6,-87;-9,-74;-8,-91;-8,-88;-7,-78;-7,-77;-6,-86;-8,-90;-8,-72;-7,-73;-9,-75;-7,-87;-9,-73;-7,-84;-7,-83;-7,-76;-6,-81;-8,-86;-8,-85;-8,-80;-6,-88;-6,-83;-6,-79;-9,-86;-9,-78;-8,-82;-8,-77;-7,-88;-7,-74;-7,-86;-7,-79;-7,-75;-9,-82;-9,-79;-7,-72;-9,-88;-9,-83;-8,-81;-8,-78;-6,-91;-6,-82;-8,-84;-8,-79;-8,-74;-7,-89;-7,-81;-7,-80;-9,-72;-6,-90;-6,-89;-6,-85;-9,-87;-8,-87;-8,-83;-8,-76;-6,-84;-6,-80;-6,-78;-6,-77;-6,-75;-5,-87;-6,-74;-5,-82;-4,-82;-4,-81;-4,-78;-3,-85;-2,-77;-1,-79;0,-86;1,-91;2,-72;3,-80;5,-73;6,-82;6,-73;7,-76;8,-89;9,-86;9,-82;10,-72;-6,-76;-5,-84;-5,-79;-5,-76;-4,-84;-3,-74;-2,-91;-2,-87;-2,-86;-1,-90;-1,-86;-1,-77;-1,-73;0,-85;1,-80;1,-76;2,-91;3,-79;3,-76;3,-72;4,-90;4,-78;4,-77;4,-75;5,-89;5,-84;7,-75;7,-73;8,-73;9,-91;10,-80;-5,-88;-3,-84;0,-81;0,-80;0,-74;1,-89;1,-73;2,-83;3,-86;3,-82;4,-88;7,-81;8,-85;9,-79;-5,-86;-4,-89;-4,-80;0,-87;1,-87;5,-91;5,-87;5,-86;5,-74;6,-89;6,-86;6,-84;6,-75;7,-86;7,-79;8,-75;10,-85;10,-74;-6,-73;-5,-91;-5,-72;-4,-76;-2,-82;-1,-87;-1,-80;0,-90;0,-79;0,-77;1,-88;1,-77;2,-87;2,-74;4,-89;5,-82;6,-87;6,-80;6,-77;7,-89;7,-83;8,-83;9,-73;10,-90;-5,-90;-5,-81;-3,-78;0,-73;1,-86;1,-83;3,-77;4,-74;4,-72;6,-74;7,-84;8,-91;8,-78;10,-79;10,-77;-3,-90;-2,-83;-2,-81;-1,-83;3,-84;5,-85;5,-80;5,-79;5,-78;6,-72;8,-77;9,-83;9,-78;-4,-86;-6,-72;-4,-77;-4,-73;-4,-72;-3,-80;-2,-85;-2,-79;-2,-76;-2,-75;-2,-73;-1,-89;0,-89;2,-88;2,-84;2,-77;2,-76;3,-75;4,-86;4,-84;4,-76;6,-76;7,-87;8,-80;8,-79;8,-76;9,-84;9,-75;10,-89;-5,-89;-5,-75;-5,-77;-5,-85;-5,-83;-4,-83;-4,-79;-3,-82;-3,-75;-2,-78;-1,-91;2,-89;2,-78;3,-85;3,-78;4,-82;4,-81;6,-79;7,-90;7,-80;8,-72;10,-84;10,-82;-3,-91;-4,-88;-4,-87;-4,-74;-3,-83;-3,-79;-3,-77;-2,-90;-1,-75;0,-75;0,-72;1,-82;1,-74;3,-90;3,-88;3,-74;4,-87;4,-80;5,-90;5,-81;5,-75;5,-72;6,-91;8,-81;9,-85;-1,-88;-1,-85;-1,-74;0,-82;1,-84;4,-83;6,-88;8,-87;10,-75;10,-73;-4,-85;-3,-88;-3,-87;-3,-81;-3,-72;-1,-84;-1,-82;-1,-72;1,-81;1,-75;2,-86;2,-73;3,-89;6,-90;6,-81;7,-88;7,-72;-5,-78;-3,-73;-2,-72;-1,-81;-1,-78;0,-83;0,-76;1,-79;2,-79;3,-83;3,-73;5,-76;6,-85;7,-91;7,-78;8,-74;9,-87;9,-80;10,-87;-4,-90;-2,-88;0,-84;0,-78;1,-85;5,-88;6,-78;7,-82;7,-77;7,-74;8,-88;8,-84;10,-78;-5,-80;-5,-73;-5,-74;-4,-75;-3,-89;-3,-86;-2,-89;1,-90;1,-72;2,-82;2,-80;2,-75;3,-87;4,-85;4,-79;4,-73;5,-83;5,-77;7,-85;8,-86;8,-82;9,-90;9,-89;9,-88;9,-81;10,-88;10,-86;10,-76;-4,-91;-3,-76;-2,-84;-2,-80;-2,-74;-1,-76;0,-91;0,-88;1,-78;2,-90;2,-85;2,-81;3,-91;3,-81;4,-91;6,-83;8,-90;9,-77;9,-76;9,-74;9,-72;10,-91;10,-83;10,-81
-8,0;-6,-9;-6,-8;-6,-2;-6,2;-5,7;-4,2;-4,7;-3,2;-3,3;-3,8;-3,9;-2,-7;-2,-2;-9,-9;-9,8;-7,-3;-6,1;-6,5;-6,6;-5,-9;-5,-5;-5,-4;-4,-8;-4,-2;-4,5;-9,-7;-8,2;-8,4;-7,-9;-6,-5;-6,0;-5,-7;-5,5;-5,9;-4,-1;-3,-6;-2,-1;-9,-6;-9,9;-8,9;-5,6;-9,4;-7,8;-5,2;-4,-5;-3,-5;-3,4;-2,-9;-8,-7;-7,6;-6,-4;-4,-3;-4,0;-3,-9;-9,1;-8,-2;-8,5;-8,8;-7,4;-6,-1;-3,0;-3,7;-9,-2;-9,-1;-9,5;-8,-1;-8,3;-8,6;-8,7;-5,-3;-2,-6;-9,-8;-7,-6;-6,-6;-5,4;-3,-7;-3,-1;-3,1;-9,-5;-6,8;-5,-1;-4,-7;-3,5;-9,-3;-8,-6;-8,-3;-7,-7;-7,1;-6,-3;-6,3;-5,-2;-5,1;-4,-6;-4,1;-3,-3;-3,6;-2,-4;-9,-4;-9,7;-8,1;-7,5;-6,4;-5,-8;-4,-9;-4,6;-4,8;-3,-8;-3,-4;-2,0;-9,3;-8,-5;-7,-8;-7,-5;-7,-1;-7,3;-7,7;-5,-6;-5,8;-3,-2;-8,-4;-7,-2;-7,2;-7,9;-6,9;-5,0;-4,-4;-4,9;-2,-5;-9,0;-9,2;-8,-9;-5,3;-2,-3;-9,6;-8,-8;-7,-4;-7,0;-6,-7;-6,7;-4,3;-4,4;-2,-8;-2,5;-1,-2;-1,1;-2,4;-2,3;0,2;1,8;2,-6;3,0;3,9;4,-1;7,2;8,8;9,7;10,-2;1,-7;1,5;2,-4;2,-1;3,-6;3,7;3,8;4,-8;4,0;6,-9;6,-5;6,-2;7,0;8,-9;10,-5;-1,-8;2,-3;2,2;3,-8;3,1;4,-2;4,7;5,-6;5,2;5,3;6,-7;6,0;6,4;6,9;7,-9;7,-2;8,4;9,-6;10,-1;10,5;-1,9;0,-4;2,-2;2,1;2,4;4,-7;5,-2;6,2;6,8;7,-1;8,0;9,-5;10,3;0,-7;1,-6;1,-4;5,0;9,2;10,4;-1,6;0,9;-1,-9;-1,7;0,8;2,3;3,-3;4,4;4,6;6,7;7,-6;7,-5;8,-8;8,7;9,-7;9,-3;10,-3;10,6;-1,-6;1,-8;1,-5;5,-7;5,-1;6,-4;6,-3;8,5;9,-1;9,9;10,-8;10,0;10,1;-1,-7;-1,4;0,-5;0,-3;1,9;2,0;4,-4;5,8;7,1;7,5;7,9;8,-2;8,6;9,-9;10,-9;10,-4;10,7;-1,3;0,4;0,5;1,1;2,-9;2,5;3,6;4,1;4,5;5,-3;5,5;6,-1;7,-7;7,8;8,-3;8,-1;9,-2;-1,0;-2,7;-1,2;0,-2;3,-4;3,-2;3,2;3,4;4,-3;5,-5;7,-3;9,3;10,9;-2,9;0,-8;1,2;2,-8;5,-9;5,7;7,3;7,6;-1,8;0,6;1,-1;1,0;2,-7;2,9;3,-9;4,-9;5,6;6,-6;6,5;6,6;7,-8;7,-4;7,7;8,-5;8,-4;8,3;9,0;9,4;10,8;-2,6;-1,-5;1,-3;1,4;2,6;4,-5;4,8;4,9;5,-4;5,9;6,3;7,4;8,-7;8,-6;10,2;-2,2;0,-9;0,-6;0,-1;0,3;1,-9;1,-2;1,3;1,7;2,7;2,8;3,-7;3,-1;4,-6;5,1;5,4;-2,1;-1,-3;-1,-1;-1,5;0,0;0,7;1,6;2,-5;3,-5;3,3;3,5;5,-8;6,1;8,1;9,5;9,8;10,-6;-2,8;-1,-4;0,1;4,2;4,3;6,-8;8,2;8,9;9,-8;9,-4;9,1;9,6;10,-7
-7,-110
-8,-55
-4,-128;-5,-128;-5,-127;-4,-127
-2,44
-4,44
-5,45
-4,45
-2,45
-5,44
-3,45
-1,45
-3,44
-1,44
-1,-34;-4,-35;-2,-35;-4,-34;-1,-35;-2,-34;-3,-35;-3,-34
-2,-122
3,-35
2,16;5,17;4,18;4,16;5,18;2,18;2,17;3,17;3,18;3,16;5,16;4,17
5,61
19,-8;20,-9;19,-10;19,-9;20,-10;20,-8
22,71;23,69;24,69;23,70;23,71;24,71;22,69;22,70;24,70
24,-32
25,-83
27,-118;29,-118;29,-119;26,-118;28,-118
26,-84
30,-123;29,-122;27,-121;28,-121;28,-123;30,-121;29,-121;30,-122;29,-123;27,-123;27,-122;28,-122
31,79
35,142
33,142
34,141
33,141
34,142
35,141
36,-96
38,-59
37,-114
37,70
43,86;43,87;43,88;44,86
44,140;45,140;44,141;45,141
44,87;44,88
48,88;45,88;46,88;47,88;47,87;48,87;46,87;45,87
48,-147;48,-146
49,-41;47,-40;48,-41;48,-40;47,-41;49,-40
48,-46;47,-45;48,-44;49,-45;48,-43;47,-46;47,-44;47,-43;49,-46;48,-45;49,-44;49,-43
48,52
49,88;49,87
50,89;50,88;50,87
59,24;57,23;58,22;52,22;59,22;52,24;57,25;55,24;53,23;56,23;56,24;57,22;54,25;59,25;57,24;55,22;52,23;53,22;56,25;58,24;58,25;53,24;59,23;54,22;55,25;54,24;54,23;55,23;52,25;56,22;53,25;58,23
58,136;59,137;58,137;59,136;57,136;57,137
59,135
65,-126;64,-127;65,-127;64,-126
64,-102
69,-17
70,29
74,48;75,47;74,49;75,50;75,48;77,48;78,48;78,47;76,49;74,50;76,47;74,47;76,50;78,49;78,50;75,49;77,50;77,49;76,48;77,47;80,47;81,48;80,49;81,49;79,50;79,48;80,50;81,50;79,49;79,47;80,51;81,47;81,51;80,48;81,54;81,56;81,52;80,53;80,52;81,53;80,54;80,55;81,55;80,56
77,-101;77,-102
78,-105
85,76;86,76;84,76;86,77;83,77;84,77;85,77;83,76
86,78;83,79;85,79;84,78;88,78;86,79;87,78;88,79;84,79;87,79;83,78;85,78;89,79;89,78
82,78;82,77;82,79
88,76;88,77;87,76;87,77
83,72;84,73;84,70;84,71;83,70;83,73;83,71;84,72
84,69
85,75
86,-12
88,-129
89,77
98,100;97,101;98,98;98,101;96,99;96,101;95,99;97,99;96,98;95,100;96,100;97,98;98,99;95,101;95,98;97,100
96,-131;96,-132;98,-132;97,-131;98,-131;97,-132
99,37;99,38;100,37;102,37;102,36;100,36;101,36;101,37;99,36;100,38;101,38;102,38
101,84;103,83;102,86;101,85;102,84;100,85;101,83;103,86;100,83;100,84;100,86;103,85;101,86;102,85;102,83;103,84
99,-131;99,-130;100,-130;100,-131
102,-121;102,-122;102,-120;102,-119;102,-118;103,-122;104,-122;103,-119;104,-121;104,-119;103,-118;104,-120;104,-118;103,-121;103,-120;106,-118;106,-120;105,-121;106,-121;105,-120;106,-122;105,-122;105,-119;105,-118;106,-119
107,-102
109,-103;109,-102;110,-103;110,-102
110,-26;111,-26
116,-26;118,-25;118,-26;121,-26;120,-25;120,-27;117,-26;117,-27;119,-27;120,-26;117,-25;119,-25;121,-27;119,-26;118,-27;121,-25
118,-121;118,-119;122,-120;122,-119;122,-118;119,-118;120,-121;119,-121;121,-118;120,-120;121,-120;118,-120;120,-118;119,-120;122,-121;118,-118;120,-119;121,-119;121,-121;119,-119
129,132;130,131;132,131;129,133;132,133;129,130;129,131;130,130;130,133;132,130;131,133;132,132;130,132;131,130;131,131;131,132
133,33
133,134;134,134;133,133;134,133
136,-10;135,-11;137,-10;135,-10;138,-11;136,-11;138,-10;137,-11
137,-2;138,-3;137,-3;138,-2
138,-104;138,-103
136,131;137,132;137,133;136,132;137,131;136,133;138,132;138,133;138,131
142,-3;146,-7;149,-7;141,-10;144,-2;145,-5;146,-5;148,-10;142,-8;142,-10;146,-10;149,-9;149,-11;140,-3;140,-6;141,-11;144,-11;146,-3;147,-2;148,-9;140,-8;141,-5;141,-9;143,-4;143,-9;144,-5;144,-6;148,-2;140,-10;141,-6;143,-10;145,-7;147,-5;147,-9;149,-4;149,-10;140,-2;141,-8;142,-9;143,-6;147,-3;149,-3;149,-8;140,-7;144,-7;146,-6;147,-6;141,-2;143,-7;140,-4;141,-7;144,-3;145,-4;147,-11;148,-4;149,-6;145,-9;145,-10;146,-9;148,-11;149,-2;142,-7;143,-8;145,-8;146,-8;140,-5;140,-9;141,-4;142,-4;143,-5;144,-4;144,-8;145,-3;145,-6;146,-4;146,-11;147,-10;148,-6;143,-2;145,-11;148,-7;142,-5;142,-11;143,-3;143,-11;144,-10;146,-2;147,-4;147,-7;148,-3;140,-11;142,-6;145,-2;147,-8;148,-8;141,-3;142,-2;144,-9;148,-5;149,-5
147,61;147,62;147,63;148,60;149,65;145,65;146,61;145,64;148,61;149,63;145,62;147,60;145,60;146,65;149,64;147,65;149,61;148,63;149,60;146,60;147,64;145,63;145,61;146,62;148,62;148,64;146,64;148,65;149,62;146,63
149,-83
149,-82
150,72;150,67;150,73;151,72;152,70;157,65;157,67;152,72;153,72;154,66;155,70;155,71;155,72;156,63;156,65;157,72;158,64;158,70;160,67;160,70;151,71;153,63;153,67;155,64;151,63;158,73;159,72;160,64;160,68;150,63;150,71;151,64;158,63;159,66;160,73;150,68;152,68;154,64;154,73;156,70;158,71;159,64;159,65;160,69;150,65;151,66;152,67;153,65;154,72;157,63;159,67;160,63;151,70;152,64;153,69;157,68;158,67;159,69;150,64;154,65;154,69;155,66;155,67;156,72;158,69;159,70;160,65;151,67;154,63;154,68;152,63;152,71;153,64;155,65;156,69;157,69;158,66;159,71;160,66;150,69;151,68;152,73;153,66;153,73;155,63;155,68;156,67;156,68;158,72;160,71;150,70;153,68;155,73;156,73;158,65;159,63;151,65;154,67;154,70;155,69;157,64;157,73;150,66;151,69;152,65;152,69;153,70;154,71;156,64;156,66;157,70;159,68;159,73;160,72;151,73;152,66;153,71;156,71;157,66;157,71;158,68