-127,-34
-117,-31;-117,-30;-116,-31;-116,-30
-103,-97;-102,-97
-71,116;-71,117
-51,109
-50,113;-49,113
-50,149;-49,149
-39,-3;-38,-3;-37,-3;-36,-3
-29,13;-29,14;-28,13;-28,14;-27,13;-27,14
-29,80;-29,81;-29,82;-29,83;-29,84;-29,85;-28,80;-28,81;-28,82;-28,83;-28,84;-28,85;-27,80;-27,81;-27,82;-27,83;-27,84;-27,85;-26,80;-26,81;-26,82;-26,83;-26,84;-26,85;-25,80;-25,81;-25,82;-25,83;-25,84;-25,85;-24,80;-24,81;-24,82;-24,83;-24,84;-24,85
-22,-100
-20,-30
13,85;13,84;13,83;13,82;13,81;13,80;13,79;13,78;13,77;13,76;13,75;14,85;14,84;14,83;14,82;14,81;14,80;14,79;14,78;14,77;14,76;14,75;15,85;15,84;15,83;15,82;15,81;15,80;15,79;15,78;15,77;15,76;15,75;16,85;16,84;16,83;16,82;16,81;16,80;16,79;16,78;16,77;16,76;16,75;17,85;17,84;17,83;17,82;17,81;17,80;17,79;17,78;17,77;17,76;17,75;18,85;18,84;18,83;18,82;18,81;18,80;18,79;18,78;18,77;18,76;18,75;19,85;19,84;19,83;19,82;19,81;19,80;19,79;19,78;19,77;19,76;19,75;20,85;20,84;20,83;20,82;20,81;20,80;20,79;20,78;20,77;20,76;20,75;21,85;21,84;21,83;21,82;21,81;21,80;21,79;21,78;21,77;21,76;21,75;22,85;22,84;22,83;22,82;22,81;22,80;22,79;22,78;22,77;22,76;22,75
14,-135;15,-135
22,-8;23,-8
22,-7
23,-7
35,-79;35,-78;36,-78;35,-77;35,-76;36,-79;36,-77;36,-76;37,-79;37,-78;37,-77;37,-76
37,-115;37,-114
47,-41;47,-40;48,-41;48,-40;49,-41;49,-40
62,32;63,32;62,31;63,31
66,-116
78,-105
83,46;82,45;82,46;83,45
87,45
85,54
86,54
85,53
86,53
85,52
86,52
87,52
88,52
85,55
86,56
85,56
86,55
87,55
88,55
87,53
88,54
87,54
88,53
94,41
100,44;99,44
104,52;104,53
110,49;110,50;111,49;111,50
124,-134
145,60;145,61;145,62;145,63;145,64;145,65;146,60;146,61;146,62;146,63;146,64;146,65;147,60;147,61;147,62;147,63;147,64;148,60;147,65;148,61;148,62;148,63;148,64;148,65;149,60;149,61;149,62;149,63;149,64;149,65