-150,51;-150,52;-150,53;-149,51;-149,52;-149,53;-148,51;-148,52;-148,53;-147,51;-147,52;-147,53;-146,51;-146,52;-146,53
-150,91;-150,92;-150,93;-150,94;-150,95;-149,91;-149,92;-149,93;-149,94;-149,95;-148,91;-148,92;-148,93;-148,94;-148,95
-150,122
-139,-28
-125,124
-133,-42;-132,-42
-124,127;-124,128;-124,129;-124,130
-121,-60
-121,-59
-120,-43;-119,-43
-119,113
-118,113
-116,142
-115,142
-114,142
-116,141
-115,141
-114,141
-116,140
-115,140
-114,140
-113,-36;-113,-37;-113,-38
-112,-41
-104,63;-103,63;-102,63;-101,63;-104,64;-103,64;-102,64;-101,64;-104,65;-103,65;-102,65;-101,65;-104,66;-104,67;-103,66;-103,67;-102,66;-102,67;-101,67;-101,66
-111,140;-111,141;-111,142;-110,140;-110,141;-110,142;-109,140;-109,141;-109,142
-108,-41;-108,-40;-107,-41;-107,-40;-106,-41;-106,-40
-105,68;-105,69;-105,70;-104,68;-104,69;-104,70;-103,68;-103,69;-103,70
-105,142
-95,36;-95,35;-95,34;-96,36;-96,35;-96,34;-97,36;-97,35;-97,34
-90,-150
-87,-84;-87,-85;-87,-86;-88,-84;-88,-85;-88,-86;-89,-84;-89,-85;-89,-86
-87,113
-85,-97
-75,-150;-75,-149;-74,-150;-74,-149
-75,-46
-73,-150;-73,-149;-72,-150;-72,-149
-71,-150;-71,-149;-70,-150;-70,-149
-69,-67;-69,-68;-69,-69;-69,-70;-69,-71;-68,-67;-68,-68;-68,-69;-68,-70;-68,-71;-67,-70;-67,-71;-66,-70;-66,-71;-65,-67;-65,-68;-65,-69;-65,-70;-65,-71;-64,-67;-64,-68;-64,-69;-64,-70;-64,-71;-63,-67;-63,-68;-63,-69;-63,-70;-63,-71;-62,-67;-62,-68;-62,-69;-62,-70;-62,-71;-61,-67;-61,-68;-61,-69;-61,-70;-61,-71;-60,-67;-60,-68;-60,-69;-60,-70;-60,-71;-59,-67;-59,-68;-59,-69;-59,-70;-59,-71;-58,-70;-58,-71;-57,-70;-57,-71;-56,-70;-56,-71;-55,-70;-55,-71;-67,-67;-66,-67;-58,-67;-57,-67;-56,-69;-56,-68;-56,-67;-55,-69;-55,-68;-55,-67
-66,-52;-66,-53;-65,-52;-65,-53;-64,-52;-64,-53;-63,-52;-63,-53;-62,-52;-62,-53;-61,-52;-61,-53;-61,-54;-61,-55;-61,-56;-60,-52;-60,-53;-60,-54;-60,-55;-60,-56;-59,-52;-59,-53;-59,-54;-59,-55;-59,-56;-58,-52;-58,-53;-58,-54;-58,-55;-58,-56;-66,-56;-66,-55;-66,-54;-65,-56;-65,-55;-65,-54;-64,-56;-64,-55;-64,-54;-63,-56;-63,-55;-63,-54;-62,-56;-62,-55;-62,-54
-69,-150;-69,-149;-68,-150;-68,-149
-54,88
-43,-110;-44,-110;-43,-111;-44,-111
-39,144
-35,-60;-35,-59;-34,-60;-34,-59;-33,-60;-33,-59;-32,-60;-32,-59;-31,-60;-31,-59;-35,-58;-35,-57;-34,-58;-34,-57;-33,-57;-33,-58
-30,3
-9,-9;-9,-8;-9,-7;-9,-6;-9,-5;-9,-4;-9,-3;-9,-2;-9,-1;-9,0;-9,1;-9,2;-9,3;-9,4;-9,5;-9,6;-9,7;-9,8;-9,9;-8,-9;-8,-8;-8,-7;-8,-6;-8,-5;-8,-4;-8,-3;-8,-2;-8,-1;-8,0;-8,1;-8,2;-8,3;-8,4;-8,5;-8,6;-8,7;-8,8;-8,9;-7,-9;-7,-8;-7,-7;-7,-6;-7,-5;-7,-4;-7,-3;-7,-2;-7,-1;-7,0;-7,1;-7,2;-7,3;-7,4;-7,5;-7,6;-7,7;-7,8;-7,9;-6,-9;-6,-8;-6,-7;-6,-6;-6,-5;-6,-4;-6,-3;-6,-2;-6,-1;-6,0;-6,1;-6,2;-6,3;-6,4;-6,5;-6,6;-6,7;-6,8;-6,9;-5,-9;-5,-8;-5,-7;-5,-6;-5,-5;-5,-4;-5,-3;-5,-2;-5,-1;-5,0;-5,1;-5,2;-5,3;-5,4;-5,5;-5,6;-5,7;-5,8;-5,9;-4,-9;-4,-8;-4,-7;-4,-6;-4,-5;-4,-4;-4,-3;-4,-2;-4,-1;-4,0;-4,1;-4,2;-4,3;-4,4;-4,5;-4,6;-4,7;-4,8;-4,9;-3,-9;-3,-8;-3,-7;-3,-6;-3,-5;-3,-4;-3,-3;-3,-2;-3,-1;-3,0;-3,1;-3,2;-3,3;-3,4;-3,5;-3,6;-3,7;-3,8;-3,9;-2,-9;-2,-8;-2,-7;-2,-6;-2,-5;-2,-4;-2,-3;-2,-2;-2,-1;-2,0;-2,1;-2,2;-2,3;-2,4;-2,5;-2,6;-2,7;-2,8;-2,9;-1,-9;-1,-8;-1,-7;-1,-6;-1,-5;-1,-4;-1,-3;-1,-2;-1,-1;-1,0;-1,1;-1,2;-1,3;-1,4;-1,5;-1,6;-1,7;-1,8;-1,9;0,-9;0,-8;0,-7;0,-6;0,-5;0,-4;0,-3;0,-2;0,-1;0,0;0,1;0,2;0,3;0,4;0,5;0,6;0,7;0,8;0,9;1,-9;1,-8;1,-7;1,-6;1,-5;1,-4;1,-3;1,-2;1,-1;1,0;1,1;1,2;1,3;1,4;1,5;1,6;1,7;1,8;1,9;2,-9;2,-8;2,-7;2,-6;2,-5;2,-4;2,-3;2,-2;2,-1;2,0;2,1;2,2;2,3;2,4;2,5;2,6;2,7;2,8;2,9;3,-9;3,-8;3,-7;3,-6;3,-5;3,-4;3,-3;3,-2;3,-1;3,0;3,1;3,2;3,3;3,4;3,5;3,6;3,7;3,8;3,9;4,-9;4,-8;4,-7;4,-6;4,-5;4,-4;4,-3;4,-2;4,-1;4,0;4,1;4,2;4,3;4,4;4,5;4,6;4,7;4,8;4,9;5,-9;5,-8;5,-7;5,-6;5,-5;5,-4;5,-3;5,-2;5,-1;5,0;5,1;5,2;5,3;5,4;5,5;5,6;5,7;5,8;5,9;6,-9;6,-8;6,-7;6,-6;6,-5;6,-4;6,-3;6,-2;6,-1;6,0;6,1;6,2;6,3;6,4;6,5;6,6;6,7;6,8;6,9;7,-9;7,-8;7,-7;7,-6;7,-5;7,-4;7,-3;7,-2;7,-1;7,0;7,1;7,2;7,3;7,4;7,5;7,6;7,7;7,8;7,9;8,-9;8,-8;8,-7;8,-6;8,-5;8,-4;8,-3;8,-2;8,-1;8,0;8,1;8,2;8,3;8,4;8,5;8,6;8,7;8,8;8,9;9,-9;9,-8;9,-7;9,-6;9,-5;9,-4;9,-3;9,-2;9,-1;9,0;9,1;9,2;9,3;9,4;9,5;9,6;9,7;9,8;9,9;10,-9;10,-8;10,-7;10,-6;10,-5;10,-4;10,-3;10,-2;10,-1;10,0;10,1;10,2;10,3;10,4;10,5;10,6;10,7;10,8;10,9
1,101;1,102;2,101;2,102;3,101;3,102;4,101;4,102
5,101;5,102;5,103;5,104;6,100;6,101;6,102;6,103;6,104;7,100;7,101;7,102;7,103;7,104;8,100;8,101;8,102;8,103;8,104;9,100;9,101;9,102;9,103;9,104;10,100;10,101;10,102;10,103;10,104;11,100;11,101;11,102;11,103;11,104
5,117;5,118;6,117;6,118
6,65;6,64;7,65;7,64
17,-114
23,-24
26,111;26,112;26,113;26,114;26,115;26,116;26,117;26,118;27,111;27,112;27,113;27,114;27,115;27,116;27,117;27,118;28,111;28,112;28,113;28,114;28,115;28,116;28,117;28,118;29,111;29,112;29,113;29,114;29,115;29,116;29,117;29,118;30,111;30,112;30,113;30,114;30,115;30,116;30,117;30,118;31,111;31,112;31,113;31,114;31,115;31,116;31,117;31,118;32,111;32,112;32,113;32,114;32,115;32,116;32,117;32,118;33,111;33,112;33,113;33,114;33,115;33,116;33,117;33,118
36,-121;36,-120;36,-119;36,-118;37,-121;37,-120;37,-119;37,-118;38,-121;38,-120;38,-119;38,-118;36,-123;36,-122;37,-123;37,-122;38,-123;38,-122
37,-115;37,-114
43,100
45,104
47,-41;47,-40;48,-41;48,-40;49,-41;49,-40
61,-22
78,-105
81,-30
85,52
86,52;87,52
85,55;86,56;85,56;86,55
94,41
96,-132;96,-131;97,-132;97,-131;98,-132;98,-131
96,-110;96,-109;96,-108;96,-107;96,-106;97,-110;97,-109;97,-108;97,-107;97,-106;98,-110;98,-109;98,-108;98,-107;98,-106;99,-110;99,-109;99,-108;99,-107;99,-106;100,-110;100,-109;100,-108;100,-107;100,-106
99,-131;99,-130;100,-131;100,-130
101,48
109,49
110,49;110,50;111,49;111,50
117,34
124,42;124,43;124,44;124,45;124,46;124,47;124,48;124,49;124,50;124,51;124,52;124,53;124,54;124,55;125,41;125,42;125,43;125,44;125,45;125,46;125,47;125,48;125,49;125,50;125,51;125,52;125,53;125,54;125,55;126,41;126,42;126,43;126,44;126,45;126,46;126,47;126,48;126,49;126,50;127,44;127,45;127,46;127,47;127,48;127,49;127,50;128,44;128,45;128,46;128,47;128,48;128,49;128,50;129,44;129,45;129,46;129,47;129,48;129,49;129,50;130,44;130,45;130,46;130,47;130,48;130,49;130,50;131,44;131,45;131,46;131,47;131,48;131,49;131,50;132,44;132,45;132,46;132,47;132,48;132,49;132,50;126,51;126,52;126,53;126,54;126,55;127,41;127,42;127,43;127,51;127,52;127,53;127,54;127,55;128,41;128,42;128,43;128,51;128,52;128,53;128,54;128,55;129,41;129,42;129,43;129,51;129,52;129,53;129,54;129,55;130,41;130,42;130,43;130,51;130,52;130,53;130,54;130,55;131,41;131,42;131,43;131,51;131,52;131,53;131,54;131,55;132,41;132,42;132,43;132,51;132,52;132,53;132,54;132,55;133,41;133,42;133,43;133,44;133,45;133,46;133,47;133,48;133,49;133,50;133,51;133,52;133,53;133,54;133,55
127,-13
128,-13
133,-148
134,-6