-150,-143
-150,9;-150,10;-149,8;-149,9;-149,10
-150,126;-150,127;-150,128;-150,129;-150,130;-149,126;-149,127;-149,128;-149,129;-149,130
-150,131;-150,132;-150,133;-150,134;-150,135;-149,131;-149,132;-149,133;-149,134;-149,135
-148,131;-147,131;-148,132;-148,133;-148,134;-148,135;-147,132;-147,133;-147,134;-147,135
-148,130;-148,129;-148,128;-148,127;-148,126;-147,126;-147,127;-147,128;-147,129;-147,130
-149,22
-147,23;-146,23
-145,-33
-143,-36
-140,-117
-138,-116
-138,-40
-137,-42;-137,-41;-136,-42;-136,-41
-137,-40;-137,-39;-137,-38
-137,-13
-137,-12
-136,-13
-136,-12
-136,-11
-135,-12
-135,-11
-134,-12
-134,-11
-135,-75;-134,-75;-133,-75;-132,-75
-135,-13
-133,-35
-130,-67
-126,-66
-126,19;-125,19;-124,19
-115,132;-116,132;-117,132;-118,132;-119,132;-120,132;-121,132;-122,132;-123,132;-124,132;-115,133;-116,133;-117,133;-118,133;-119,133;-120,133;-121,133;-122,133;-123,133;-124,133;-115,134;-116,134;-117,134;-118,134;-119,134;-120,134;-121,134;-122,134;-123,134;-124,134;-115,135;-116,135;-117,135;-118,135;-119,135;-120,135;-121,135;-122,135;-123,135;-124,135;-117,136;-118,136;-119,136;-120,136;-121,136;-122,136;-117,137;-118,137;-119,137;-120,137;-121,137;-122,137
-123,-84;-122,-84;-121,-84;-123,-83;-122,-83;-121,-83;-123,-82;-122,-82;-121,-82;-123,-81;-122,-81;-121,-81;-123,-80;-122,-80;-121,-80;-120,-84
-121,91;-120,91
-120,-150
-120,20;-119,20
-120,21
-117,-32
-117,-24
-114,-70
-114,-33
-113,-45
-110,-43
-109,-32;-110,-32
-109,-27;-109,-26
-108,-45
-108,13
-107,-94
-106,-94
-106,-82;-105,-82
-106,-61;-106,-60
-105,-147;-105,-146;-105,-145;-105,-144;-105,-143;-104,-147;-104,-146;-104,-145;-104,-144;-104,-143;-104,-142;-103,-147;-103,-146;-103,-145;-103,-144;-103,-143;-103,-142;-102,-147;-102,-146;-102,-145;-102,-144;-102,-143
-105,-95
-104,-28;-104,-27;-105,-27;-105,-28
-103,-97;-102,-97
-102,-98
-101,14;-101,15;-100,14;-100,15
-100,-94
-100,-21
-99,-95
-99,-7;-99,-6;-99,-5;-98,-7;-98,-6;-98,-5
-98,-71
-97,-92;-97,-91;-97,-90;-96,-92;-96,-91;-96,-90;-95,-92;-95,-91;-95,-90
-96,112;-95,112;-94,112;-96,111;-95,111;-94,111;-96,110;-95,110;-94,110;-96,109;-95,109;-94,109;-96,108;-95,108;-94,108;-93,112;-92,112;-93,111;-92,111;-93,110;-92,110;-93,109;-92,109;-93,108;-92,108
-96,-22;-96,-21
-95,-21
-95,105;-94,105;-93,105;-92,105;-95,104;-94,104;-93,104;-92,104;-95,103;-94,103;-93,103;-92,103;-95,102;-94,102;-93,102;-92,102;-95,101;-94,101;-93,101;-92,101
-89,-86;-89,-85;-89,-84;-88,-86;-88,-85;-88,-84;-87,-86;-87,-85;-87,-84
-88,-20
-86,29;-87,29
-86,-120
-86,-28
-81,59;-81,60;-80,59;-80,60
-79,-116;-78,-116;-77,-116
-78,-15
-71,-119;-71,-118;-70,-119;-70,-118
-71,-107
-71,80
-71,81
-70,85;-70,84;-71,85;-71,84
-70,-107
-70,-3;-70,-2;-69,-3;-69,-2
-70,80
-70,81
-69,-139
-69,28;-69,29;-69,30;-69,31;-68,28;-68,29;-68,30;-68,31;-67,28;-67,29;-67,30;-67,31;-66,28;-66,29;-66,30;-66,31;-65,28;-65,29;-65,30;-65,31;-64,28;-64,29;-64,30;-64,31;-63,28;-63,29;-63,30;-63,31;-62,28;-62,29;-62,30;-62,31;-61,28;-61,29;-61,30;-61,31
-69,35
-69,80
-69,81
-65,123;-65,122;-65,121;-65,120;-65,119;-64,123;-64,122;-64,121;-64,120;-64,119;-63,120;-63,119;-62,120;-62,119;-62,118;-61,120;-61,119;-61,118
-64,-9
-64,-8
-64,6
-61,45;-62,45;-61,46
-62,128;-62,129;-61,128;-61,129
-60,-34
-60,-15;-60,-14
-59,35
-59,127;-59,128;-58,127;-58,128
-57,127;-57,128;-56,127;-56,128
-56,-105;-55,-105
-56,46;-56,47;-56,48;-55,46;-54,46;-53,46;-55,47;-54,47;-53,47;-55,48;-54,48;-53,48
-55,-127
-55,127
-55,128
-54,-140
-54,112
-54,127;-54,128;-53,127;-53,128
-52,147;-51,147;-50,147;-49,147;-48,147;-47,147
-49,73;-48,73;-47,73
-49,107
-48,33;-48,34
-47,133;-47,134;-47,135;-47,136;-47,137;-46,133;-46,134;-46,135;-46,136;-46,137;-45,133;-45,134;-45,135;-45,136;-45,137;-44,133;-44,134;-44,135;-44,136;-44,137;-43,133;-43,134;-43,135;-43,136;-43,137
-42,133;-42,134;-42,135;-42,136;-42,137;-41,133;-41,134;-41,135;-41,136;-41,137;-40,133;-40,134;-40,135;-40,136;-40,137;-39,133;-39,134;-39,135;-39,136;-39,137;-38,133;-38,134;-38,135;-38,136;-38,137
-43,-104
-43,104;-42,104;-41,104;-40,104;-39,104;-38,104;-43,103;-42,103;-41,103;-40,103;-39,103;-38,103;-43,102;-42,102;-41,102;-40,102;-39,102
-41,65
-38,-36
-37,-36
-35,-58;-35,-57;-34,-58;-34,-57
-35,-10
-32,-53
-32,99
-30,-108;-30,-107;-29,-108;-29,-107
-30,53;-30,54;-30,55;-30,56;-30,57
-30,141;-29,141;-30,142;-29,142
-29,55;-29,56;-29,57;-29,58;-29,59;-29,60;-29,61;-29,62;-28,55;-28,56;-28,57;-28,58;-28,59;-28,60;-28,61;-28,62;-27,55;-27,56;-27,57;-27,58;-27,59;-27,60;-27,61;-27,62;-26,55;-26,56;-26,57;-26,58;-26,59;-26,60;-26,61;-26,62;-25,55;-25,56;-25,57;-25,58;-25,59;-25,60;-25,61;-25,62
-29,80;-29,81;-29,82;-29,83;-29,84;-28,83;-28,84;-29,85;-28,85;-27,85;-26,85;-28,80;-28,81;-28,82;-27,80;-27,81;-27,82;-27,83;-27,84;-26,80;-26,81;-26,82;-26,83;-26,84;-25,80;-25,81;-25,82;-25,83;-25,84;-24,83;-24,84;-25,85;-24,80;-24,81;-24,82;-24,85
-29,99
-29,140;-28,140;-28,141;-28,142;-28,143;-27,142;-27,143;-27,140;-27,141;-26,141;-26,142;-26,143;-26,144;-25,141;-25,142;-25,143;-25,144;-24,140;-24,141
-28,-60;-28,-59;-28,-58;-28,-57;-28,-56;-28,-55;-27,-60;-27,-59;-27,-58;-27,-57;-27,-56;-27,-55;-26,-60;-26,-59;-26,-58;-26,-57;-26,-56;-26,-55;-25,-60;-25,-59;-25,-58;-25,-57;-25,-56;-25,-55;-24,-60;-24,-59;-24,-58;-24,-57;-24,-56;-24,-55
-28,144;-27,144
-27,100
-26,88;-26,89;-26,90;-26,91;-26,92;-25,88;-25,89;-25,90;-25,91;-25,92;-24,88;-24,89;-24,90;-24,91;-24,92;-23,88;-23,89;-23,90;-23,91;-23,92
-26,99
-26,101
-25,-9;-25,-8;-24,-9;-24,-8
-25,100
-25,103
-25,104
-25,105
-24,103
-24,104
-24,105
-23,103
-23,104
-23,105
-24,-5
-24,55;-24,56;-24,57;-24,58;-24,59;-24,60
-23,-56;-23,-55;-22,-56;-22,-55
-23,99
-21,-102
-21,148
-20,-133
-20,-132
-19,-133
-19,-132
-20,26;-20,27;-19,26;-19,27
-20,99
-18,52;-18,53;-18,54;-18,55;-18,56;-18,57;-18,58;-17,52;-17,53;-17,54;-17,55;-17,56;-17,57;-17,58;-17,59;-17,60;-17,61;-17,62;-17,63;-17,64;-17,65;-17,66;-17,67;-16,52;-16,53;-16,54;-16,55;-16,56;-16,57;-16,58;-16,59;-16,60;-16,61;-16,62;-16,63;-16,64;-16,65;-16,66;-16,67;-15,52;-15,53;-15,54;-15,55;-15,56;-15,57;-15,58;-15,59;-15,60;-15,61;-15,62;-15,63;-15,64;-15,65;-15,66;-15,67;-14,52;-14,53;-14,54;-14,55;-14,56;-14,57;-14,58;-14,59;-14,60;-14,61;-14,62;-14,63;-14,64;-14,65;-14,66;-14,67;-13,52;-13,53;-13,54;-13,55;-13,56;-13,57;-13,58;-13,59;-13,60;-13,61;-13,62;-13,63;-13,64;-13,65;-13,66;-13,67;-12,52;-12,53;-12,54;-12,55;-12,56;-12,57;-12,58;-12,59;-12,60;-12,61;-12,62;-12,63;-12,64;-12,65;-12,66;-12,67;-11,52;-11,53;-11,54;-11,55;-11,56;-11,57;-11,58;-11,59;-11,60;-11,61;-11,62;-11,63;-11,64;-11,65;-11,66;-11,67;-10,52;-10,53;-10,54;-10,55;-10,56;-10,57;-10,58;-10,59;-10,60;-10,61;-10,62;-10,63;-10,64;-10,65;-10,66;-10,67;-9,58;-9,59;-9,60;-9,61;-9,62;-9,63;-9,64;-9,65;-9,66;-9,67;-8,58;-8,59;-8,60;-8,61;-8,62;-8,63;-8,64;-8,65;-8,66;-8,67;-7,58;-7,59;-7,60;-7,61;-7,62;-7,63;-7,64;-7,65;-7,66;-7,67;-6,58;-6,59;-6,60;-6,61;-6,62;-6,63;-6,64;-6,65;-6,66;-6,67;-5,58;-5,59;-5,60;-5,61;-5,62;-5,63;-5,64;-5,65;-5,66;-5,67;-4,58;-4,59;-4,60;-4,61;-4,62;-4,63;-4,64;-4,65;-4,66;-4,67;-3,58;-3,59;-3,60;-3,61;-3,62;-3,63;-3,64;-3,65;-3,66;-3,67;-2,58;-2,59;-2,60;-2,61;-2,62;-2,63;-2,64;-2,65;-2,66;-2,67;-1,58;-1,59;-1,60;-1,61;-1,62;-1,63;-1,64;-1,65;-1,66;-1,67;-9,52;-9,53;-9,54;-9,55;-9,56;-9,57;-8,52;-8,53;-8,54;-8,55;-8,56;-8,57;-7,52;-7,53;-7,54;-7,55;-7,56;-7,57;-6,52;-6,53;-6,54;-6,55;-6,56;-6,57;-5,52;-5,53;-5,54;-5,55;-5,56;-5,57;-1,56;-1,55;-1,54;-1,53;-1,52;-2,56;-2,55;-2,54;-2,53;-2,52;-3,56;-3,55;-3,54;-3,53;-3,52;-4,56;-4,55;-4,54;-4,53;-4,52;-4,57;-3,57;-2,57;-1,57
-17,40
-16,-33
-16,105;-15,105;-14,105;-13,105;-12,105;-16,106;-15,106;-14,106;-13,106;-12,106;-16,107;-15,107;-14,107;-13,107;-12,107
-15,-115
-11,-18;-11,-17;-11,-16;-11,-15;-11,-14;-11,-13;-11,-12;-10,-18;-10,-17;-10,-16;-10,-15;-10,-14;-10,-13;-10,-12;-9,-18;-9,-17;-9,-16;-9,-15;-9,-14;-9,-13;-9,-12;-8,-18;-8,-17;-8,-16;-8,-15;-8,-14;-8,-13;-8,-12;-7,-18;-7,-17;-7,-16;-7,-15;-7,-14;-7,-13;-7,-12;-6,-18;-6,-17;-6,-16;-6,-15;-6,-14;-6,-13;-6,-12;-5,-18;-5,-17;-5,-16;-5,-15;-5,-14;-5,-13;-5,-12;-4,-18;-4,-17;-4,-16;-4,-15;-4,-14;-4,-13;-4,-12;-3,-18;-3,-17;-3,-16;-3,-15;-3,-14;-3,-13;-3,-12;-2,-18;-2,-17;-2,-16;-2,-15;-2,-14;-2,-13;-2,-12;-1,-18;-1,-17;-1,-16;-1,-15;-1,-14;-1,-13;-1,-12;-15,-33;-15,-32;-15,-31;-15,-30;-15,-29;-15,-28;-15,-27;-15,-26;-15,-25;-15,-24;-15,-23;-15,-22;-15,-21;-15,-20;-15,-19;-14,-33;-14,-32;-14,-31;-14,-30;-14,-29;-14,-28;-14,-27;-14,-26;-14,-25;-14,-24;-14,-23;-14,-22;-14,-21;-14,-20;-14,-19;-13,-33;-13,-32;-13,-31;-13,-30;-13,-29;-13,-28;-13,-27;-13,-26;-13,-25;-13,-24;-13,-23;-13,-22;-13,-21;-13,-20;-13,-19;-12,-33;-12,-32;-12,-31;-12,-30;-12,-29;-12,-28;-12,-27;-12,-26;-12,-25;-12,-24;-12,-23;-12,-22;-12,-21;-12,-20;-12,-19;-11,-33;-11,-32;-11,-31;-11,-30;-11,-29;-11,-28;-11,-27;-11,-26;-11,-25;-11,-24;-11,-23;-11,-22;-11,-21;-11,-20;-11,-19;-10,-33;-10,-32;-10,-31;-10,-30;-10,-29;-10,-28;-10,-27;-10,-26;-10,-25;-10,-24;-10,-23;-10,-22;-10,-21;-10,-20;-10,-19;-9,-33;-9,-32;-9,-31;-9,-30;-9,-29;-9,-28;-9,-27;-9,-26;-9,-25;-9,-24;-9,-23;-9,-22;-9,-21;-9,-20;-9,-19;-8,-33;-8,-32;-8,-31;-8,-30;-8,-29;-8,-28;-8,-27;-8,-26;-8,-25;-8,-24;-8,-23;-8,-22;-8,-21;-8,-20;-8,-19;-7,-33;-7,-32;-7,-31;-7,-30;-7,-29;-7,-28;-7,-27;-7,-26;-7,-25;-7,-24;-7,-23;-7,-22;-7,-21;-7,-20;-7,-19;-6,-33;-6,-32;-6,-31;-6,-30;-6,-29;-6,-28;-6,-27;-6,-26;-6,-25;-6,-24;-6,-23;-6,-22;-6,-21;-6,-20;-6,-19;-5,-33;-5,-32;-5,-31;-5,-30;-5,-29;-5,-28;-5,-27;-5,-26;-5,-25;-5,-24;-5,-23;-5,-22;-5,-21;-5,-20;-5,-19;-4,-33;-4,-32;-4,-31;-4,-30;-4,-29;-4,-28;-4,-27;-4,-26;-4,-25;-4,-24;-4,-23;-4,-22;-4,-21;-4,-20;-4,-19;-3,-33;-3,-32;-3,-31;-3,-30;-3,-29;-3,-28;-3,-27;-3,-26;-3,-25;-3,-24;-3,-23;-3,-22;-3,-21;-3,-20;-3,-19;-2,-33;-2,-32;-2,-31;-2,-30;-2,-29;-2,-28;-2,-27;-2,-26;-2,-25;-2,-24;-2,-23;-2,-22;-2,-21;-2,-20;-2,-19;-1,-33;-1,-32;-1,-31;-1,-30;-1,-29;-1,-28;-1,-27;-1,-26;-1,-25;-1,-24;-1,-23;-1,-22;-1,-21;-1,-20;-1,-19
-11,-142
-7,29;-8,29
-5,44;-5,45;-4,44;-4,45;-3,44;-3,45;-2,44;-2,45;-1,44;-1,45
-4,-34;-3,-34;-4,-35;-3,-35;-2,-34;-2,-35;-1,-35;-1,-34
-2,-122
-1,120;-1,121;-1,122;0,120;0,121;0,122
2,-54;3,-54
5,18;5,17;5,16;4,18;4,17;4,16;3,18;3,17;3,16;2,18;2,17;2,16
3,65;2,65
4,-145
7,-36;7,-35;7,-34;7,-33;8,-36;8,-35;8,-34;8,-33;9,-36;9,-35;9,-34;9,-33;10,-36;10,-35;10,-34;10,-33
9,65
10,65
11,65
12,65
11,145;11,146;11,147;11,148;11,149;12,145;12,146;12,147;12,148;12,149;13,145;13,146;13,147;13,148;13,149;14,145;14,146;14,147;14,148;14,149;15,145;15,146;15,147;15,148;15,149
12,-94
12,-48
13,85;13,84;13,83;13,82;13,81;13,80;13,79;13,78;13,77;13,76;13,75;14,85;14,84;14,83;14,82;14,81;14,80;14,79;14,78;14,77;14,76;14,75;15,85;15,84;15,83;15,82;15,81;15,80;15,79;15,78;15,77;15,76;15,75;16,85;16,84;16,83;16,82;16,81;16,80;16,79;16,78;16,77;16,76;16,75;17,85;17,84;17,83;17,82;17,81;17,80;17,79;17,78;17,77;17,76;17,75;18,85;18,84;18,83;18,82;18,81;18,80;18,79;18,78;18,77;18,76;18,75;19,85;19,84;19,83;19,82;19,81;19,80;19,79;19,78;19,77;19,76;19,75;20,85;20,84;20,83;20,82;20,81;20,80;20,79;20,78;20,77;20,76;20,75;21,85;21,84;21,83;21,82;21,81;21,80;21,79;21,78;21,77;21,76;21,75;22,85;22,84;22,83;22,82;22,81;22,80;22,79;22,78;22,77;22,76;22,75
15,-143
15,-117;16,-117;17,-117
15,105
15,106
15,107
16,105;16,106;17,105;17,106
16,107
17,107
18,105
18,106
18,107
18,143;19,143
19,105;19,106;19,107;19,108;19,109;19,110;20,105;20,106;20,107;20,108;20,109;20,110;21,105;21,106;21,107;21,108;21,109;21,110;22,105;22,106;22,107;22,108;22,109;22,110;23,105;23,106;23,107;23,108;23,109;23,110;24,105;24,106;24,107;24,108;24,109;24,110;25,105;25,106;25,107;25,108;25,109;25,110
20,122;20,123;21,122;21,123
21,-125
21,9
21,129
22,-118;23,-118
22,69;22,70;22,71;23,69;23,70;23,71;24,69;24,70;24,71
22,89
23,-25
25,-9
25,111;25,112
26,-118;27,-118;28,-118;29,-118;29,-119
34,92
35,-83;35,-82;35,-81;35,-80;36,-83;36,-82;36,-81;36,-80;37,-83;37,-82;37,-81;37,-80;38,-83;38,-82;38,-81;38,-80
35,10;36,10
35,85
35,90
38,97
37,-115
37,-114
37,-58;37,-57;38,-58;38,-57
37,-21
38,103
40,-55;41,-55;40,-56;41,-56
40,-71;40,-70;41,-71;41,-70
40,-49;40,-48;40,-47;41,-49;41,-48;41,-47;42,-49;42,-48;42,-47
40,36;40,37;40,38;40,39;40,40;40,41;40,42;40,43;40,44;41,36;41,37;41,38;41,39;41,40;41,41;41,42;41,43;41,44;42,36;42,37;42,38;42,39;42,40;42,41;42,42;42,43;43,36;43,37;43,38;43,39;43,40;43,41;43,42;43,43
41,-118
43,-2
44,-2
43,-3
44,-3
44,-111
44,140;44,141;45,140;45,141
45,-111
46,-52;47,-52
47,-46;47,-45;48,-45;49,-45;47,-44;48,-44;49,-44;47,-43;48,-43;49,-43;48,-46;49,-46
48,140;48,141
59,70
53,36;53,37;54,36;55,36;54,37;55,37;54,38;55,38
54,28
56,-25
57,-83
60,35
63,-116
63,-1
63,16;63,17;63,18;63,19;64,16;64,17;64,18;64,19;65,16;65,17;65,18;65,19;66,16;66,17;66,18;66,19;67,16;67,17;67,18;67,19;68,16;68,17;68,18;68,19;69,16;69,17;69,18;69,19
66,-11;66,-10;66,-9;67,-11;67,-10;67,-9;68,-11;68,-10;68,-9;69,-11;69,-10;69,-9;66,-8;67,-8;68,-8
67,29
69,-27
70,29
86,-137;86,-138
81,-138
74,-105;75,-105;74,-106;75,-106
78,-105
74,-65;75,-65;76,-65;77,-65;78,-65;79,-65;80,-65;81,-65;82,-65;83,-65;84,-65;85,-65;86,-65;87,-65;88,-65;74,-66;75,-66;76,-66;77,-66;78,-66;79,-66;80,-66;81,-66;82,-66;83,-66;84,-66;85,-66;86,-66;87,-66;88,-66;74,-64;74,-63;74,-62;74,-61;74,-60;74,-59;74,-58;75,-64;75,-63;75,-62;75,-61;75,-60;75,-59;75,-58;76,-64;76,-63;76,-62;76,-61;76,-60;76,-59;76,-58;77,-64;77,-63;77,-62;77,-61;77,-60;77,-59;77,-58;78,-64;78,-63;78,-62;78,-61;78,-60;78,-59;78,-58;79,-64;79,-63;79,-62;79,-61;79,-60;79,-59;79,-58;80,-64;80,-63;80,-62;80,-61;80,-60;80,-59;80,-58;81,-64;81,-63;81,-62;81,-61;81,-60;81,-59;81,-58;82,-64;82,-63;82,-62;82,-61;82,-60;82,-59;82,-58;83,-64;83,-63;83,-62;83,-61;83,-60;83,-59;83,-58;84,-64;84,-63;84,-62;84,-61;84,-60;84,-59;84,-58;85,-64;85,-63;85,-62;85,-61;85,-60;85,-59;85,-58;86,-64;86,-63;86,-62;86,-61;86,-60;86,-59;86,-58;87,-64;87,-63;87,-62;87,-61;87,-60;87,-59;87,-58;88,-64;88,-63;88,-62;88,-61;88,-60;88,-59;88,-58
74,-67;75,-67;76,-67;77,-67;78,-67;79,-67;80,-67;81,-67;82,-67;83,-67;84,-67;85,-67;86,-67;87,-67;88,-67;74,-68;75,-68;76,-68;77,-68;78,-68;79,-68;80,-68;81,-68;82,-68;83,-68;84,-68;85,-68;86,-68;87,-68;88,-68;74,-69;75,-69;76,-69;77,-69;78,-69;79,-69;80,-69;81,-69;82,-69;83,-69;84,-69;85,-69;86,-69;87,-69;88,-69;74,-70;75,-70;76,-70;77,-70;78,-70;79,-70;80,-70;81,-70;82,-70;83,-70;84,-70;85,-70;86,-70;87,-70;88,-70;74,-71;75,-71;76,-71;77,-71;78,-71;79,-71;80,-71;81,-71;82,-71;83,-71;84,-71;85,-71;86,-71;87,-71;88,-71;74,-72;75,-72;76,-72;77,-72;78,-72;79,-72;80,-72;81,-72;82,-72;83,-72;84,-72;85,-72;86,-72;87,-72;88,-72;74,-73;75,-73;76,-73;77,-73;78,-73;79,-73;80,-73;81,-73;82,-73;83,-73;84,-73;85,-73;86,-73;87,-73;88,-73;74,-74;75,-74;76,-74;77,-74;78,-74;79,-74;80,-74;81,-74;82,-74;83,-74;84,-74;85,-74;86,-74;87,-74;88,-74;74,-75;75,-75;76,-75;77,-75;78,-75;79,-75;80,-75;81,-75;82,-75;83,-75;84,-75;85,-75;86,-75;87,-75;88,-75
74,-57;74,-56;74,-55;74,-54;74,-53;74,-52;74,-51;74,-50;74,-49;74,-48;74,-47;74,-46;74,-45;74,-44;74,-43;74,-42;74,-41;74,-39;75,-39;76,-39;74,-40;75,-40;76,-40;75,-57;75,-56;75,-55;75,-54;75,-53;75,-52;75,-51;75,-50;75,-49;75,-48;75,-47;75,-46;75,-45;75,-44;75,-43;75,-42;75,-41;76,-57;76,-56;76,-55;76,-54;76,-53;76,-52;76,-51;76,-50;76,-49;76,-48;76,-47;76,-46;76,-45;76,-44;76,-43;76,-42;76,-41;77,-57;77,-56;77,-55;77,-54;77,-53;77,-52;77,-51;77,-50;77,-49;77,-48;77,-47;77,-46;77,-45;77,-44;77,-43;77,-42;77,-41;77,-40;77,-39;78,-57;78,-56;78,-55;78,-54;78,-53;78,-52;78,-51;78,-50;78,-49;78,-48;78,-47;78,-46;78,-45;78,-44;78,-43;78,-42;78,-41;78,-40;78,-39;79,-57;79,-56;79,-55;79,-54;79,-53;79,-52;79,-51;79,-50;79,-49;79,-48;79,-47;79,-46;79,-45;79,-44;79,-43;79,-42;79,-41;79,-40;79,-39;80,-57;80,-56;80,-55;80,-54;80,-53;80,-52;80,-51;80,-50;80,-49;80,-48;80,-47;80,-46;80,-45;80,-44;80,-43;80,-42;80,-41;80,-40;80,-39;81,-57;81,-56;81,-55;81,-54;81,-53;81,-52;81,-51;81,-50;81,-49;81,-48;81,-47;81,-46;81,-45;81,-44;81,-43;81,-42;81,-41;81,-40;81,-39;82,-57;82,-56;82,-55;82,-54;82,-53;82,-52;82,-51;82,-50;82,-49;82,-48;82,-47;82,-46;82,-45;82,-44;82,-43;82,-42;82,-41;82,-40;82,-39;83,-57;83,-56;83,-55;83,-54;83,-53;83,-52;83,-51;83,-50;83,-49;83,-48;83,-47;83,-46;83,-45;83,-44;83,-43;83,-42;83,-41;83,-40;83,-39;84,-57;84,-56;84,-55;84,-54;84,-53;84,-52;84,-51;84,-50;84,-49;84,-48;84,-47;84,-46;84,-45;84,-44;84,-43;84,-42;84,-41;84,-40;84,-39;85,-57;85,-56;85,-55;85,-54;85,-53;85,-52;85,-51;85,-50;85,-49;85,-48;85,-47;85,-46;85,-45;85,-44;85,-43;85,-42;85,-41;85,-40;85,-39;86,-57;86,-56;86,-55;86,-54;86,-53;86,-52;86,-51;86,-50;86,-49;86,-48;86,-47;86,-46;86,-45;86,-44;86,-43;86,-42;86,-41;86,-40;86,-39;87,-57;87,-56;87,-55;87,-54;87,-53;87,-52;87,-51;87,-50;87,-49;87,-48;87,-47;87,-46;87,-45;87,-44;87,-43;87,-42;87,-41;87,-40;87,-39;88,-57;88,-56;88,-55;88,-54;88,-53;88,-52;88,-51;88,-50;88,-49;88,-48;88,-47;88,-46;88,-45;88,-44;88,-43;88,-42;88,-41;88,-40;88,-39;89,-57;89,-56;89,-55;89,-54;89,-53;89,-52;89,-51;89,-50;89,-49;89,-48;89,-47;89,-46;89,-45;89,-44;89,-43;89,-42;89,-41;89,-40;89,-39;90,-57;90,-56;90,-55;90,-54;90,-53;90,-52;90,-51;90,-50;90,-49;90,-48;90,-47;90,-46;90,-45;90,-44;90,-43;90,-42;90,-41;90,-40;90,-39;91,-57;91,-56;91,-55;91,-54;91,-53;91,-52;91,-51;91,-50;91,-49;91,-48;91,-47;91,-46;91,-45;91,-44;91,-43;91,-42;91,-41;91,-40;91,-39;92,-57;92,-56;92,-55;92,-54;92,-53;92,-52;92,-51;92,-50;92,-49;92,-48;92,-47;92,-46;92,-45;92,-44;92,-43;93,-44;93,-43;92,-42;96,-39;96,-40;96,-41;95,-39;95,-40;95,-41;94,-39;94,-40;94,-41;93,-39;93,-40;93,-41;92,-39;92,-40;92,-41;93,-57;93,-56;93,-55;93,-54;93,-53;93,-52;93,-51;93,-50;93,-49;93,-48;93,-47;93,-46;93,-45;93,-42;94,-57;94,-56;94,-55;94,-54;94,-53;94,-52;94,-51;94,-50;94,-49;94,-48;94,-47;94,-46;94,-45;94,-44;94,-43;94,-42;95,-57;95,-56;95,-55;95,-54;95,-53;95,-52;95,-51;95,-50;95,-49;95,-48;95,-47;95,-46;95,-45;95,-44;95,-43;95,-42;96,-45;96,-44;96,-43;96,-42;96,-57;96,-56;96,-55;96,-54;96,-53;96,-52;96,-51;96,-50;96,-49;96,-48;96,-47;96,-46;97,-57;97,-56;97,-55;97,-54;97,-53;97,-52;97,-51;97,-50;97,-49;97,-48;97,-47;97,-46;97,-45;97,-44;97,-43;97,-42;97,-41;97,-40;97,-39;98,-57;98,-56;98,-55;98,-54;98,-53;98,-52;98,-51;98,-50;98,-49;98,-48;98,-47;98,-46;98,-45;98,-44;99,-42;99,-43;98,-42;98,-43;98,-41;99,-39;99,-40;98,-39;98,-40;99,-57;99,-56;99,-55;99,-54;99,-53;99,-52;99,-51;99,-50;99,-49;99,-48;99,-47;99,-46;99,-45;99,-44;99,-41;100,-57;100,-56;100,-55;100,-54;100,-53;100,-52;100,-51;100,-50;100,-49;100,-48;100,-47;100,-46;100,-45;100,-44;100,-43;100,-42;100,-41;100,-40;100,-39;101,-57;101,-56;101,-55;101,-54;101,-53;101,-52;101,-51;101,-50;101,-49;101,-48;101,-47;101,-46;101,-45;101,-44;101,-43;104,-39;104,-40;104,-41;104,-42;103,-39;103,-40;103,-41;103,-42;102,-39;102,-40;102,-41;102,-42;101,-39;101,-40;101,-41;101,-42;102,-57;102,-56;102,-55;102,-54;102,-53;102,-52;102,-51;102,-50;102,-49;102,-48;102,-47;102,-46;102,-45;102,-44;102,-43;103,-57;103,-56;103,-55;103,-54;103,-53;103,-52;103,-51;103,-50;103,-49;103,-48;103,-47;103,-46;103,-45;103,-44;103,-43;104,-57;104,-56;104,-55;104,-54;104,-53;104,-52;104,-51;104,-50;104,-49;104,-48;104,-47;104,-46;104,-45;104,-44;104,-43;105,-57;105,-56;105,-55;105,-54;105,-53;105,-52;105,-51;105,-50;105,-49;105,-48;105,-47;105,-46;105,-45;105,-44;105,-43;105,-42;105,-41;105,-40;105,-39;106,-57;106,-56;106,-55;106,-54;106,-53;106,-52;106,-51;106,-50;106,-49;106,-48;106,-47;106,-46;106,-45;106,-44;106,-43;106,-42;106,-40;106,-41;106,-39
74,48;75,48;76,50;74,50;75,50;74,49;75,49;76,49;76,48;77,48;77,49;77,50;78,50;78,49;78,48;74,46;74,47;75,46;75,47;76,47;77,47;78,47;78,46;78,45;79,46;79,45;80,46;80,45
85,48;85,54;86,54;85,53;86,53;85,52;86,52;85,51;86,51;85,50;86,50;85,49;86,49;86,48;87,51;87,52;88,51;88,52;89,51;89,52;90,51;90,52;87,48;87,49;87,50;88,48;88,49;88,50;89,48;89,49;89,50;90,48;90,49;90,50;85,46;85,47;86,47;86,46
87,-26
92,-129
103,-136
103,-137
103,-138
94,-33;95,-33
94,22;95,22;96,22;94,23;95,23;96,23;97,22;97,23;98,22;98,23;99,22;99,23
100,83;100,84;101,84;102,84;100,85;101,85;102,85;103,85;100,86;101,86;102,86;103,86;101,83;102,83;103,83;103,84
95,98;95,99;95,100;95,101;96,98;96,99;96,100;96,101;97,98;97,99;97,100;97,101;98,100;98,101;98,98;98,99
98,-139;99,-139
100,-149
102,-146;102,-145;102,-144;102,-143;102,-142;102,-141;103,-146;103,-145;103,-144;103,-143;103,-142;103,-141;104,-146;104,-145;104,-144;104,-143;104,-142;104,-141;105,-146;105,-145;105,-144;105,-143;105,-142;105,-141;106,-146;106,-145;106,-144;106,-143;106,-142;106,-141;107,-146;107,-145;107,-144;107,-143;107,-142;107,-141
107,-43;107,-42;108,-43;108,-42;108,-40;108,-41;107,-40;107,-41;107,-57;107,-56;107,-55;107,-54;107,-53;107,-52;107,-51;107,-50;107,-49;107,-48;107,-47;107,-46;107,-45;107,-44;107,-39;108,-57;108,-56;108,-55;108,-54;108,-53;108,-52;108,-51;108,-50;108,-49;108,-48;108,-47;108,-46;108,-45;108,-44;108,-39;109,-57;109,-56;109,-55;109,-54;109,-53;109,-52;109,-51;109,-50;109,-49;109,-48;109,-47;109,-46;109,-45;109,-44;109,-43;109,-42;109,-41;109,-40;109,-39;110,-57;110,-56;110,-55;110,-54;110,-53;110,-52;110,-51;110,-50;110,-49;110,-48;110,-47;110,-46;110,-45;110,-44;110,-43;110,-42;111,-43;111,-42;112,-43;112,-42;113,-43;113,-42;110,-41;110,-40;110,-39;111,-57;111,-56;111,-55;111,-54;111,-53;111,-52;111,-51;111,-50;111,-49;111,-48;111,-47;111,-46;111,-45;111,-44;111,-41;111,-40;111,-39;112,-57;112,-56;112,-55;112,-54;112,-53;112,-52;112,-51;112,-50;112,-49;112,-48;112,-47;112,-46;112,-45;112,-44;112,-41;112,-40;112,-39;113,-57;113,-56;113,-55;113,-54;113,-53;113,-52;113,-51;113,-50;113,-49;113,-48;113,-47;113,-46;113,-45;113,-44;113,-41;113,-40;113,-39;114,-57;115,-57;116,-57;117,-57;118,-57;119,-57;120,-57;121,-57;122,-57;123,-57;124,-57;125,-57;126,-57;127,-57;128,-57;129,-57;130,-57;131,-57;132,-57;133,-57;134,-57;135,-57;136,-57;137,-57;138,-57;114,-56;115,-56;116,-56;117,-56;118,-56;119,-56;120,-56;121,-56;122,-56;123,-56;124,-56;125,-56;126,-56;127,-56;128,-56;129,-56;130,-56;131,-56;132,-56;133,-56;134,-56;135,-56;136,-56;137,-56;138,-56;114,-55;115,-55;116,-55;117,-55;118,-55;119,-55;120,-55;121,-55;122,-55;123,-55;124,-55;125,-55;126,-55;127,-55;128,-55;129,-55;130,-55;131,-55;132,-55;133,-55;134,-55;135,-55;136,-55;137,-55;138,-55;114,-54;115,-54;116,-54;117,-54;118,-54;119,-54;120,-54;121,-54;122,-54;123,-54;124,-54;125,-54;126,-54;127,-54;128,-54;129,-54;130,-54;131,-54;132,-54;133,-54;134,-54;135,-54;136,-54;137,-54;138,-54;114,-53;115,-53;116,-53;117,-53;118,-53;119,-53;120,-53;121,-53;122,-53;123,-53;124,-53;125,-53;126,-53;127,-53;128,-53;129,-53;130,-53;131,-53;132,-53;133,-53;134,-53;135,-53;136,-53;137,-53;138,-53;114,-52;115,-52;116,-52;117,-52;118,-52;119,-52;120,-52;121,-52;122,-52;123,-52;124,-52;125,-52;126,-52;127,-52;128,-52;129,-52;130,-52;131,-52;132,-52;133,-52;134,-52;135,-52;136,-52;137,-52;138,-52;114,-51;115,-51;116,-51;117,-51;118,-51;119,-51;120,-51;121,-51;122,-51;123,-51;124,-51;125,-51;126,-51;127,-51;128,-51;129,-51;130,-51;131,-51;132,-51;133,-51;134,-51;135,-51;136,-51;137,-51;138,-51;114,-50;115,-50;116,-50;117,-50;118,-50;119,-50;120,-50;121,-50;122,-50;123,-50;124,-50;125,-50;126,-50;127,-50;128,-50;129,-50;130,-50;131,-50;132,-50;133,-50;134,-50;135,-50;136,-50;137,-50;138,-50;114,-49;115,-49;116,-49;117,-49;118,-49;119,-49;120,-49;121,-49;122,-49;123,-49;124,-49;125,-49;126,-49;127,-49;128,-49;129,-49;130,-49;131,-49;132,-49;133,-49;134,-49;135,-49;136,-49;137,-49;138,-49;114,-48;115,-48;116,-48;117,-48;118,-48;119,-48;120,-48;121,-48;122,-48;123,-48;124,-48;125,-48;126,-48;127,-48;128,-48;129,-48;130,-48;131,-48;132,-48;133,-48;134,-48;135,-48;136,-48;137,-48;138,-48;114,-47;115,-47;116,-47;117,-47;118,-47;119,-47;120,-47;121,-47;122,-47;123,-47;124,-47;125,-47;126,-47;127,-47;128,-47;129,-47;130,-47;131,-47;132,-47;133,-47;134,-47;135,-47;136,-47;137,-47;138,-47;114,-46;115,-46;116,-46;117,-46;118,-46;119,-46;120,-46;121,-46;122,-46;123,-46;124,-46;125,-46;126,-46;127,-46;128,-46;129,-46;130,-46;131,-46;132,-46;133,-46;134,-46;135,-46;136,-46;137,-46;138,-46;114,-45;115,-45;116,-45;117,-45;118,-45;119,-45;120,-45;121,-45;122,-45;123,-45;124,-45;125,-45;126,-45;127,-45;128,-45;129,-45;130,-45;131,-45;132,-45;133,-45;134,-45;135,-45;136,-45;137,-45;138,-45;114,-44;115,-44;116,-44;117,-44;118,-44;119,-44;120,-44;121,-44;122,-44;123,-44;124,-44;125,-44;126,-44;127,-44;128,-44;129,-44;130,-44;131,-44;132,-44;133,-44;134,-44;135,-44;136,-44;137,-44;138,-44;114,-43;115,-43;116,-43;117,-43;118,-43;119,-43;120,-43;121,-43;122,-43;123,-43;124,-43;125,-43;126,-43;127,-43;128,-43;129,-43;130,-43;131,-43;132,-43;133,-43;134,-43;135,-43;136,-43;137,-43;138,-43;114,-42;115,-42;116,-42;117,-42;118,-42;119,-42;120,-42;121,-42;122,-42;123,-42;124,-42;125,-42;126,-42;127,-42;128,-42;129,-42;130,-42;131,-42;132,-42;133,-42;134,-42;135,-42;136,-42;137,-42;138,-42;114,-41;115,-41;116,-41;117,-41;118,-41;119,-41;120,-41;121,-41;122,-41;123,-41;124,-41;125,-41;126,-41;127,-41;128,-41;129,-41;130,-41;131,-41;132,-41;133,-41;134,-41;135,-41;136,-41;137,-41;138,-41;114,-40;115,-40;116,-40;117,-40;118,-40;119,-40;120,-40;121,-40;122,-40;123,-40;124,-40;125,-40;126,-40;127,-40;128,-40;129,-40;130,-40;131,-40;132,-40;133,-40;134,-40;135,-40;136,-40;137,-40;138,-40;114,-39;115,-39;116,-39;117,-39;118,-39;119,-39;120,-39;121,-39;122,-39;123,-39;124,-39;125,-39;126,-39;127,-39;128,-39;129,-39;130,-39;131,-39;132,-39;133,-39;134,-39;135,-39;136,-39;137,-39;138,-39
107,-135
118,-124
118,-125
107,-102
107,-103
119,-108
120,-109
114,-22
116,-12;116,-11
119,-12;119,-11;120,-12;120,-11
117,-8;118,-8
122,-34;123,-34
122,-12;122,-11
122,-10
123,-12
123,-11;123,-10;124,-11;124,-10
126,-118
131,-127
134,-130;135,-130;134,-131;135,-131
124,-12
125,-11
126,-9;127,-9
126,44;126,45;126,46;126,47;126,48;126,49;126,50;127,44;127,45;127,46;127,47;127,48;127,49;127,50;128,44;128,45;128,46;128,47;128,48;128,49;128,50;129,44;129,45;129,46;129,47;129,48;129,49;129,50;130,44;130,45;130,46;130,47;130,48;130,49;130,50;131,44;131,45;131,46;131,47;131,48;131,49;131,50;132,44;132,45;132,46;132,47;132,48;132,49;132,50
127,-14
127,-11
128,-11;128,-10;129,-11;129,-10
128,32;128,33
129,-9
133,-29
133,-5
135,-11;135,-10;136,-11;136,-10;137,-11;137,-10;138,-11;138,-10
136,-144;136,-143;136,-142;136,-141;137,-144;137,-143;137,-142;137,-141;138,-141;138,-142;139,-141;139,-142
139,-74;139,-73;140,-74;140,-73
139,-72;139,-71;140,-72;140,-71
140,-2;140,-3;140,-4;140,-5;140,-6;140,-7;140,-8;140,-9;140,-10;140,-11;141,-2;141,-3;141,-4;141,-5;141,-6;141,-7;141,-8;141,-9;141,-10;141,-11;142,-2;142,-3;142,-4;142,-5;142,-6;142,-7;142,-8;142,-9;142,-10;142,-11;143,-2;143,-3;143,-4;143,-5;143,-6;143,-7;143,-8;143,-9;143,-10;143,-11;144,-2;144,-3;144,-4;144,-5;144,-6;144,-7;144,-8;144,-9;144,-10;144,-11;145,-2;145,-3;145,-4;145,-5;145,-6;145,-7;145,-8;145,-9;145,-10;145,-11;146,-2;146,-3;146,-4;146,-5;146,-6;146,-7;146,-8;146,-9;146,-10;146,-11;147,-2;147,-3;147,-4;147,-5;147,-6;147,-7;147,-8;147,-9;147,-10;147,-11;148,-2;148,-3;148,-4;148,-5;148,-6;148,-7;148,-8;148,-9;148,-10;148,-11;149,-2;149,-3;149,-4;149,-5;149,-6;149,-7;149,-8;149,-9;149,-10;149,-11
142,-146;142,-145;142,-144;143,-146;143,-145;143,-144
143,-14
144,-34;144,-35
144,44
145,-57;146,-57
145,-51
145,-50
145,-49
145,-48
146,-51
146,-50
146,-49
146,-48
147,-51
147,-50
147,-49
147,-48
148,-51
148,-50
148,-49
148,-48
148,-35
149,-83;149,-82
149,-51
149,-50