-145,108
-150,126;-149,126;-150,127;-149,127;-150,128;-149,128;-150,129;-149,129;-150,130;-149,130
-143,19
-131,-21
-115,132;-116,132;-117,132;-118,132;-119,132;-120,132;-121,132;-122,132;-123,132;-124,132;-115,133;-116,133;-117,133;-118,133;-119,133;-120,133;-121,133;-122,133;-123,133;-124,133;-115,134;-116,134;-117,134;-118,134;-119,134;-120,134;-121,134;-122,134;-123,134;-124,134;-115,135;-116,135;-117,135;-118,135;-119,135;-120,135;-121,135;-122,135;-123,135;-124,135;-117,136;-118,136;-119,136;-120,136;-121,136;-122,136;-117,137;-118,137;-119,137;-120,137;-121,137;-122,137
-124,144;-124,145;-124,146;-124,147;-124,148;-124,149;-123,144;-123,145;-123,146;-123,147;-123,148;-123,149;-122,144;-122,145;-122,146;-122,147;-122,148;-122,149;-121,144;-121,145;-121,146;-121,147;-121,148;-121,149;-120,144;-120,145;-120,146;-120,147;-120,148;-120,149;-124,150;-123,150;-122,150;-121,150;-120,150;-119,144;-119,145;-119,146;-119,147;-119,148;-119,149;-119,150;-118,144;-118,145;-118,146;-118,147;-118,148;-118,149;-118,150
-123,140;-123,141;-123,142;-123,143;-122,140;-122,141;-122,142;-122,143;-121,140;-121,141;-120,140;-120,141;-121,142;-121,143;-120,142;-120,143
-120,-43;-119,-43
-119,-150
-118,6;-117,6
-115,-70
-115,-63;-114,-63
-113,-35;-113,-34;-112,-35;-112,-34
-105,131;-105,132;-105,133;-105,134;-105,135;-105,136;-105,137;-106,131;-106,132;-106,133;-106,134;-106,135;-106,136;-106,137;-107,131;-107,132;-107,133;-107,134;-107,135;-107,136;-107,137;-108,131;-108,132;-108,133;-108,134;-108,135;-108,136;-108,137;-109,131;-109,132;-109,133;-109,134;-109,135;-109,136;-109,137;-110,131;-110,132;-110,133;-110,134;-110,135;-110,136;-110,137;-111,131;-111,132;-111,133;-111,134;-111,135;-111,136;-111,137
-107,41;-107,40;-107,39;-107,38;-107,37;-107,36;-107,35;-107,34;-108,41;-108,40;-108,39;-108,38;-108,37;-108,36;-108,35;-108,34;-109,41;-109,40;-109,39;-109,38;-109,37;-109,36;-109,35;-109,34;-110,41;-110,40;-110,39;-110,38;-110,37;-110,36;-110,35;-110,34;-106,34;-106,35;-106,36;-106,37;-106,38;-106,39;-106,40;-106,41;-105,34;-105,35;-105,36;-105,37;-105,38;-105,39;-105,40;-105,41;-104,34;-104,35;-104,36;-104,37;-104,38;-104,39;-104,40;-104,41;-103,34;-103,35;-103,36;-103,37;-103,38;-103,39;-103,40;-103,41
-109,-95
-107,-94
-105,-143;-105,-144;-105,-145;-105,-146;-105,-147;-104,-142;-104,-143;-104,-144;-104,-145;-104,-146;-104,-147;-103,-142;-103,-143;-103,-144;-103,-145;-103,-146;-103,-147;-102,-144;-102,-143;-102,-145;-102,-146;-102,-147
-104,-95
-104,138;-104,132;-104,133;-104,134;-104,135;-104,136;-104,137;-103,138;-103,132;-103,133;-103,134;-103,135;-103,136;-103,137;-102,138;-102,132;-102,133;-102,134;-102,135;-102,136;-102,137;-101,138;-101,132;-101,133;-101,134;-101,135;-101,136;-101,137;-100,138;-100,132;-100,133;-100,134;-100,135;-100,136;-100,137;-99,138;-99,132;-99,133;-99,134;-99,135;-99,136;-99,137;-98,138;-98,132;-98,133;-98,134;-98,135;-98,136;-98,137
-102,-100;-102,-99;-101,-100;-101,-99
-95,39;-95,38
-102,40;-102,39
-100,110
-99,110
-98,110
-100,109
-99,109
-98,109
-100,108
-99,108
-98,108
-99,126;-99,127;-99,128;-99,129;-100,126;-100,127;-100,128;-100,129;-101,126;-101,127;-101,128;-101,129;-102,126;-102,127;-102,128;-102,129
-97,108
-97,109
-97,110
-88,-20
-87,-81
-86,108;-85,108;-84,108;-83,108
-86,110;-85,110;-84,110;-83,110
-82,110
-81,110
-80,110
-79,110
-78,110;-77,110;-76,110;-75,110
-86,109;-85,109;-84,109;-83,109;-82,109;-81,109;-80,109;-79,109;-78,109;-77,109;-76,109;-75,109
-82,108
-81,108
-80,108
-79,108
-78,108;-77,108;-76,108;-75,108
-86,111;-86,112;-85,112;-84,112;-83,112;-85,111;-84,111;-83,111;-82,111;-82,112;-81,112;-81,111
-86,116;-85,116;-84,116;-86,117;-86,119;-85,119;-84,119;-86,118;-85,118;-84,118;-85,117;-84,117;-83,119;-82,119;-81,119;-83,118;-82,118;-81,118
-83,116;-83,117;-82,117;-81,117;-82,116;-81,116
-85,-38
-82,83;-82,84;-82,85;-82,86;-83,83;-83,84;-83,85;-83,86;-84,83;-84,84;-84,85;-84,86;-85,83;-85,84;-85,85;-85,86
-80,119;-79,119;-78,119;-80,118;-79,118;-78,118;-77,118;-77,119;-76,118;-76,119;-75,118;-75,119
-80,117;-79,117;-80,116;-79,116;-78,116;-77,116;-76,116;-78,117;-77,117;-76,117
-80,111;-79,111;-78,111;-77,111;-76,111;-75,111
-75,71;-75,72;-75,73;-75,74;-75,75;-75,76;-75,77;-75,78;-76,76;-76,77;-76,78;-77,76;-78,76;-79,76;-80,74;-80,75;-80,76;-80,77;-80,78
-75,116;-75,115;-75,114;-75,113;-75,112;-75,117
-71,-130
-70,112;-70,113;-69,112;-69,113
-69,-142
-69,-139
-69,35
-65,-31;-65,-30;-64,-31;-64,-30;-63,-31;-63,-30;-62,-31;-62,-30
-64,-128
-63,-128;-62,-128;-61,-128;-63,-129;-62,-129;-61,-129;-63,-130;-62,-130;-61,-130
-52,-140
-51,-110;-50,-110
-42,-108
-40,-59
-39,-100
-39,-3;-38,-3;-37,-3;-36,-3
-38,-142
-37,77
-33,145
-32,140;-31,140
-31,19;-31,20
-29,48;-29,49
-29,80;-29,81;-29,82;-29,83;-29,84;-29,85;-28,80;-28,81;-28,82;-28,83;-28,84;-28,85;-27,80;-27,81;-27,82;-27,83;-27,84;-27,85;-26,80;-26,81;-26,82;-26,83;-26,84;-26,85;-25,80;-25,81;-25,82;-25,83;-25,84;-25,85;-24,80;-24,81;-24,82;-24,83;-24,84;-24,85
-26,-110
-19,-110;-19,-111;-19,-112;-20,-110;-20,-111;-20,-112;-21,-110;-21,-111;-21,-112
-21,-53
-21,95;-21,96;-21,97;-21,98;-21,99;-20,95;-20,96;-20,97;-20,98;-20,99;-19,95;-19,96;-19,97;-19,98;-19,99;-18,95;-18,96;-18,97;-18,98;-18,99;-17,95;-17,96;-17,97;-17,98;-17,99;-16,95;-16,99;-15,99;-14,99;-13,99;-12,99;-16,98;-12,98;-16,97;-12,97;-16,96;-12,96;-15,95;-13,96;-14,98;-15,98;-13,97;-14,97;-15,97;-13,98;-14,96;-15,96;-14,95;-13,95;-12,95
-19,-150
-17,56;-17,57;-17,58;-17,59;-17,60;-17,61;-17,62;-17,63;-17,64;-17,65;-17,66;-17,67;-16,56;-16,57;-16,58;-16,59;-16,60;-16,61;-16,62;-16,63;-16,64;-16,65;-16,66;-16,67;-15,56;-15,57;-15,58;-15,59;-15,60;-15,61;-15,62;-15,63;-15,64;-15,65;-15,66;-15,67;-14,52;-14,53;-14,54;-14,55;-14,56;-14,57;-14,58;-14,59;-14,60;-14,61;-14,62;-14,63;-14,64;-14,65;-14,66;-14,67;-13,52;-13,53;-13,54;-13,55;-13,56;-13,57;-13,58;-13,59;-13,60;-13,61;-13,62;-13,63;-13,64;-13,65;-13,66;-13,67;-12,52;-12,53;-12,54;-12,55;-12,56;-12,57;-12,58;-12,59;-12,60;-12,61;-12,62;-12,63;-12,64;-12,65;-12,66;-12,67;-11,52;-11,53;-11,54;-11,55;-11,56;-11,57;-11,58;-11,59;-11,60;-11,61;-11,62;-11,63;-11,64;-11,65;-11,66;-11,67;-10,52;-10,53;-10,54;-10,55;-10,56;-10,57;-10,58;-10,59;-10,60;-10,61;-10,62;-10,63;-10,64;-10,65;-10,66;-10,67;-9,52;-9,53;-9,54;-9,55;-9,56;-9,57;-9,58;-9,59;-9,60;-9,61;-9,62;-9,63;-9,64;-9,65;-9,66;-9,67;-8,52;-8,53;-8,54;-8,55;-8,56;-8,57;-8,58;-8,59;-8,60;-8,61;-8,62;-8,63;-8,64;-8,65;-8,66;-8,67;-7,52;-7,53;-7,54;-7,55;-7,56;-7,57;-7,58;-7,59;-7,60;-7,61;-7,62;-7,63;-7,64;-7,65;-7,66;-7,67;-6,52;-6,53;-6,54;-6,55;-6,56;-6,57;-6,58;-6,59;-6,60;-6,61;-6,62;-6,63;-6,64;-6,65;-6,66;-6,67;-5,52;-5,53;-5,54;-5,55;-5,56;-5,57;-5,58;-5,59;-5,60;-5,61;-5,62;-5,63;-5,64;-5,65;-5,66;-5,67;-4,52;-4,53;-4,54;-4,55;-4,56;-4,57;-4,58;-4,59;-4,60;-4,61;-4,62;-4,63;-4,64;-4,65;-4,66;-4,67;-3,52;-3,53;-3,54;-3,55;-3,56;-3,57;-3,58;-3,59;-3,60;-3,61;-3,62;-3,63;-3,64;-2,52;-2,53;-2,54;-2,55;-2,56;-2,57;-2,58;-2,59;-2,60;-2,61;-2,62;-2,63;-2,64;-1,52;-1,53;-1,54;-1,55;-1,56;-1,57;-1,58;-1,59;-1,60;-1,61;-1,62;-1,63;-1,64
-3,65;-3,66;-3,67;-2,65;-2,66;-2,67;-1,65;-1,66;-1,67
-15,-60
-11,95
-11,97
-11,96
-11,99
-11,98
-9,-91;-9,-90;-9,-89;-9,-88;-9,-87;-9,-86;-9,-85;-9,-84;-9,-83;-9,-82;-9,-81;-9,-80;-9,-79;-9,-78;-9,-77;-9,-76;-9,-75;-9,-74;-9,-73;-9,-72;-8,-91;-8,-90;-8,-89;-8,-88;-8,-87;-8,-86;-8,-85;-8,-84;-8,-83;-8,-82;-8,-81;-8,-80;-8,-79;-8,-78;-8,-77;-8,-76;-8,-75;-8,-74;-8,-73;-8,-72;-7,-91;-7,-90;-7,-89;-7,-88;-7,-87;-7,-86;-7,-85;-7,-84;-7,-83;-7,-82;-7,-81;-7,-80;-7,-79;-7,-78;-7,-77;-7,-76;-7,-75;-7,-74;-7,-73;-7,-72;-6,-91;-6,-90;-6,-89;-6,-88;-6,-87;-6,-86;-6,-85;-6,-84;-6,-83;-6,-82;-6,-81;-6,-80;-6,-79;-6,-78;-6,-77;-6,-76;-6,-75;-6,-74;-6,-73;-6,-72;-5,-91;-5,-90;-5,-89;-5,-88;-5,-87;-5,-86;-5,-85;-5,-84;-5,-83;-5,-82;-5,-81;-5,-80;-5,-79;-5,-78;-5,-77;-5,-76;-5,-75;-5,-74;-5,-73;-5,-72;-4,-91;-4,-90;-4,-89;-4,-88;-4,-87;-4,-86;-4,-85;-4,-84;-4,-83;-4,-82;-4,-81;-4,-80;-4,-79;-4,-78;-4,-77;-4,-76;-4,-75;-4,-74;-4,-73;-4,-72;-3,-91;-3,-90;-3,-89;-3,-88;-3,-87;-3,-86;-3,-85;-3,-84;-3,-83;-3,-82;-3,-81;-3,-80;-3,-79;-3,-78;-3,-77;-3,-76;-3,-75;-3,-74;-3,-73;-3,-72;-2,-91;-2,-90;-2,-89;-2,-88;-2,-87;-2,-86;-2,-85;-2,-84;-2,-83;-2,-82;-2,-81;-2,-80;-2,-79;-2,-78;-2,-77;-2,-76;-2,-75;-2,-74;-2,-73;-2,-72;-1,-91;-1,-90;-1,-89;-1,-88;-1,-87;-1,-86;-1,-85;-1,-84;-1,-83;-1,-82;-1,-81;-1,-80;-1,-79;-1,-78;-1,-77;-1,-76;-1,-75;-1,-74;-1,-73;-1,-72;0,-91;0,-90;0,-89;0,-88;0,-87;0,-86;0,-85;0,-84;0,-83;0,-82;0,-81;0,-80;0,-79;0,-78;0,-77;0,-76;0,-75;0,-74;0,-73;0,-72;1,-91;1,-90;1,-89;1,-88;1,-87;1,-86;1,-85;1,-84;1,-83;1,-82;1,-81;1,-80;1,-79;1,-78;1,-77;1,-76;1,-75;1,-74;1,-73;1,-72;2,-91;2,-90;2,-89;2,-88;2,-87;2,-86;2,-85;2,-84;2,-83;2,-82;2,-81;2,-80;2,-79;2,-78;2,-77;2,-76;2,-75;2,-74;2,-73;2,-72;3,-91;3,-90;3,-89;3,-88;3,-87;3,-86;3,-85;3,-84;3,-83;3,-82;3,-81;3,-80;3,-79;3,-78;3,-77;3,-76;3,-75;3,-74;3,-73;3,-72;4,-91;4,-90;4,-89;4,-88;4,-87;4,-86;4,-85;4,-84;4,-83;4,-82;4,-81;4,-80;4,-79;4,-78;4,-77;4,-76;4,-75;4,-74;4,-73;4,-72;5,-91;5,-90;5,-89;5,-88;5,-87;5,-86;5,-85;5,-84;5,-83;5,-82;5,-81;5,-80;5,-79;5,-78;5,-77;5,-76;5,-75;5,-74;5,-73;5,-72;6,-91;6,-90;6,-89;6,-88;6,-87;6,-86;6,-85;6,-84;6,-83;6,-82;6,-81;6,-80;6,-79;6,-78;6,-77;6,-76;6,-75;6,-74;6,-73;6,-72;7,-91;7,-90;7,-89;7,-88;7,-87;7,-86;7,-85;7,-84;7,-83;7,-82;7,-81;7,-80;7,-79;7,-78;7,-77;7,-76;7,-75;7,-74;7,-73;7,-72;8,-91;8,-90;8,-89;8,-88;8,-87;8,-86;8,-85;8,-84;8,-83;8,-82;8,-81;8,-80;8,-79;8,-78;8,-77;8,-76;8,-75;8,-74;8,-73;8,-72;9,-91;9,-90;9,-89;9,-88;9,-87;9,-86;9,-85;9,-84;9,-83;9,-82;9,-81;9,-80;9,-79;9,-78;9,-77;9,-76;9,-75;9,-74;9,-73;9,-72;10,-91;10,-90;10,-89;10,-88;10,-87;10,-86;10,-85;10,-84;10,-83;10,-82;10,-81;10,-80;10,-79;10,-78;10,-77;10,-76;10,-75;10,-74;10,-73;10,-72
-9,-9;-9,-8;-9,-7;-9,-6;-9,-5;-9,-4;-9,-3;-9,-2;-9,-1;-9,0;-9,1;-9,2;-9,3;-9,4;-9,5;-9,6;-9,7;-9,8;-9,9;-8,-9;-8,-8;-8,-7;-8,-6;-8,-5;-8,-4;-8,-3;-8,-2;-8,-1;-8,0;-8,1;-8,2;-8,3;-8,4;-8,5;-8,6;-8,7;-8,8;-8,9;-7,-9;-7,-8;-7,-7;-7,-6;-7,-5;-7,-4;-7,-3;-7,-2;-7,-1;-7,0;-7,1;-7,2;-7,3;-7,4;-7,5;-7,6;-7,7;-7,8;-7,9;-6,-9;-6,-8;-6,-7;-6,-6;-6,-5;-6,-4;-6,-3;-6,-2;-6,-1;-6,0;-6,1;-6,2;-6,3;-6,4;-6,5;-6,6;-6,7;-6,8;-6,9;-5,-9;-5,-8;-5,-7;-5,-6;-5,-5;-5,-4;-5,-3;-5,-2;-5,-1;-5,0;-5,1;-5,2;-5,3;-5,4;-5,5;-5,6;-5,7;-5,8;-5,9;-4,-9;-4,-8;-4,-7;-4,-6;-4,-5;-4,-4;-4,-3;-4,-2;-4,-1;-4,0;-4,1;-4,2;-4,3;-4,4;-4,5;-4,6;-4,7;-4,8;-4,9;-3,-9;-3,-8;-3,-7;-3,-6;-3,-5;-3,-4;-3,-3;-3,-2;-3,-1;-3,0;-3,1;-3,2;-3,3;-3,4;-3,5;-3,6;-3,7;-3,8;-3,9;-2,-9;-2,-8;-2,-7;-2,-6;-2,-5;-2,-4;-2,-3;-2,-2;-2,-1;-2,0;-2,1;-2,2;-2,3;-2,4;-2,5;-2,6;-2,7;-2,8;-2,9;-1,-9;-1,-8;-1,-7;-1,-6;-1,-5;-1,-4;-1,-3;-1,-2;-1,-1;-1,0;-1,1;-1,2;-1,3;-1,4;-1,5;-1,6;-1,7;-1,8;-1,9;0,-9;0,-8;0,-7;0,-6;0,-5;0,-4;0,-3;0,-2;0,-1;0,0;0,1;0,2;0,3;0,4;0,5;0,6;0,7;0,8;0,9;1,-9;1,-8;1,-7;1,-6;1,-5;1,-4;1,-3;1,-2;1,-1;1,0;1,1;1,2;1,3;1,4;1,5;1,6;1,7;1,8;1,9;2,-9;2,-8;2,-7;2,-6;2,-5;2,-4;2,-3;2,-2;2,-1;2,0;2,1;2,2;2,3;2,4;2,5;2,6;2,7;2,8;2,9;3,-9;3,-8;3,-7;3,-6;3,-5;3,-4;3,-3;3,-2;3,-1;3,0;3,1;3,2;3,3;3,4;3,5;3,6;3,7;3,8;3,9;4,-9;4,-8;4,-7;4,-6;4,-5;4,-4;4,-3;4,-2;4,-1;4,0;4,1;4,2;4,3;4,4;4,5;4,6;4,7;4,8;4,9;5,-9;5,-8;5,-7;5,-6;5,-5;5,-4;5,-3;5,-2;5,-1;5,0;5,1;5,2;5,3;5,4;5,5;5,6;5,7;5,8;5,9;6,-9;6,-8;6,-7;6,-6;6,-5;6,-4;6,-3;6,-2;6,-1;6,0;6,1;6,2;6,3;6,4;6,5;6,6;6,7;6,8;6,9;7,-9;7,-8;7,-7;7,-6;7,-5;7,-4;7,-3;7,-2;7,-1;7,0;7,1;7,2;7,3;7,4;7,5;7,6;7,7;7,8;7,9;8,-9;8,-8;8,-7;8,-6;8,-5;8,-4;8,-3;8,-2;8,-1;8,0;8,1;8,2;8,3;8,4;8,5;8,6;8,7;8,8;8,9;9,-9;9,-8;9,-7;9,-6;9,-5;9,-4;9,-3;9,-2;9,-1;9,0;9,1;9,2;9,3;9,4;9,5;9,6;9,7;9,8;9,9;10,-9;10,-8;10,-7;10,-6;10,-5;10,-4;10,-3;10,-2;10,-1;10,0;10,1;10,2;10,3;10,4;10,5;10,6;10,7;10,8;10,9
-5,44;-5,45;-4,44;-4,45;-3,44;-3,45;-2,44;-2,45;-1,44;-1,45
-5,49
-4,-34;-3,-34;-4,-35;-3,-35;-2,-34;-2,-35;-1,-35;-1,-34
2,-39;3,-39;4,-42;4,-41;4,-40;4,-39;5,-42;5,-39;6,-46;6,-45;6,-44;6,-43;6,-42;6,-39;7,-42;7,-41;7,-40;7,-39;7,-38;7,-37;8,-39;8,-38;8,-37;9,-39;9,-38;9,-37;10,-39;10,-38;10,-37;11,-39;11,-38;11,-37;11,-36;11,-35;11,-34;11,-33;12,-39;12,-38;12,-37;12,-36;12,-35;12,-34;12,-33;7,-36;7,-35;7,-34;7,-33;8,-36;8,-35;8,-34;8,-33;9,-36;9,-35;9,-34;9,-33;10,-36;10,-35;10,-34;10,-33
2,16;3,16;4,16;5,16;2,17;3,17;4,17;5,17;2,18;3,18;4,18;5,18
10,-48
11,145;11,146;11,147;11,148;11,149;12,145;12,146;12,147;12,148;12,149;13,145;13,146;13,147;13,148;13,149;14,145;14,146;14,147;14,148;14,149;15,145;15,146;15,147;15,148;15,149
12,-112
12,-111
13,-112
13,-111
13,85;13,84;13,83;13,82;13,81;13,80;13,79;13,78;13,77;13,76;13,75;14,85;14,84;14,83;14,82;14,81;14,80;14,79;14,78;14,77;14,76;14,75;15,85;15,84;15,83;15,82;15,81;15,80;15,79;15,78;15,77;15,76;15,75;16,85;16,84;16,83;16,82;16,81;16,80;16,79;16,78;16,77;16,76;16,75;17,85;17,84;17,83;17,82;17,81;17,80;17,79;17,78;17,77;17,76;17,75;18,85;18,84;18,83;18,82;18,81;18,80;18,79;18,78;18,77;18,76;18,75;19,85;19,84;19,83;19,82;19,81;19,80;19,79;19,78;19,77;19,76;19,75;20,85;20,84;20,83;20,82;20,81;20,80;20,79;20,78;20,77;20,76;20,75;21,85;21,84;21,83;21,82;21,81;21,80;21,79;21,78;21,77;21,76;21,75;22,85;22,84;22,83;22,82;22,81;22,80;22,79;22,78;22,77;22,76;22,75
14,-135
15,-135
15,-100
23,-52;24,-52
23,142;23,143;24,142;24,143
25,111;25,112
34,22
42,-79
42,-55
44,-15
45,11;45,12;46,11;46,12
46,-122
46,53
46,54
47,53
47,54
48,53
48,54
46,129
47,-46;48,-46;49,-46;47,-45;48,-45;49,-45;47,-44;48,-44;49,-44;47,-43;48,-43;49,-43
49,61;48,61
51,-130
51,-121;51,-120;52,-121;52,-120
52,52;53,52;54,52;55,52;52,53;52,54;52,55;52,56;53,56;54,56;55,56;52,57;54,57;55,57;52,58;53,58;54,58;55,58;52,59;53,59;55,59;52,60;53,60;54,60;55,60;52,61;53,61;54,61;52,62;53,62;54,62;52,63;53,63;54,63;55,63;52,64;53,64;55,64;52,65;53,65;54,65;55,65;52,66;54,66;55,66;52,67;53,67;54,67;55,67;52,68;52,69;52,70;52,71;53,71;54,71;55,71;53,53;54,53;55,53;53,54;54,54;55,54;53,55;54,55;55,55;53,57;53,66;53,68;54,68;55,68;53,69;54,69;55,69;53,70;54,70;55,70;54,59;54,64;55,61;55,62
55,125;55,126;55,127;55,128;55,129;56,125;56,126;56,127;56,128;56,129;57,125;57,126;57,127;57,128;57,129;58,125;58,126;58,127;58,128;58,129;59,125;59,126;59,127;59,128;59,129
57,-30;57,-29;58,-30;58,-29
60,60;61,60;62,60;63,60;60,61;61,61;62,61;63,61;60,62;61,62;62,62;63,62;60,63;61,63;62,63;63,63
61,-149;61,-148;61,-147;62,-149;62,-148;62,-147;63,-149;63,-148;63,-147
61,-146
61,-145
61,-144
62,-146
62,-145
62,-144
63,-146
63,-145
63,-144
64,-149
64,-148
64,-147
64,-146
64,-145
64,-144
65,-149
65,-148
65,-147
65,-146
65,-145
65,-144
66,-149
66,-148
66,-147
66,-146
66,-145
66,-144
67,-149
67,-148
67,-147
67,-146
67,-145
67,-144
68,-149
68,-148
68,-147
68,-146
68,-145
68,-144
61,-27;61,-26;62,-27;62,-26
61,55;62,55;61,56;62,56;61,57;62,57
61,66;62,66;61,67;62,67
61,69;61,70;62,69;62,70
64,58;64,57;64,56;64,55;65,58;65,57;65,56;65,55;66,58;66,57;66,56;66,55;67,58;67,57;67,56;67,55
65,60;66,60;67,60;68,60;65,61;66,61;67,61;68,61;65,62;66,62;67,62;68,62;65,63;66,63;67,63;68,63
67,-1;67,-2
68,68;69,68;70,68;68,69;69,69;70,69;68,70;69,70;70,70
72,-24;72,-23
77,-102;77,-101
78,-105
83,74
93,-129
94,24
95,98;96,98;97,98;98,98;95,99;96,99;97,99;98,99;95,100;96,100;97,100;98,100;95,101;96,101;97,101;98,101
96,-132;96,-131;97,-132;97,-131;98,-132;98,-131
99,-111;100,-111;99,-112;100,-112
98,17
99,17
100,17
101,77;101,78;101,79;101,80;101,81;102,77;102,78;102,79;102,80;102,81;103,77;103,78;103,79;103,80;103,81;104,77;104,78;104,79;104,80;104,81;105,77;105,78;105,79;105,80;105,81;106,77;106,78;106,79;106,80;106,81;101,76;102,76;103,76;104,76;105,76;106,76
102,-122
102,-121
102,-120
102,-119
102,-118
103,-122
103,-121
103,-120
103,-119
103,-118
104,-122
104,-121
104,-120
104,-119
104,-118
105,-122
105,-121
105,-120
105,-119
105,-118
106,-133
106,-122
106,-121
106,-120
106,-119
106,-118
110,79;110,80;111,79;111,80
111,-4
117,55
118,-123;118,-122;119,-123;119,-122
125,-11
123,-118
123,130;123,131;124,130;124,131;125,130;125,131;126,130;126,131;127,130;127,131
128,-115
129,130;129,131;129,132;129,133;130,130;130,131;130,132;130,133;131,130;131,131;131,132;131,133;132,130;132,131;132,132;132,133
131,-140;131,-139;132,-140;132,-139
133,130;133,131;134,130;134,131
134,37
136,130;137,130;138,130
136,131;136,132;136,133;137,131;137,132;137,133;138,131;138,132;138,133
139,-118;139,-117;139,-116;140,-118;140,-117;140,-116;141,-118;141,-117;141,-116
139,-42
145,60;145,61;145,62;145,63;145,64;145,65;146,60;146,61;146,62;146,63;146,64;146,65;147,60;147,61;147,62;147,63;147,64;148,60;147,65;148,61;148,62;148,63;148,64;148,65;149,60;149,61;149,62;149,63;149,64;149,65
147,71;146,71
149,-41