-150,72;-149,72;-148,72;-147,72;-146,72;-145,72;-144,72;-143,72;-142,72;-141,72;-140,72;-139,72;-150,71;-149,71;-148,71;-147,71;-146,71;-145,71;-144,71;-143,71;-142,71;-141,71;-140,71;-139,71;-150,70;-149,70;-148,70;-147,70;-146,70;-145,70;-144,70;-143,70;-142,70;-141,70;-140,70;-139,70;-150,69;-149,69;-148,69;-147,69;-146,69;-145,69;-144,69;-143,69;-142,69;-141,69;-140,69;-139,69;-150,68;-149,68;-148,68;-147,68;-146,68;-145,68;-144,68;-143,68;-142,68;-141,68;-140,68;-139,68;-150,67;-149,67;-148,67;-147,67;-146,67;-145,67;-144,67;-143,67;-142,67;-141,67;-140,67;-139,67;-150,66;-149,66;-148,66;-147,66;-146,66;-145,66;-144,66;-143,66;-142,66;-141,66;-140,66;-139,66;-150,65;-149,65;-148,65;-147,65;-146,65;-145,65;-144,65;-143,65;-142,65;-141,65;-140,65;-139,65;-150,64;-149,64;-148,64;-147,64;-146,64;-145,64;-144,64;-143,64;-142,64;-141,64;-140,64;-139,64
-150,122
-136,-38
-134,-31
-133,-35
-120,-43;-119,-43
-116,-69;-115,-69
-114,-107
-112,-41
-102,-98
-102,-100
-102,-99
-101,-100
-101,-99
-100,36;-100,35;-100,34;-101,36;-101,35;-101,34;-102,36;-102,35;-102,34
-101,-98
-96,-60;-96,-61;-97,-60;-97,-61
-96,112;-95,112;-94,112;-93,112;-92,112;-96,111;-95,111;-94,111;-93,111;-92,111;-96,110;-95,110;-94,110;-93,110;-92,110;-96,109;-95,109;-94,109;-93,109;-92,109;-96,108;-95,108;-94,108;-93,108;-92,108
-90,-150
-87,-84;-87,-85;-87,-86;-88,-84;-88,-85;-88,-86;-89,-84;-89,-85;-89,-86
-86,97;-86,98;-85,97;-85,98
-77,-66
-75,-150;-75,-149;-74,-150;-74,-149
-73,-150;-73,-149;-72,-150;-72,-149
-71,-150;-71,-149;-70,-150;-70,-149
-71,116;-71,117
-69,-150;-69,-149;-68,-150;-68,-149
-48,-27
-43,-110;-44,-110
-45,43;-45,42
-39,-150
-35,132
-35,133;-35,134
-34,132;-34,133;-33,132;-33,133
-34,134
-33,134
-32,-53
-32,132;-32,133;-32,134;-31,132;-31,133;-31,134;-30,132;-30,133;-30,134
-30,-24
-29,13;-29,14;-28,13;-28,14;-27,13;-27,14
-7,-128
4,106;4,107;4,108;4,109;4,110;4,111;5,105;5,106;5,107;5,108;5,109;5,110;5,111;6,105;6,106;6,107;6,108;6,109;6,110;6,111;7,105;7,106;7,107;7,108;7,109;7,110;7,111
5,117;5,118;6,117;6,118
12,99;13,98;13,99;14,98;14,99;15,98;15,99;12,100;12,101;12,102;12,103;12,104;13,100;13,101;13,102;13,103;13,104
13,-1
14,-135;15,-135
23,-25
36,-6;37,-6;37,-5
49,-46;47,-45;48,-45;49,-45;47,-44;48,-44;49,-44;47,-43;48,-43;49,-43
47,-41;47,-40;48,-41;48,-40;49,-41;49,-40
62,-121
79,-137
90,45;91,45;92,45;90,46;91,46;92,46
87,56;88,56
94,41
99,-131;99,-130;100,-131;100,-130
101,48
102,111;103,111
102,112;103,112
104,111;104,112;105,111;105,112
105,50;106,50;106,51;107,50;107,51
132,-123
132,-122
133,-123
133,-122
140,-4;140,-5;140,-6;140,-7;140,-8;140,-9;140,-10;140,-11;141,-4;141,-5;141,-6;141,-7;141,-8;141,-9;141,-10;141,-11;142,-2;142,-3;142,-4;142,-5;142,-6;142,-7;142,-8;142,-9;142,-10;142,-11;143,-2;143,-3;143,-4;143,-5;143,-6;143,-7;143,-8;143,-9;143,-10;143,-11;144,-2;144,-3;144,-4;144,-5;144,-6;144,-7;144,-8;144,-9;144,-10;144,-11;145,-2;145,-3;145,-4;145,-5;145,-6;145,-7;145,-8;145,-9;145,-10;145,-11;146,-2;146,-3;146,-4;146,-5;146,-6;146,-7;146,-8;146,-9;146,-10;146,-11;147,-2;147,-3;147,-4;147,-5;147,-6;147,-7;147,-8;147,-9;147,-10;147,-11;148,-2;148,-3;148,-4;148,-5;148,-6;148,-7;148,-8;148,-9;148,-10;148,-11;149,-2;149,-3;149,-4;149,-5;149,-6;149,-7;149,-8;149,-9;149,-10;149,-11;141,-2;141,-3;140,-2;140,-3
145,60;145,61;145,62;145,63;145,64;145,65;146,60;146,61;146,62;146,63;146,64;146,65;147,60;147,61;147,62;147,63;147,64;148,60;147,65;148,61;148,62;148,63;148,64;148,65;149,60;149,61;149,62;149,63;149,64;149,65