-150,72;-149,72;-148,72;-147,72;-146,72;-145,72;-144,72;-143,72;-142,72;-141,72;-140,72;-139,72;-150,71;-149,71;-148,71;-147,71;-146,71;-145,71;-144,71;-143,71;-142,71;-141,71;-140,71;-139,71;-150,70;-149,70;-148,70;-147,70;-146,70;-145,70;-144,70;-143,70;-142,70;-141,70;-140,70;-139,70;-150,69;-149,69;-148,69;-147,69;-146,69;-145,69;-144,69;-143,69;-142,69;-141,69;-140,69;-139,69;-150,68;-149,68;-148,68;-147,68;-146,68;-145,68;-144,68;-143,68;-142,68;-141,68;-140,68;-139,68;-150,67;-149,67;-148,67;-147,67;-146,67;-145,67;-144,67;-143,67;-142,67;-141,67;-140,67;-139,67;-150,66;-149,66;-148,66;-147,66;-146,66;-145,66;-144,66;-143,66;-142,66;-141,66;-140,66;-139,66;-150,65;-149,65;-148,65;-147,65;-146,65;-145,65;-144,65;-143,65;-142,65;-141,65;-140,65;-139,65;-150,64;-149,64;-148,64;-147,64;-146,64;-145,64;-144,64;-143,64;-142,64;-141,64;-140,64;-139,64
-150,126;-149,126;-150,127;-149,127;-150,128;-149,128;-150,129;-149,129;-150,130;-149,130
-149,12
-149,148
-148,122
-143,47;-142,47;-141,47
-143,-36
-141,-8
-139,-8
-137,-41
-137,-42
-136,-41
-136,-42
-136,-36
-133,-35
-127,-72;-126,-72
-126,84;-126,83
-125,-83
-115,132;-116,132;-117,132;-118,132;-119,132;-120,132;-121,132;-122,132;-123,132;-124,132;-115,133;-116,133;-117,133;-118,133;-119,133;-120,133;-121,133;-122,133;-123,133;-124,133;-115,134;-116,134;-117,134;-118,134;-119,134;-120,134;-121,134;-122,134;-123,134;-124,134;-115,135;-116,135;-117,135;-118,135;-119,135;-120,135;-121,135;-122,135;-123,135;-124,135;-117,136;-118,136;-119,136;-120,136;-121,136;-122,136;-117,137;-118,137;-119,137;-120,137;-121,137;-122,137
-124,144;-124,145;-124,146;-124,147;-124,148;-124,149;-123,144;-123,145;-123,146;-123,147;-123,148;-123,149;-122,144;-122,145;-122,146;-122,147;-122,148;-122,149;-121,144;-121,145;-121,146;-121,147;-121,148;-121,149;-120,144;-120,145;-120,146;-120,147;-120,148;-120,149;-124,150;-123,150;-122,150;-121,150;-120,150;-119,144;-119,145;-119,146;-119,147;-119,148;-119,149;-119,150;-118,144;-118,145;-118,146;-118,147;-118,148;-118,149;-118,150
-123,140;-123,141;-123,142;-123,143;-122,140;-122,141;-122,142;-122,143;-121,140;-121,141;-120,140;-120,141;-121,142;-121,143;-120,142;-120,143
-120,-43;-119,-43
-120,4;-120,5;-119,4;-119,5
-119,-104;-118,-104;-119,-103;-118,-103
-118,6;-117,6
-118,12
-118,83;-118,84;-117,83;-117,84;-116,83;-116,84
-118,92;-118,91;-118,90;-117,92;-117,91;-117,90;-116,92;-116,91;-116,90;-115,92;-115,91;-115,90
-115,-63;-114,-63
-115,-19;-115,-18;-115,-17;-115,-16;-115,-15;-114,-19;-114,-18;-114,-17;-114,-16;-114,-15;-113,-19;-113,-18;-113,-17;-113,-16;-113,-15;-112,-19;-112,-18;-112,-17;-111,-17;-112,-16;-112,-15;-111,-19;-111,-18
-115,6;-115,7;-114,6;-114,7
-113,-36;-113,-37;-113,-38
-111,22;-111,23;-110,22;-110,23
-109,-32
-110,-32
-107,41;-107,40;-107,39;-107,38;-107,37;-107,36;-107,35;-107,34;-108,41;-108,40;-108,39;-108,38;-108,37;-108,36;-108,35;-108,34;-109,41;-109,40;-109,39;-109,38;-109,37;-109,36;-109,35;-109,34;-110,41;-110,40;-110,39;-110,38;-110,37;-110,36;-110,35;-110,34;-106,34;-106,35;-106,36;-106,37;-106,38;-106,39;-106,40;-106,41;-105,34;-105,35;-105,36;-105,37;-105,38;-105,39;-105,40;-105,41;-104,34;-104,35;-104,36;-104,37;-104,38;-104,39;-104,40;-104,41;-103,34;-103,35;-103,36;-103,37;-103,38;-103,39;-103,40;-103,41
-109,-17;-108,-17;-109,-16;-108,-16
-108,-15
-108,-14
-108,-13
-108,-12
-108,13
-107,-19
-107,-18
-107,-17
-107,-16;-106,-16;-105,-16;-104,-19;-104,-18;-104,-17;-104,-16;-104,-15;-104,-14;-104,-13;-104,-12;-103,-13;-102,-13;-101,-13;-100,-13;-99,-13;-98,-13;-101,-12;-100,-12;-97,-19;-97,-18;-97,-17;-97,-16;-97,-15;-97,-14;-97,-13;-97,-12
-106,-97
-106,-19
-106,-18
-105,-19
-105,-18
-106,-17
-105,-17
-106,-15
-106,-14
-105,-15
-105,-14
-105,-12
-105,-13
-106,-12
-106,-13
-105,-143;-105,-144;-105,-145;-105,-146;-105,-147;-104,-142;-104,-143;-104,-144;-104,-145;-104,-146;-104,-147;-103,-142;-103,-143;-103,-144;-103,-145;-103,-146;-103,-147;-102,-144;-102,-143;-102,-145;-102,-146;-102,-147
-105,-95
-104,138;-104,132;-104,133;-104,134;-104,135;-104,136;-104,137;-103,138;-103,132;-103,133;-103,134;-103,135;-103,136;-103,137;-102,138;-102,132;-102,133;-102,134;-102,135;-102,136;-102,137;-101,138;-101,132;-101,133;-101,134;-101,135;-101,136;-101,137;-100,138;-100,132;-100,133;-100,134;-100,135;-100,136;-100,137;-99,138;-99,132;-99,133;-99,134;-99,135;-99,136;-99,137;-98,138;-98,132;-98,133;-98,134;-98,135;-98,136;-98,137
-103,-97;-102,-97
-103,-21
-103,-19;-103,-18;-103,-17;-103,-16;-103,-15;-103,-14;-102,-19;-102,-18;-102,-17;-102,-16;-102,-15;-102,-14;-101,-19;-101,-18;-101,-17;-101,-16;-101,-15;-101,-14;-100,-19;-100,-18;-100,-17;-100,-16;-100,-15;-100,-14;-99,-19;-99,-18;-99,-17;-99,-16;-99,-15;-99,-14;-98,-19;-98,-18;-98,-17;-98,-16;-98,-15;-98,-14
-103,-12;-102,-12
-100,34;-101,34;-102,34
-102,41
-102,40
-102,39
-102,38
-102,37
-102,36
-102,35
-100,-21
-97,60;-97,59;-97,58;-97,57;-98,60;-98,59;-98,58;-98,57;-99,60;-99,59;-99,58;-99,57;-96,57;-96,58;-96,59;-96,60
-97,56
-97,55
-97,54
-97,53
-98,56
-98,55
-98,54
-98,53
-99,56
-99,55
-99,54
-99,53
-100,60
-100,59
-100,58
-100,57
-100,56
-100,55
-100,54
-100,53
-98,-21
-96,-17;-95,-17;-96,-16;-95,-16
-96,-15;-95,-15;-96,-14;-95,-14
-96,7;-95,7
-96,112;-95,112;-94,112;-93,112;-92,112;-96,111;-95,111;-94,111;-93,111;-92,111;-96,110;-95,110;-94,110;-93,110;-92,110;-96,109;-95,109;-94,109;-93,109;-92,109;-96,108;-95,108;-94,108;-93,108;-92,108
-92,-10;-92,-9;-92,-8;-92,-7;-92,-6;-92,-5;-92,-4;-92,-3;-92,-2;-92,-1;-92,0;-92,1;-92,2;-92,3;-92,4;-92,5;-92,6;-92,7;-92,8;-92,9;-91,-10;-91,-6;-91,-1;-91,0;-91,3;-91,6;-91,9;-90,-10;-90,-6;-90,-1;-90,0;-90,3;-90,6;-90,9;-89,-10;-89,-6;-89,-5;-89,-4;-89,-3;-89,-2;-89,-1;-89,0;-89,1;-89,2;-89,3;-89,4;-89,5;-89,6;-89,7;-89,8;-89,9;-88,-10;-88,-9;-88,-8;-88,-7;-88,-6;-88,-5;-88,-4;-88,-3;-88,-2;-88,-1;-88,0;-88,3;-88,6;-88,9;-87,-10;-87,-8;-87,-5;-87,-1;-87,0;-87,3;-87,6;-87,9;-86,-10;-86,-8;-86,-5;-86,-1;-86,0;-86,1;-86,2;-86,3;-86,4;-86,5;-86,6;-86,7;-86,8;-86,9;-85,-10;-85,-9;-85,-8;-85,-7;-85,-6;-85,-5;-85,-4;-85,-3;-85,-2;-85,-1;-85,0;-85,1;-85,2;-85,3;-85,5;-85,6;-85,9;-84,-10;-84,-5;-84,-4;-84,2;-84,3;-84,4;-84,5;-84,6;-84,9;-83,-10;-83,-5;-83,-4;-83,2;-83,6;-83,7;-83,8;-83,9;-82,-10;-82,-5;-82,-4;-82,2;-82,6;-82,7;-82,8;-82,9;-81,-10;-81,-5;-81,-4;-81,2;-81,3;-81,4;-81,5;-81,6;-81,9;-80,-10;-80,-9;-80,-8;-80,-7;-80,-6;-80,-5;-80,-4;-80,-3;-80,-2;-80,-1;-80,0;-80,1;-80,2;-80,3;-80,5;-80,6;-80,9;-79,-10;-79,-8;-79,-5;-79,-1;-79,0;-79,1;-79,2;-79,3;-79,4;-79,5;-79,6;-79,7;-79,8;-79,9;-78,-10;-78,-8;-78,-5;-78,-1;-78,0;-78,3;-78,6;-78,9;-77,-10;-77,-9;-77,-8;-77,-7;-77,-6;-77,-5;-77,-4;-77,-3;-77,-2;-77,-1;-77,0;-77,3;-77,6;-77,9;-76,-10;-76,-6;-76,-5;-76,-4;-76,-3;-76,-2;-76,-1;-76,0;-76,1;-76,2;-76,3;-76,4;-76,5;-76,6;-76,7;-76,8;-76,9;-75,-10;-75,-6;-75,-1;-75,0;-75,3;-75,6;-75,9;-74,-10;-74,-6;-74,-1;-74,0;-74,3;-74,6;-74,9;-73,-10;-73,-9;-73,-8;-73,-7;-73,-6;-73,-5;-73,-4;-73,-3;-73,-2;-73,-1;-73,0;-73,1;-73,2;-73,3;-73,4;-73,5;-73,6;-73,7;-73,8;-73,9
-91,-5;-91,-4;-90,-5;-90,-4
-91,-3;-91,-2;-90,-3;-90,-2
-91,1;-91,2;-90,1;-90,2
-91,4;-91,5;-90,4;-90,5
-91,7;-91,8;-90,7;-90,8
-88,1;-88,2;-87,1;-87,2
-88,4;-88,5;-87,4;-87,5
-88,7;-88,8;-87,7;-87,8
-87,-7;-87,-6;-86,-7;-86,-6
-87,-4;-87,-3;-87,-2;-86,-4;-86,-3;-86,-2
-85,4
-85,7;-85,8;-84,7;-84,8
-84,-9;-84,-8;-84,-7;-84,-6;-83,-9;-83,-8;-83,-7;-83,-6;-82,-9;-82,-8;-82,-7;-82,-6;-81,-9;-81,-8;-81,-7;-81,-6
-84,-3;-84,-2;-84,-1;-84,0;-84,1;-83,-3;-83,-2;-83,-1;-83,0;-83,1;-82,-3;-82,-2;-82,-1;-82,0;-82,1;-81,-3;-81,-2;-81,-1;-81,0;-81,1
-83,3;-83,4;-83,5;-82,3;-82,4;-82,5
-81,7;-81,8;-80,7;-80,8
-80,4
-79,-9;-78,-9
-79,-4;-79,-3;-79,-2;-78,-4;-78,-3;-78,-2
-78,1;-78,2;-77,1;-77,2
-78,4;-78,5;-77,4;-77,5
-78,7;-78,8;-77,7;-77,8
-76,-9;-76,-8;-76,-7;-75,-9;-75,-8;-75,-7;-74,-9;-74,-8;-74,-7
-75,-3;-75,-2;-74,-3;-74,-2
-75,4;-75,5;-74,4;-74,5
-75,7;-75,8;-74,7;-74,8
-91,-22
-90,-95
-87,-84;-87,-85;-87,-86;-88,-84;-88,-85;-88,-86;-89,-84;-89,-85;-89,-86
-88,-20
-86,-28
-82,83;-82,84;-82,85;-82,86;-83,83;-83,84;-83,85;-83,86;-84,83;-84,84;-84,85;-84,86;-85,83;-85,84;-85,85;-85,86
-81,59
-81,60
-80,59
-80,60
-75,71;-75,72;-75,73;-75,74;-75,75;-75,76;-75,77;-75,78;-76,76;-76,77;-76,78;-77,76;-78,76;-79,76;-80,74;-80,75;-80,76;-80,77;-80,78
-79,-63
-77,77;-78,77;-79,77;-77,78;-78,78;-79,78;-77,79;-78,79;-79,79
-75,-150;-75,-149;-74,-150;-74,-149
-73,-150;-73,-149;-72,-150;-72,-149
-71,-150;-71,-149;-70,-150;-70,-149
-71,-121;-71,-120;-70,-120;-70,-121
-71,-119;-71,-118;-70,-118;-70,-119;-69,-119;-69,-118
-71,116;-71,117
-70,-107
-70,-3;-70,-2;-69,-3;-69,-2
-70,12;-70,13;-69,12;-69,13
-69,-150;-69,-149;-68,-150;-68,-149
-69,14;-69,15;-69,16;-68,14;-68,15;-68,16;-67,14;-67,15;-67,16
-69,28;-69,29;-69,30;-69,31;-68,28;-68,29;-68,30;-68,31;-67,28;-67,29;-67,30;-67,31;-66,28;-66,29;-66,30;-66,31;-65,28;-65,29;-65,30;-65,31;-64,28;-64,29;-64,30;-64,31;-63,28;-63,29;-63,30;-63,31;-62,28;-62,29;-62,30;-62,31;-61,28;-61,29;-61,30;-61,31
-68,141
-67,-111;-67,-110;-67,-109;-66,-110;-66,-109;-65,-111;-65,-110;-65,-109;-64,-111;-64,-110;-64,-109
-67,5;-67,6;-66,5;-66,6
-65,-37
-63,-103;-62,-103;-63,-102;-62,-102;-63,-101;-62,-101
-62,126;-62,125
-60,-31
-59,-6
-58,-9;-58,-8;-57,-9;-57,-8
-55,-127
-54,-140
-54,92
-53,20;-53,21
-52,147;-51,147;-50,147;-49,147;-48,147;-47,147
-51,-133
-51,92;-50,92;-51,91;-50,91
-51,128;-51,129;-50,128;-50,129
-49,73;-48,73;-47,73
-47,133
-47,134
-47,135
-47,136
-47,137
-46,133
-46,134
-46,135
-46,136
-46,137
-45,133
-45,134
-45,135
-45,136
-45,137
-44,133
-44,134
-44,135
-44,136
-44,137
-43,133
-43,134
-43,135
-43,136
-43,137
-43,104;-42,104;-41,104;-40,104;-39,104;-38,104;-43,103;-42,103;-41,103;-40,103;-39,103;-38,103;-43,102;-42,102;-41,102;-40,102;-39,102
-42,133
-42,134
-42,135
-42,136
-42,137
-41,133
-41,134
-41,135
-41,136
-41,137
-40,133
-40,134
-40,135
-40,136
-40,137
-39,133
-39,134
-39,135
-39,136
-39,137
-38,133
-38,134
-38,135
-38,136
-38,137
-40,-59
-39,-3;-38,-3;-37,-3;-36,-3
-38,-37
-37,26;-36,26
-35,-60;-35,-59;-34,-60;-34,-59;-33,-60;-33,-59;-32,-60;-32,-59;-31,-60;-31,-59;-35,-58;-35,-57;-34,-58;-34,-57;-33,-57;-33,-58
-33,-56;-33,-55
-33,43
-32,-53
-32,-3
-30,-30
-26,-110
-28,-45
-26,140;-25,140
-25,7
-25,66
-22,37
-19,-110;-19,-111;-19,-112;-20,-110;-20,-111;-20,-112;-21,-110;-21,-111;-21,-112
-21,-113;-21,-114
-19,-59
-17,56;-17,57;-17,58;-17,59;-17,60;-17,61;-17,62;-17,63;-17,64;-17,65;-17,66;-17,67;-16,56;-16,57;-16,58;-16,59;-16,60;-16,61;-16,62;-16,63;-16,64;-16,65;-16,66;-16,67;-15,56;-15,57;-15,58;-15,59;-15,60;-15,61;-15,62;-15,63;-15,64;-15,65;-15,66;-15,67;-14,52;-14,53;-14,54;-14,55;-14,56;-14,57;-14,58;-14,59;-14,60;-14,61;-14,62;-14,63;-14,64;-14,65;-14,66;-14,67;-13,52;-13,53;-13,54;-13,55;-13,56;-13,57;-13,58;-13,59;-13,60;-13,61;-13,62;-13,63;-13,64;-13,65;-13,66;-13,67;-12,52;-12,53;-12,54;-12,55;-12,56;-12,57;-12,58;-12,59;-12,60;-12,61;-12,62;-12,63;-12,64;-12,65;-12,66;-12,67;-11,52;-11,53;-11,54;-11,55;-11,56;-11,57;-11,58;-11,59;-11,60;-11,61;-11,62;-11,63;-11,64;-11,65;-11,66;-11,67;-10,52;-10,53;-10,54;-10,55;-10,56;-10,57;-10,58;-10,59;-10,60;-10,61;-10,62;-10,63;-10,64;-10,65;-10,66;-10,67;-9,52;-9,53;-9,54;-9,55;-9,56;-9,57;-9,58;-9,59;-9,60;-9,61;-9,62;-9,63;-9,64;-9,65;-9,66;-9,67;-8,52;-8,53;-8,54;-8,55;-8,56;-8,57;-8,58;-8,59;-8,60;-8,61;-8,62;-8,63;-8,64;-8,65;-8,66;-8,67;-7,52;-7,53;-7,54;-7,55;-7,56;-7,57;-7,58;-7,59;-7,60;-7,61;-7,62;-7,63;-7,64;-7,65;-7,66;-7,67;-6,52;-6,53;-6,54;-6,55;-6,56;-6,57;-6,58;-6,59;-6,60;-6,61;-6,62;-6,63;-6,64;-6,65;-6,66;-6,67;-5,52;-5,53;-5,54;-5,55;-5,56;-5,57;-5,58;-5,59;-5,60;-5,61;-5,62;-5,63;-5,64;-5,65;-5,66;-5,67;-4,52;-4,53;-4,54;-4,55;-4,56;-4,57;-4,58;-4,59;-4,60;-4,61;-4,62;-4,63;-4,64;-4,65;-4,66;-4,67;-3,52;-3,53;-3,54;-3,55;-3,56;-3,57;-3,58;-3,59;-3,60;-3,61;-3,62;-3,63;-3,64;-3,65;-3,66;-3,67;-2,52;-2,53;-2,54;-2,55;-2,56;-2,57;-2,58;-2,59;-2,60;-2,61;-2,62;-2,63;-2,64;-2,65;-2,66;-2,67;-1,52;-1,53;-1,54;-1,55;-1,56;-1,57;-1,58;-1,59;-1,60;-1,61;-1,62;-1,63;-1,64;-1,65;-1,66;-1,67
-17,-21
-16,-46;-16,-45;-16,-44;-16,-43;-15,-46;-15,-45;-15,-44;-15,-43;-14,-46;-14,-45;-14,-44;-14,-43;-13,-46;-13,-45;-13,-44;-13,-43;-12,-46;-12,-45;-12,-44;-12,-43;-11,-46;-11,-45;-11,-44;-11,-43;-10,-46;-10,-45;-10,-44;-10,-43;-9,-46;-9,-45;-9,-44;-9,-43;-8,-46;-8,-45;-8,-44;-8,-43;-13,-49;-13,-48;-13,-47;-12,-49;-12,-48;-12,-47;-11,-49;-11,-48;-11,-47
-15,-115
-14,33;-14,34
-13,27
-8,-55
-4,-114
-4,-113
-4,-112
-3,-114
-3,-113
-3,-112
-2,-114
-2,-113
-2,-112
-1,-114
-1,-113
-1,-112
-3,-105
-2,-122
-2,13
-1,-97
2,16;3,16;4,16;5,16;2,17;3,17;4,17;5,17;2,18;3,18;4,18;5,18
5,35;6,35;7,35;7,34;6,34;5,34;5,33;6,33;7,33
7,32;7,31;6,31;5,31;5,32;6,32
4,-110;4,-111
5,117
11,145;11,146;11,147;11,148;11,149;12,145;12,146;12,147;12,148;12,149;13,145;13,146;13,147;13,148;13,149;14,145;14,146;14,147;14,148;14,149;15,145;15,146;15,147;15,148;15,149
12,-112;12,-111;13,-112;13,-111
14,150
19,-119
20,-35;20,-34
22,-118;23,-118
23,82;23,81;23,80;23,79;23,78;23,77;23,76;23,75;24,82;24,81;24,80;24,79;24,78;24,77;24,76;24,75;25,82;25,81;25,80;25,79;25,78;25,77;25,76;25,75;26,82;26,81;26,80;26,79;26,78;26,77;26,76;26,75;27,82;27,81;27,80;27,79;27,78;27,77;27,76;27,75;28,82;28,81;28,80;28,79;28,78
26,-143
28,9
29,-55;29,-56;30,-55;30,-56
30,135;30,136;30,137;31,135;31,136;31,137;32,135;32,136;32,137
38,-80
38,-81
38,-82
38,-83
37,-80
37,-81
37,-82
37,-83
36,-80
36,-81
36,-82
36,-83
35,-80
35,-81
35,-82
35,-83
36,109
38,103
40,-42;40,-41;40,-40;41,-41;41,-42;41,-40;42,-42;42,-41;42,-40
42,-79
48,52
52,25;53,25;54,25;55,25;56,25;57,25;58,25;59,25;52,24;53,24;54,24;55,24;56,24;57,24;58,24;59,24;52,23;53,23;54,23;55,23;56,23;57,23;58,23;59,23;52,22;53,22;54,22;55,22;56,22;57,22;58,22;59,22
52,26;52,27;53,26;53,27;54,26;54,27;55,26;55,27
55,-140
55,-135;55,-134;56,-135;56,-134
55,31;56,31
57,27;57,26;56,27;56,26;58,26;58,27;59,26;59,27
57,-32;58,-32;59,-32
59,-21;59,-22;60,-21;60,-22
61,-126;61,-125;61,-124
61,-111;62,-111;63,-111;64,-111;65,-111;66,-111;61,-112;62,-112;63,-112;66,-112
61,-27;61,-26;62,-27;62,-26
63,-116
64,30
64,31
65,31
65,30
66,-108
66,-107
66,-106
66,-105
66,-104
66,-103
66,30
66,31
67,-108
67,-107
67,-106
67,-105
67,-104
67,-103
68,-108
68,-107
68,-106
68,-105
68,-104
68,-103
69,-108
69,-107
69,-106
69,-105
69,-104
69,-103
70,-108
70,-107
70,-106
70,-105
70,-104
70,-103
70,29
74,40;74,41;74,42;74,43;74,44;74,45;74,46;75,46;78,46;78,45;79,46;79,45;80,46;80,45;75,40;75,41;75,42;75,43;75,44;75,45;76,40;76,41;76,42;76,43;76,44;76,45;76,46;77,40;77,41;77,42;77,43;77,44;77,45;77,46;78,40;78,41;78,42;78,43;78,44;79,40;79,41;79,42;79,43;79,44;80,40;80,41;80,42;80,43;80,44;81,40;81,41;81,42;81,43;81,44;81,45;81,46
74,48;75,48;76,50;74,50;75,50;74,49;75,49;76,49;76,48;77,48;77,49;77,50;78,50;78,49;78,48;74,47;75,47;76,47;77,47;78,47;81,47;80,47;79,47;81,51;79,50;79,49;79,48;80,51;81,50;81,49;81,48;80,50;80,49;80,48;80,52;80,53;81,53;81,52;80,54;81,56;80,55;81,55;80,56;81,54
74,51;75,56;75,55;75,54;75,53;75,52;75,51;74,56;74,55;74,54;74,53;74,52;76,56;76,55;76,54;76,53;76,52;76,51;77,56;77,55;77,54;77,53;77,52;77,51;78,56;78,55;78,54;78,53;78,52;78,51;79,56;79,55;79,54;79,53;79,52;79,51
76,-106;76,-105
77,-102;77,-101
78,-105
79,-137
83,46;84,46;82,40;82,41;82,42;82,43;82,44;82,45;82,46;83,41;83,42;83,43;83,44;83,45;84,41;84,42;84,43;84,44;84,45;83,40;84,40;85,40;85,41;85,42;85,43;86,41;86,42;86,43;87,41;87,42;87,43;88,41;88,42;88,43;89,41;89,42;89,43;90,41;90,42;90,43;85,44;86,44;87,44;88,44;89,44;90,44;85,45;86,45;87,45;88,45;89,45;90,45;85,46;86,46;86,40;87,40;87,46;88,46;89,46;90,46;88,40;89,40;90,40
81,-144;81,-143;81,-142;81,-141;82,-141;83,-141;84,-141;85,-141;82,-142;83,-142;84,-142;85,-142;82,-143;83,-143;84,-143;85,-143;82,-144;83,-144;84,-144;85,-144
88,-129
89,-76
90,-76
91,-76
92,-76
93,-76
94,-76
95,-76
96,-76
97,-76
98,-76
99,-76
100,-76
101,-76
102,-76
103,-76
104,-76
105,-76
106,-76
89,-77
90,-77
91,-77
92,-77
93,-77
94,-77
95,-77
96,-77
97,-77
98,-77
99,-77
100,-77
101,-77
102,-77
103,-77
104,-77
105,-77
106,-77
89,-78
90,-78
91,-78
92,-78
93,-78
94,-78
95,-78
96,-78
97,-78
98,-78
99,-78
100,-78
101,-78
102,-78
103,-78
104,-78
105,-78
106,-78
89,-79
90,-79
91,-79
92,-79
93,-79
94,-79
95,-79
96,-79
97,-79
98,-79
99,-79
100,-79
101,-79
102,-79
103,-79
104,-79
105,-79
106,-79
89,-80
90,-80
91,-80
92,-80
93,-80
94,-80
95,-80
96,-80
97,-80
98,-80
99,-80
100,-80
101,-80
102,-80
103,-80
104,-80
105,-80
106,-80
89,-81
90,-81
91,-81
92,-81
93,-81
94,-81
95,-81
96,-81
97,-81
98,-81
99,-81
100,-81
101,-81
102,-81
103,-81
104,-81
105,-81
106,-81
89,-82
90,-82
91,-82
92,-82
93,-82
94,-82
95,-82
96,-82
97,-82
98,-82
99,-82
100,-82
101,-82
102,-82
103,-82
104,-82
105,-82
106,-82
89,-83
90,-83
91,-83
92,-83
93,-83
94,-83
95,-83
96,-83
97,-83
98,-83
99,-83
100,-83
101,-83
102,-83
103,-83
104,-83
105,-83
106,-83
89,-84
90,-84
91,-84
92,-84
93,-84
94,-84
95,-84
96,-84
97,-84
98,-84
99,-84
100,-84
101,-84
102,-84
103,-84
104,-84
105,-84
106,-84
89,-85
90,-85
91,-85
92,-85
93,-85
94,-85
95,-85
96,-85
97,-85;98,-85;99,-85;100,-85;101,-85;102,-85;103,-85;104,-85;105,-85;106,-85;97,-86;98,-86;99,-86;100,-86;101,-86;102,-86;103,-86;104,-86;105,-86;106,-86;97,-87;98,-87;99,-87;100,-87;101,-87;102,-87;103,-87;104,-87;105,-87;106,-87;97,-88;98,-88;99,-88;100,-88;101,-88;102,-88;103,-88;104,-88;105,-88;106,-88;97,-89;98,-89;99,-89;100,-89;101,-89;102,-89;103,-89;104,-89;105,-89;106,-89;97,-90;98,-90;99,-90;100,-90;101,-90;102,-90;103,-90;104,-90;105,-90;106,-90;97,-91;98,-91;99,-91;100,-91;101,-91;102,-91;103,-91;104,-91;105,-91;106,-91;97,-92;98,-92;99,-92;100,-92;101,-92;102,-92;103,-92;104,-92;105,-92;106,-92;97,-93;98,-93;99,-93;100,-93;101,-93;102,-93;103,-93;104,-93;105,-93;106,-93;97,-94;98,-94;99,-94;100,-94;101,-94;102,-94;103,-94;104,-94;105,-94;106,-94
95,-86;96,-86;95,-87;96,-87
92,-129
94,21;95,21;96,21;97,21;94,22;94,23;95,22;95,23;96,22;96,23;97,22;97,23;98,22;98,23;99,22;99,23;98,21;99,21
95,98;96,98;97,98;98,98;95,99;96,99;97,99;98,99;95,100;96,100;97,100;98,100;95,101;96,101;97,101;98,101
99,-131;99,-130;100,-131;100,-130
99,36;99,37;99,38;100,36;100,37;100,38;101,36;101,37;101,38;102,36;102,37;102,38
104,-112;104,-111;105,-112;105,-111
110,-26;111,-26
116,-26;117,-25;117,-26;117,-27;118,-25;118,-26;118,-27;119,-25;119,-26;119,-27;120,-25;120,-26;120,-27;121,-25;121,-26;121,-27
121,-7
122,133;122,132
122,134;123,134;124,134
123,132;124,132;125,132;126,132;127,132;128,132
124,135;125,135
129,130;129,131;129,132;129,133;130,130;130,131;130,132;130,133;131,130;131,131;131,132;131,133;132,130;132,131;132,132;132,133
129,134;130,134;131,134;132,134
129,136;130,136;131,136;132,136;129,137;130,137;131,137;132,137
130,135;131,135
133,-23
133,36
135,-23
135,-10;135,-11;136,-10;136,-11;137,-10;137,-11;138,-10;138,-11
138,1;138,2;139,1;139,2
142,-146;143,-146;142,-145;143,-145;142,-144;143,-144
145,60;145,61;145,62;145,63;145,64;145,65;146,60;146,61;146,62;146,63;146,64;146,65;147,60;147,61;147,62;147,63;147,64;148,60;147,65;148,61;148,62;148,63;148,64;148,65;149,60;149,61;149,62;149,63;149,64;149,65
149,-83;149,-82
149,-70