-150,72;-149,72;-148,72;-147,72;-146,72;-145,72;-144,72;-143,72;-142,72;-141,72;-140,72;-139,72;-150,71;-149,71;-148,71;-147,71;-146,71;-145,71;-144,71;-143,71;-142,71;-141,71;-140,71;-139,71;-150,70;-149,70;-148,70;-147,70;-146,70;-145,70;-144,70;-143,70;-142,70;-141,70;-140,70;-139,70;-150,69;-149,69;-148,69;-147,69;-146,69;-145,69;-144,69;-143,69;-142,69;-141,69;-140,69;-139,69;-150,68;-149,68;-148,68;-147,68;-146,68;-145,68;-144,68;-143,68;-142,68;-141,68;-140,68;-139,68;-150,67;-149,67;-148,67;-147,67;-146,67;-145,67;-144,67;-143,67;-142,67;-141,67;-140,67;-139,67;-150,66;-149,66;-148,66;-147,66;-146,66;-145,66;-144,66;-143,66;-142,66;-141,66;-140,66;-139,66;-150,65;-149,65;-148,65;-147,65;-146,65;-145,65;-144,65;-143,65;-142,65;-141,65;-140,65;-139,65;-150,64;-149,64;-148,64;-147,64;-146,64;-145,64;-144,64;-143,64;-142,64;-141,64;-140,64;-139,64
-150,108
-148,110
-149,12;-148,12
-144,44
-144,46
-144,47
-143,45
-143,46
-143,47
-142,46;-142,47;-141,46;-141,47;-142,48;-141,48;-140,46;-140,47;-140,48
-141,45
-144,48
-143,48
-141,43
-140,43
-140,-117
-138,-116
-136,-36
-120,-43;-119,-43
-113,-36;-113,-37;-113,-38
-109,-93
-107,-97;-106,-97
-107,-94
-95,36;-95,35;-95,34;-96,36;-96,35;-96,34
-97,39;-97,38;-97,37;-98,39;-98,38;-98,37;-98,36;-98,35;-98,34;-99,39;-99,38;-99,37;-99,36;-99,35;-99,34;-100,39;-100,38;-100,37
-99,-94;-98,-94
-96,112;-95,112;-94,112;-93,112;-92,112;-96,111;-95,111;-94,111;-93,111;-92,111;-96,110;-95,110;-94,110;-93,110;-92,110;-96,109;-95,109;-94,109;-93,109;-92,109;-96,108;-95,108;-94,108;-93,108;-92,108
-87,-84;-87,-85;-87,-86;-88,-84;-88,-85;-88,-86;-89,-84;-89,-85;-89,-86
-88,-20
-86,47
-86,48
-86,49
-86,50
-85,47
-85,48
-85,49
-85,50
-84,47
-84,48
-84,49
-84,50
-83,47
-83,48
-83,49
-83,50
-84,-15
-75,-150;-75,-149;-74,-150;-74,-149
-74,-99
-73,-150;-73,-149;-72,-150;-72,-149
-71,-150;-71,-149;-70,-150;-70,-149
-64,-68;-64,-69;-64,-70;-64,-71;-63,-68;-63,-69;-63,-70;-63,-71;-62,-68;-62,-69;-62,-70;-62,-71;-61,-68;-61,-69;-61,-70;-61,-71;-60,-68;-60,-69;-60,-70;-60,-71;-59,-68;-59,-69;-59,-70;-59,-71
-69,-150;-69,-149;-68,-150;-68,-149
-69,-18
-65,-31;-65,-30;-64,-31;-64,-30;-63,-31;-63,-30;-62,-31;-62,-30
-65,117;-64,117
-62,126
-62,125
-61,-32
-59,-6
-54,23
-50,149;-49,149
-40,-59
-39,-3;-38,-3;-37,-3;-36,-3
-26,146
-25,66
-17,-110;-17,-111;-17,-112;-17,-113;-18,-110;-18,-111;-18,-112;-18,-113
-21,83;-21,84;-21,85;-21,86;-21,87;-21,88;-21,89;-21,90;-21,91;-21,92;-20,83;-20,84;-20,85;-20,86;-20,87;-20,88;-20,89;-20,90;-20,91;-20,92;-19,83;-19,84;-19,85;-19,86;-19,87;-19,88;-19,89;-19,90;-19,91;-19,92;-18,83;-18,84;-18,85;-18,86;-18,87;-18,88;-18,89;-18,90;-18,91;-18,92;-17,83;-17,84;-17,85;-17,86;-17,87;-17,88;-17,89;-17,90;-17,91;-17,92;-16,83;-16,84;-16,85;-16,86;-16,87;-16,88;-16,89;-16,90;-16,91;-16,92;-15,83;-15,84;-15,85;-15,86;-15,87;-15,88;-15,89;-15,90;-15,91;-15,92;-14,83;-14,84;-14,85;-14,86;-14,87;-14,88;-14,89;-14,90;-14,91;-14,92;-13,83;-13,84;-13,85;-13,86;-13,87;-13,88;-13,89;-13,90;-13,91;-13,92;-12,83;-12,84;-12,85;-12,86;-12,87;-12,88;-12,89;-12,90;-12,91;-12,92
-20,36
-13,68
-9,-91;-9,-90;-9,-89;-9,-88;-9,-87;-9,-86;-9,-85;-9,-84;-9,-83;-9,-82;-9,-81;-9,-80;-9,-79;-9,-78;-9,-77;-9,-76;-9,-75;-9,-74;-9,-73;-9,-72;-8,-91;-8,-90;-8,-89;-8,-88;-8,-87;-8,-86;-8,-85;-8,-84;-8,-83;-8,-82;-8,-81;-8,-80;-8,-79;-8,-78;-8,-77;-8,-76;-8,-75;-8,-74;-8,-73;-8,-72;-7,-91;-7,-90;-7,-89;-7,-88;-7,-87;-7,-86;-7,-85;-7,-83;-7,-82;-7,-81;-7,-80;-7,-79;-7,-78;-7,-77;-7,-76;-7,-75;-7,-74;-7,-73;-7,-72;-6,-91;-6,-90;-6,-89;-6,-88;-6,-87;-6,-86;-6,-85;-6,-84;-6,-83;-6,-82;-6,-81;-6,-80;-6,-79;-6,-78;-6,-77;-6,-76;-6,-75;-6,-74;-6,-73;-6,-72;-5,-91;-5,-90;-5,-89;-5,-88;-5,-87;-5,-86;-5,-85;-5,-84;-5,-83;-5,-82;-5,-81;-5,-80;-5,-79;-5,-78;-5,-77;-5,-76;-5,-75;-5,-74;-5,-73;-5,-72;-4,-91;-4,-90;-4,-89;-4,-88;-4,-87;-4,-86;-4,-85;-4,-84;-4,-83;-4,-82;-4,-81;-4,-80;-4,-79;-4,-78;-4,-77;-4,-76;-4,-75;-4,-74;-4,-73;-4,-72;-3,-91;-3,-90;-3,-89;-3,-88;-3,-87;-3,-86;-3,-85;-3,-84;-3,-83;-3,-82;-3,-81;-3,-80;-3,-79;-3,-78;-3,-77;-3,-76;-3,-75;-3,-74;-3,-73;-3,-72;-2,-91;-2,-90;-2,-89;-2,-88;-2,-87;-2,-86;-2,-85;-2,-84;-2,-83;-2,-82;-2,-81;-2,-80;-2,-79;-2,-78;-2,-77;-2,-76;-2,-75;-2,-74;-2,-73;-2,-72;-1,-91;-1,-90;-1,-89;-1,-88;-1,-87;-1,-86;-1,-85;-1,-84;-1,-83;-1,-82;-1,-81;-1,-80;-1,-79;-1,-78;-1,-77;-1,-76;-1,-75;-1,-74;-1,-73;-1,-72;0,-91;0,-90;0,-89;0,-88;0,-87;0,-86;0,-85;0,-84;0,-83;0,-82;0,-81;0,-80;0,-79;0,-78;0,-77;0,-76;0,-75;0,-74;0,-73;0,-72;1,-91;1,-90;1,-89;1,-88;1,-87;1,-86;1,-85;1,-84;1,-83;1,-82;1,-81;1,-80;1,-79;1,-78;1,-77;1,-76;1,-75;1,-74;1,-73;1,-72;2,-91;2,-90;2,-89;2,-88;2,-87;2,-86;2,-85;2,-84;2,-83;2,-82;2,-81;2,-80;2,-79;2,-78;2,-77;2,-76;2,-75;2,-74;2,-73;2,-72;3,-91;3,-90;3,-89;3,-88;3,-87;3,-86;3,-85;3,-84;3,-83;3,-82;3,-81;3,-80;3,-79;3,-78;3,-77;3,-76;3,-75;3,-74;3,-73;3,-72;4,-91;4,-90;4,-89;4,-88;4,-87;4,-86;4,-85;4,-84;4,-83;4,-82;4,-81;4,-80;4,-79;4,-78;4,-77;4,-76;4,-75;4,-74;4,-73;4,-72;5,-91;5,-90;5,-89;5,-88;5,-87;5,-86;5,-85;5,-84;5,-83;5,-82;5,-81;5,-80;5,-79;5,-78;5,-77;5,-76;5,-75;5,-74;5,-73;5,-72;6,-91;6,-90;6,-89;6,-88;6,-87;6,-86;6,-85;6,-84;6,-83;6,-82;6,-81;6,-80;6,-79;6,-78;6,-77;6,-76;6,-75;6,-74;6,-73;6,-72;7,-91;7,-90;7,-89;7,-88;7,-87;7,-86;7,-85;7,-84;7,-83;7,-82;7,-81;7,-80;7,-79;7,-78;7,-77;7,-76;7,-75;7,-74;7,-73;7,-72;8,-91;8,-90;8,-89;8,-88;8,-87;8,-86;8,-85;8,-84;8,-83;8,-82;8,-81;8,-80;8,-79;8,-78;8,-77;8,-76;8,-75;8,-74;8,-73;8,-72;9,-91;9,-90;9,-89;9,-88;9,-87;9,-86;9,-85;9,-84;9,-83;9,-82;9,-81;9,-80;9,-79;9,-78;9,-77;9,-76;9,-75;9,-74;9,-73;9,-72;10,-91;10,-90;10,-89;10,-88;10,-87;10,-86;10,-85;10,-84;10,-83;10,-82;10,-81;10,-80;10,-79;10,-78;10,-77;10,-76;10,-75;10,-74;10,-73;10,-72
-7,-84
-9,-9;-9,-8;-9,-7;-9,-6;-9,-5;-9,-4;-9,-3;-9,-2;-9,-1;-9,0;-9,1;-9,2;-9,3;-9,4;-9,5;-9,6;-9,7;-9,8;-9,9;-8,-9;-8,-8;-8,-7;-8,-6;-8,-5;-8,-4;-8,-3;-8,-2;-8,-1;-8,0;-8,1;-8,2;-8,3;-8,4;-8,5;-8,6;-8,7;-8,8;-8,9;-7,-9;-7,-8;-7,-7;-7,-6;-7,-5;-7,-4;-7,-3;-7,-2;-7,-1;-7,0;-7,1;-7,2;-7,3;-7,4;-7,5;-7,6;-7,7;-7,8;-7,9;-6,-9;-6,-8;-6,-7;-6,-6;-6,-5;-6,-4;-6,-3;-6,-2;-6,-1;-6,0;-6,1;-6,2;-6,3;-6,4;-6,5;-6,6;-6,7;-6,8;-6,9;-5,-9;-5,-8;-5,-7;-5,-6;-5,-5;-5,-4;-5,-3;-5,-2;-5,-1;-5,0;-5,1;-5,2;-5,3;-5,4;-5,5;-5,6;-5,7;-5,8;-5,9;-4,-9;-4,-8;-4,-7;-4,-6;-4,-5;-4,-4;-4,-3;-4,-2;-4,-1;-4,0;-4,1;-4,2;-4,3;-4,4;-4,5;-4,6;-4,7;-4,8;-4,9;-3,-9;-3,-8;-3,-7;-3,-6;-3,-5;-3,-4;-3,-3;-3,-2;-3,-1;-3,0;-3,1;-3,2;-3,3;-3,4;-3,5;-3,6;-3,7;-3,8;-3,9;-2,-9;-2,-8;-2,-7;-2,-6;-2,-5;-2,-4;-2,-3;-2,-2;-2,-1;-2,0;-2,1;-2,2;-2,3;-2,4;-2,5;-2,6;-2,7;-2,8;-2,9;-1,-9;-1,-8;-1,-7;-1,-6;-1,-5;-1,-4;-1,-3;-1,-2;-1,-1;-1,0;-1,1;-1,2;-1,3;-1,4;-1,5;-1,6;-1,7;-1,8;-1,9;0,-9;0,-8;0,-7;0,-6;0,-5;0,-4;0,-3;0,-2;0,-1;0,0;0,1;0,2;0,3;0,4;0,5;0,6;0,7;0,8;0,9;1,-9;1,-8;1,-7;1,-6;1,-5;1,-4;1,-3;1,-2;1,-1;1,0;1,1;1,2;1,3;1,4;1,5;1,6;1,7;1,8;1,9;2,-9;2,-8;2,-7;2,-6;2,-5;2,-4;2,-3;2,-2;2,-1;2,0;2,1;2,2;2,3;2,4;2,5;2,6;2,7;2,8;2,9;3,-9;3,-8;3,-7;3,-6;3,-5;3,-4;3,-3;3,-2;3,-1;3,0;3,1;3,2;3,3;3,4;3,5;3,6;3,7;3,8;3,9;4,-9;4,-8;4,-7;4,-6;4,-5;4,-4;4,-3;4,-2;4,-1;4,0;4,1;4,2;4,3;4,4;4,5;4,6;4,7;4,8;4,9;5,-9;5,-8;5,-7;5,-6;5,-5;5,-4;5,-3;5,-2;5,-1;5,0;5,1;5,2;5,3;5,4;5,5;5,6;5,7;5,8;5,9;6,-9;6,-8;6,-7;6,-6;6,-5;6,-4;6,-3;6,-2;6,-1;6,0;6,1;6,2;6,3;6,4;6,5;6,6;6,7;6,8;6,9;7,-9;7,-8;7,-7;7,-6;7,-5;7,-4;7,-3;7,-2;7,-1;7,0;7,1;7,2;7,3;7,4;7,5;7,6;7,7;7,8;7,9;8,-9;8,-8;8,-7;8,-6;8,-5;8,-4;8,-3;8,-2;8,-1;8,0;8,1;8,2;8,3;8,4;8,5;8,6;8,7;8,8;8,9;9,-9;9,-8;9,-7;9,-6;9,-5;9,-4;9,-3;9,-2;9,-1;9,0;9,1;9,2;9,3;9,4;9,5;9,6;9,7;9,8;9,9;10,-9;10,-8;10,-7;10,-6;10,-5;10,-4;10,-3;10,-2;10,-1;10,0;10,1;10,2;10,3;10,4;10,5;10,6;10,7;10,8;10,9
-1,120;-1,121;-1,122;0,120;0,121;0,122
2,-40
3,117;3,118;4,117;4,118
5,117;5,118;6,117;6,118
12,-112;12,-111;13,-112;13,-111
13,11;14,11;14,12;15,12
20,-120;20,-119;20,-118
20,-37
29,-55;29,-56;30,-55;30,-56
35,10;36,10
35,80;35,81;36,80;36,81
37,-115;37,-114
37,83
38,108
43,-110;43,-109;44,-110;44,-109;45,-110;45,-109;46,-110;46,-109
46,-12
48,-46;49,-46;47,-45;48,-45;49,-45;47,-44;48,-44;49,-44;47,-43;48,-43;49,-43
62,-149;62,-148;62,-147;63,-149;63,-148;63,-147;64,-149;64,-148;64,-147
65,-149;65,-148;65,-147;65,-146;66,-149;66,-148;66,-147;66,-146;67,-149;67,-148;67,-147;67,-146;68,-149;68,-148;68,-147;68,-146
72,-9;72,-8;72,-7;72,-6;72,-5;72,-4;72,-3;72,-2;72,-1;72,0;72,1;72,2;72,3;72,4;72,5;72,6;72,7;72,8;72,9;72,10;73,-9;73,-8;73,-7;73,-6;73,-5;73,-4;73,-3;73,-2;73,-1;73,0;73,1;73,2;73,3;73,4;73,5;73,6;73,7;73,8;73,9;73,10;74,-9;74,-8;74,-7;74,-6;74,-5;74,-4;74,-3;74,-2;74,-1;74,0;74,1;74,2;74,3;74,4;74,5;74,6;74,7;74,8;74,9;74,10;75,-9;75,-8;75,-7;75,-6;75,-5;75,-4;75,-3;75,-2;75,-1;75,0;75,1;75,2;75,3;75,4;75,5;75,6;75,7;75,8;75,9;75,10;76,-9;76,-8;76,-7;76,-6;76,-5;76,-4;76,-3;76,-2;76,-1;76,0;76,1;76,2;76,3;76,4;76,5;76,6;76,7;76,8;76,9;76,10;77,-9;77,-8;77,-7;77,-6;77,-5;77,-4;77,-3;77,-2;77,-1;77,0;77,1;77,2;77,3;77,4;77,5;77,6;77,7;77,8;77,9;77,10;78,-9;78,-8;78,-7;78,-6;78,-5;78,-4;78,-3;78,-2;78,-1;78,0;78,1;78,2;78,3;78,4;78,5;78,6;78,7;78,8;78,9;78,10;79,-9;79,-8;79,-7;79,-6;79,-5;79,-4;79,-3;79,-2;79,-1;79,0;79,1;79,2;79,3;79,4;79,5;79,6;79,7;79,8;79,9;79,10;80,-9;80,-8;80,-7;80,-6;80,-5;80,-4;80,-3;80,-2;80,-1;80,0;80,1;80,2;80,3;80,4;80,5;80,6;80,7;80,8;80,9;80,10;81,-9;81,-8;81,-7;81,-6;81,-5;81,-4;81,-3;81,-2;81,-1;81,0;81,1;81,2;81,3;81,4;81,5;81,6;81,7;81,8;81,9;81,10;82,-9;82,-8;82,-7;82,-6;82,-5;82,-4;82,-3;82,-2;82,-1;82,0;82,1;82,2;82,3;82,4;82,5;82,6;82,7;82,8;82,9;82,10;83,-9;83,-8;83,-7;83,-6;83,-5;83,-4;83,-3;83,-2;83,-1;83,0;83,1;83,2;83,3;83,4;83,5;83,6;83,7;83,8;83,9;83,10;84,-9;84,-8;84,-7;84,-6;84,-5;84,-4;84,-3;84,-2;84,-1;84,0;84,1;84,2;84,3;84,4;84,5;84,6;84,7;84,8;84,9;84,10;85,-9;85,-8;85,-7;85,-6;85,-5;85,-4;85,-3;85,-2;85,-1;85,0;85,1;85,2;85,3;85,4;85,5;85,6;85,7;85,8;85,9;85,10;86,-9;86,-8;86,-7;86,-6;86,-5;86,-4;86,-3;86,-2;86,-1;86,0;86,1;86,2;86,3;86,4;86,5;86,6;86,7;86,8;86,9;86,10;87,-9;87,-8;87,-7;87,-6;87,-5;87,-4;87,-3;87,-2;87,-1;87,0;87,1;87,2;87,3;87,4;87,5;87,6;87,7;87,8;87,9;87,10;88,-9;88,-8;88,-7;88,-6;88,-5;88,-4;88,-3;88,-2;88,-1;88,0;88,1;88,2;88,3;88,4;88,5;88,6;88,7;88,8;88,9;88,10;89,-9;89,-8;89,-7;89,-6;89,-5;89,-4;89,-3;89,-2;89,-1;89,0;89,1;89,2;89,3;89,4;89,5;89,6;89,7;89,8;89,9;89,10;90,-9;90,-8;90,-7;90,-6;90,-5;90,-4;90,-3;90,-2;90,-1;90,0;90,1;90,2;90,3;90,4;90,5;90,6;90,7;90,8;90,9;90,10;91,-9;91,-8;91,-7;91,-6;91,-5;91,-4;91,-3;91,-2;91,-1;91,0;91,1;91,2;91,3;91,4;91,5;91,6;91,7;91,8;91,9;91,10
78,-105
79,-137
96,-115;96,-114;96,-113;97,-116;97,-115;97,-114;97,-113;98,-116;98,-115;98,-114;98,-113;99,-116;99,-115;99,-114;99,-113;100,-116;100,-115;100,-114;100,-113
99,-131;99,-130;100,-131;100,-130
99,36;99,37;99,38;100,36;100,37;100,38;101,36;101,37;101,38;102,36;102,37;102,38
99,55
99,56
100,55
100,56
100,-138;100,-137;100,-136;101,-138;101,-137;101,-136;102,-138;102,-137;102,-136;103,-138;103,-137;103,-136
108,50
108,51
109,50
116,-119
126,-5
130,-140
140,-4;140,-5;140,-6;140,-7;140,-8;140,-9;140,-10;140,-11;141,-4;141,-5;141,-6;141,-7;141,-8;141,-9;141,-10;141,-11;142,-2;142,-3;142,-4;142,-5;142,-6;142,-7;142,-8;142,-9;142,-10;142,-11;143,-2;143,-3;143,-4;143,-5;143,-6;143,-7;143,-8;143,-9;143,-10;143,-11;144,-2;144,-3;144,-4;144,-5;144,-6;144,-7;144,-8;144,-9;144,-10;144,-11;145,-2;145,-3;145,-4;145,-5;145,-6;145,-7;145,-8;145,-9;145,-10;145,-11;146,-2;146,-3;146,-4;146,-5;146,-6;146,-7;146,-8;146,-9;146,-10;146,-11;147,-2;147,-3;147,-4;147,-5;147,-6;147,-7;147,-8;147,-9;147,-10;147,-11;148,-2;148,-3;148,-4;148,-5;148,-6;148,-7;148,-8;148,-9;148,-10;148,-11;149,-2;149,-3;149,-4;149,-5;149,-6;149,-7;149,-8;149,-9;149,-10;149,-11;141,-2;141,-3;140,-2;140,-3
145,-148;144,-148
145,60;145,61;145,62;145,63;145,64;145,65;146,60;146,61;146,62;146,63;146,64;146,65;147,60;147,61;147,62;147,63;147,64;148,60;147,65;148,61;148,62;148,63;148,64;148,65;149,60;149,61;149,62;149,63;149,64;149,65