-150,72;-149,72;-148,72;-147,72;-146,72;-145,72;-144,72;-143,72;-142,72;-141,72;-140,72;-139,72;-150,71;-149,71;-148,71;-147,71;-146,71;-145,71;-144,71;-143,71;-142,71;-141,71;-140,71;-139,71;-150,70;-149,70;-148,70;-147,70;-146,70;-145,70;-144,70;-143,70;-142,70;-141,70;-140,70;-139,70;-150,69;-149,69;-148,69;-147,69;-146,69;-145,69;-144,69;-143,69;-142,69;-141,69;-140,69;-139,69;-150,68;-149,68;-148,68;-147,68;-146,68;-145,68;-144,68;-143,68;-142,68;-141,68;-140,68;-139,68;-150,67;-149,67;-148,67;-147,67;-146,67;-145,67;-144,67;-143,67;-142,67;-141,67;-140,67;-139,67;-150,66;-149,66;-148,66;-147,66;-146,66;-145,66;-144,66;-143,66;-142,66;-141,66;-140,66;-139,66;-150,65;-149,65;-148,65;-147,65;-146,65;-145,65;-144,65;-143,65;-142,65;-141,65;-140,65;-139,65;-150,64;-149,64;-148,64;-147,64;-146,64;-145,64;-144,64;-143,64;-142,64;-141,64;-140,64;-139,64
-150,126;-149,126;-150,127;-149,127;-150,128;-149,128;-150,129;-149,129;-150,130;-149,130
-148,-137;-148,-136;-148,-135;-148,-134;-148,-133;-147,-137;-147,-136;-147,-135;-147,-134;-147,-133;-146,-137;-146,-136;-146,-135;-146,-134;-146,-133;-145,-137;-145,-136;-145,-135;-145,-134;-145,-133;-144,-137;-144,-136;-144,-135;-144,-134;-144,-133;-143,-137;-143,-136;-143,-135;-143,-134;-143,-133;-148,-132;-147,-132;-146,-132;-145,-132;-144,-132;-143,-132
-148,126;-147,126;-148,127;-147,127;-148,128;-147,128;-148,129;-147,129;-148,130;-147,130
-148,131;-147,131;-148,132;-147,132;-148,133;-147,133;-148,134;-147,134;-148,135;-147,135
-145,44;-145,45;-145,46;-145,47;-144,44;-144,45;-144,46;-144,47;-143,44;-143,45;-143,46;-143,47;-142,44;-142,45;-142,46;-142,47;-141,44;-141,45;-141,46;-141,47;-140,44;-140,45;-140,46;-140,47
-145,48
-144,48
-143,-117
-143,-7
-142,-126
-141,-119
-132,22
-124,-119;-125,-119;-126,-119;-127,-119;-128,-119;-129,-119;-130,-119;-131,-119;-124,-120;-125,-120;-126,-120;-127,-120;-128,-120;-129,-120;-130,-120;-131,-120;-124,-121;-125,-121;-126,-121;-127,-121;-128,-121;-129,-121;-130,-121;-131,-121;-124,-122;-125,-122;-127,-122;-126,-122;-128,-122;-129,-122;-130,-122;-131,-122;-124,-123;-125,-123;-126,-123;-127,-123;-128,-123;-129,-123;-130,-123;-131,-123;-124,-124;-125,-124;-126,-124;-127,-124;-128,-124;-129,-124;-130,-124;-131,-124;-124,-125;-125,-125;-126,-125;-127,-125;-128,-125;-129,-125;-130,-125;-131,-125;-124,-126;-125,-126;-126,-126;-127,-126;-128,-126;-129,-126;-131,-126;-130,-126;-116,-119;-117,-119;-118,-119;-119,-119;-120,-119;-121,-119;-122,-119;-123,-119;-116,-120;-117,-120;-118,-120;-119,-120;-120,-120;-121,-120;-122,-120;-123,-120;-116,-121;-117,-121;-118,-121;-119,-121;-120,-121;-121,-121;-122,-121;-123,-121;-116,-122;-118,-122;-117,-122;-119,-122;-120,-122;-121,-122;-122,-122;-123,-122;-116,-123;-117,-123;-118,-123;-119,-123;-120,-123;-121,-123;-122,-123;-123,-123;-116,-124;-117,-124;-118,-124;-119,-124;-120,-124;-121,-124;-122,-124;-123,-124;-116,-125;-117,-125;-118,-125;-119,-125;-120,-125;-121,-125;-122,-125;-123,-125;-116,-126;-117,-126;-118,-126;-119,-126;-120,-126;-121,-126;-122,-126;-123,-126
-131,-33
-129,-77
-128,-85;-127,-85
-127,-82;-126,-82
-126,84;-126,83
-125,-85
-115,132;-116,132;-117,132;-118,132;-119,132;-120,132;-121,132;-122,132;-123,132;-124,132;-115,133;-116,133;-117,133;-118,133;-119,133;-120,133;-121,133;-122,133;-123,133;-124,133;-115,134;-116,134;-117,134;-118,134;-119,134;-120,134;-121,134;-122,134;-123,134;-124,134;-115,135;-116,135;-117,135;-118,135;-119,135;-120,135;-121,135;-122,135;-123,135;-124,135;-117,136;-118,136;-119,136;-120,136;-121,136;-122,136;-117,137;-118,137;-119,137;-120,137;-121,137;-122,137
-123,-134;-123,-133;-123,-132;-123,-131;-123,-130;-123,-129;-123,-128;-123,-127;-122,-134;-122,-133;-122,-132;-122,-131;-122,-130;-122,-129;-122,-128;-122,-127;-121,-134;-121,-133;-121,-132;-121,-131;-121,-130;-121,-129;-121,-128;-121,-127;-120,-134;-120,-133;-120,-132;-120,-131;-120,-130;-120,-129;-120,-128;-120,-127;-119,-134;-119,-133;-119,-132;-119,-131;-119,-130;-119,-129;-119,-128;-119,-127;-118,-134;-118,-133;-118,-132;-118,-131;-118,-130;-118,-129;-118,-128;-118,-127;-117,-134;-117,-133;-117,-132;-117,-131;-117,-130;-117,-129;-117,-128;-117,-127;-116,-134;-116,-133;-116,-132;-116,-131;-116,-130;-116,-129;-116,-128;-116,-127
-123,-93
-120,-45;-119,-45
-116,-15;-116,-16;-116,-17;-116,-18;-116,-19;-117,-15;-117,-16;-117,-17;-117,-18;-117,-19;-118,-15;-118,-16;-118,-17;-118,-18;-118,-19;-119,-15;-119,-16;-119,-17;-119,-18;-119,-19;-120,-15;-120,-16;-120,-17;-120,-18;-120,-19
-115,25;-115,26;-115,27;-114,25;-114,26;-114,27;-113,25;-113,26;-113,27
-114,-33
-113,-56;-112,-56;-112,-55
-113,-45
-109,-32;-110,-32
-110,-25
-109,-26;-109,-27
-109,-25
-108,-41;-108,-40;-107,-41;-107,-40;-106,-41;-106,-40
-107,-94
-105,-143;-105,-144;-105,-145;-105,-146;-105,-147;-104,-142;-104,-143;-104,-144;-104,-145;-104,-146;-104,-147;-103,-142;-103,-143;-103,-144;-103,-145;-103,-146;-103,-147;-102,-144;-102,-143;-102,-145;-102,-146;-102,-147
-105,-7;-105,-6;-104,-7;-104,-6
-104,-95
-104,-45;-104,-44;-103,-45;-103,-44
-104,138;-104,132;-104,133;-104,134;-104,135;-104,136;-104,137;-103,138;-103,132;-103,133;-103,134;-103,135;-103,136;-103,137;-102,138;-102,132;-102,133;-102,134;-102,135;-102,136;-102,137;-101,138;-101,132;-101,133;-101,134;-101,135;-101,136;-101,137;-100,138;-100,132;-100,133;-100,134;-100,135;-100,136;-100,137;-99,138;-99,132;-99,133;-99,134;-99,135;-99,136;-99,137;-98,138;-98,132;-98,133;-98,134;-98,135;-98,136;-98,137
-102,-100;-102,-99;-101,-100;-101,-99
-102,-45
-102,-44
-99,126;-99,127;-99,128;-99,129;-100,126;-100,127;-100,128;-100,129;-101,126;-101,127;-101,128;-101,129;-102,126;-102,127;-102,128;-102,129
-101,-97
-101,-29
-101,146
-96,112;-95,112;-94,112;-93,112;-92,112;-96,111;-95,111;-94,111;-93,111;-92,111;-96,110;-95,110;-94,110;-93,110;-92,110;-96,109;-95,109;-94,109;-93,109;-92,109;-96,108;-95,108;-94,108;-93,108;-92,108
-95,-89;-95,-88;-95,-87;-94,-89;-94,-88;-94,-87
-93,14;-92,14
-92,-77;-92,-76;-91,-77;-91,-76;-92,-75;-91,-75
-90,108;-90,109;-89,108;-89,109;-88,108;-88,109;-90,110;-90,111;-89,110;-89,111;-88,110;-88,111
-87,-84;-87,-85;-87,-86;-88,-84;-88,-85;-88,-86;-89,-84;-89,-85;-89,-86
-88,-20
-87,-82
-81,59;-81,60;-80,59;-80,60
-75,-64
-75,-31
-74,-99
-73,-122
-73,26
-71,-119;-71,-118;-70,-118;-70,-119;-69,-119;-69,-118
-71,-107;-70,-107
-71,52;-71,53;-71,54;-71,55;-71,56;-71,57;-70,52;-70,53;-70,54;-70,55;-70,56;-70,57;-69,52;-69,53;-69,54;-69,55;-69,56;-69,57;-68,52;-68,53;-68,54;-68,55;-68,56;-68,57;-67,52;-67,53;-67,54;-67,55;-67,56;-67,57;-66,52;-66,53;-66,54;-66,55;-66,56;-66,57
-71,83;-70,83;-69,83;-71,82;-70,82;-69,82
-71,116
-69,-139
-69,-125;-69,-123;-69,-124
-69,-122;-69,-121;-69,-120
-69,28;-69,29;-69,30;-69,31;-68,28;-68,29;-68,30;-68,31;-67,28;-67,29;-67,30;-67,31;-66,28;-66,29;-66,30;-66,31;-65,28;-65,29;-65,30;-65,31;-64,28;-64,29;-64,30;-64,31;-63,28;-63,29;-63,30;-63,31;-62,28;-62,29;-62,30;-62,31;-61,28;-61,29;-61,30;-61,31
-68,-124
-68,-123;-67,-123;-66,-123
-68,-122
-68,-120;-68,-119;-68,-118
-67,-120
-66,-120
-68,-121
-67,-121
-66,-121
-67,-122
-66,-122
-67,3
-65,-123;-65,-122;-65,-121;-65,-120;-65,-119;-65,-118;-64,-123;-64,-122;-64,-121;-64,-120;-64,-119;-64,-118;-63,-123;-63,-122;-63,-121;-63,-120;-63,-119;-63,-118;-62,-123;-62,-122;-62,-121;-62,-120;-62,-119;-62,-118;-61,-123;-61,-122;-61,-121;-61,-120;-61,-119;-61,-118;-60,-123;-60,-122;-60,-121;-60,-120;-60,-119;-60,-118
-65,-37
-64,-128
-61,-111;-62,-111;-63,-111
-63,-110;-63,-109;-62,-109;-62,-110
-63,-108
-59,17;-59,16;-59,15;-60,17;-60,16;-60,15;-60,18;-59,18;-57,16;-57,15;-58,16;-58,15;-58,17;-58,18;-57,17;-57,18
-60,-31
-59,128;-58,128;-59,127;-58,127
-56,127;-56,128;-55,127;-55,128
-55,29
-54,-140
-54,-83
-53,-83
-54,-84
-53,-84
-54,-85
-53,-85
-54,-31
-54,128;-53,128;-54,127;-53,127
-53,-135
-52,48
-51,82;-51,83;-51,84;-50,82;-50,83;-50,84
-50,81
-47,133;-47,134;-47,135;-47,136;-47,137;-46,133;-46,134;-46,135;-46,136;-46,137;-45,133;-45,134;-45,135;-45,136;-45,137;-44,133;-44,134;-44,135;-44,136;-44,137;-43,133;-43,134;-43,135;-43,136;-43,137
-45,-115
-45,106;-45,107;-45,108;-44,106;-44,107;-44,108
-43,6
-43,104;-42,104;-41,104;-40,104;-39,104;-38,104;-43,103;-42,103;-41,103;-40,103;-39,103;-38,103;-43,102;-42,102;-41,102;-40,102;-39,102
-41,-27
-40,-59
-38,31
-36,-5
-35,-34
-31,-27
-30,-108;-30,-107;-29,-108;-29,-107
-30,53;-30,54;-30,55;-30,56;-30,57
-30,141;-29,141;-30,142;-29,142
-29,55;-29,56;-29,57;-29,58;-29,59;-29,60;-29,61;-29,62;-28,55;-28,56;-28,57;-28,58;-28,59;-28,60;-28,61;-28,62;-27,55;-27,56;-27,57;-27,58;-27,59;-27,60;-27,61;-27,62;-26,55;-26,56;-26,57;-26,58;-26,59;-26,60;-26,61;-26,62;-25,55;-25,56;-25,57;-25,58;-25,59;-25,60;-25,61;-25,62
-29,80;-29,81;-29,82;-29,83;-29,84;-29,85;-28,80;-28,81;-28,82;-28,83;-28,84;-28,85;-27,80;-27,81;-27,82;-27,83;-27,84;-27,85;-26,80;-26,81;-26,82;-26,83;-26,84;-26,85;-25,80;-25,81;-25,82;-25,83;-25,84;-25,85;-24,80;-24,81;-24,82;-24,83;-24,84;-24,85
-27,144;-28,144
-27,-40;-27,-39;-26,-40;-26,-39
-26,88;-26,89;-26,90;-26,91;-26,92;-25,88;-25,89;-25,90;-25,91;-25,92;-24,88;-24,89;-24,90;-24,91;-24,92;-23,88;-23,89;-23,90;-23,91;-23,92
-25,-8;-24,-8;-25,-9;-24,-9
-25,7
-25,14
-25,34;-25,35
-21,-53
-20,-133
-20,-132
-20,26;-19,26;-20,27;-19,27
-20,147;-20,146
-17,-127
-16,72;-16,73;-16,74;-16,75;-15,72;-15,73;-15,74;-15,75;-14,72;-14,73;-14,74;-14,75;-13,72;-13,73;-13,74;-13,75
-16,-111
-16,-46;-16,-45;-16,-44;-16,-43;-15,-46;-15,-45;-15,-44;-15,-43;-14,-46;-14,-45;-14,-44;-14,-43;-13,-46;-13,-45;-13,-44;-13,-43;-12,-46;-12,-45;-12,-44;-12,-43;-11,-46;-11,-45;-11,-44;-11,-43;-10,-46;-10,-45;-10,-44;-10,-43;-9,-46;-9,-45;-9,-44;-9,-43;-8,-46;-8,-45;-8,-44;-8,-43;-13,-49;-13,-48;-13,-47;-12,-49;-12,-48;-12,-47;-11,-49;-11,-48;-11,-47
-15,-115
-14,-15
-14,-13
-13,-108
-10,-147
-9,-128
-4,-40;-4,-39;-4,-38;-3,-40;-3,-39;-3,-38;-2,-40;-2,-39;-2,-38;-1,-40;-1,-39;-1,-38
-4,-34;-3,-34;-4,-35;-3,-35;-2,-34;-2,-35;-1,-35;-1,-34
-3,-105
-1,-97
2,-133;2,-132
2,-54;3,-54
2,16;3,16;4,16;5,16;2,17;3,17;4,17;5,17;2,18;3,18;4,18;5,18
7,-19
8,-142
8,56;8,57;9,56;9,57;8,58;8,59;8,60;9,58;9,59;9,60;10,56;10,57;10,58;11,56;11,57;11,58;12,56;12,57;12,58;10,59;10,60;11,59;11,60;12,59;12,60
11,70
13,-137
13,85;13,84;13,83;13,82;13,81;13,80;13,79;13,78;13,77;13,76;13,75;14,85;14,84;14,83;14,82;14,81;14,80;14,79;14,78;14,77;14,76;14,75;15,85;15,84;15,83;15,82;15,81;15,80;15,79;15,78;15,77;15,76;15,75;16,85;16,84;16,83;16,82;16,81;16,80;16,79;16,78;16,77;16,76;16,75;17,85;17,84;17,83;17,82;17,81;17,80;17,79;17,78;17,77;17,76;17,75;18,85;18,84;18,83;18,82;18,81;18,80;18,79;18,78;18,77;18,76;18,75;19,85;19,84;19,83;19,82;19,81;19,80;19,79;19,78;19,77;19,76;19,75;20,85;20,84;20,83;20,82;20,81;20,80;20,79;20,78;20,77;20,76;20,75;21,85;21,84;21,83;21,82;21,81;21,80;21,79;21,78;21,77;21,76;21,75;22,85;22,84;22,83;22,82;22,81;22,80;22,79;22,78;22,77;22,76;22,75
13,92;14,92;15,92;13,91;14,91;15,91;13,90;14,90;15,90
14,-66;14,-65;15,-66;15,-65;16,-66;16,-65
14,-24
14,100;14,101;14,102;14,103;14,104;15,100;15,101;15,102;15,103;15,104;16,100;16,101;16,102;16,103;16,104;17,100;17,101;17,102;17,103;17,104;18,101;18,102;18,103;18,104
15,-117;16,-117;17,-117
16,-15;16,-16;17,-15;17,-16
16,9
17,52;17,53;17,54;18,52;18,53;18,54
18,-119
20,125
21,5;22,5;23,5;24,5;25,5;26,5;27,5;28,5;29,5;21,6;22,6;23,6;24,6;25,6;26,6;27,6;28,6;29,6
22,69;22,70;22,71;23,69;23,70;23,71;24,69;24,70;24,71
23,-142;23,-143;24,-142;24,-143
23,85;23,84;23,83;24,85;24,84;24,83;25,85;25,84;25,83;26,85;26,84;26,83;27,85;27,84;27,83
24,-32
30,79
30,135;30,136;30,137;31,135;31,136;31,137;32,135;32,136;32,137
31,-119
32,10
33,10
34,20
35,-86
35,10;36,10
36,-31
36,-32
37,-115
37,-58;37,-57;38,-58;38,-57
38,103
40,-49;40,-48;40,-47;41,-49;41,-48;41,-47;42,-49;42,-48;42,-47
40,-42;40,-41;40,-40;41,-41;41,-42;41,-40;42,-42;42,-41;42,-40
40,47;40,48;40,49;41,47;41,48;41,49;42,47;42,48;42,49;43,47;43,48;43,49
41,81
45,61
47,-46;48,-46;49,-46;47,-45;48,-45;49,-45;47,-44;48,-44;49,-44;47,-43;48,-43;49,-43
48,-85;48,-84;49,-85;49,-84;50,-85;50,-84
49,94
50,74
52,26;52,27;53,26;53,27;54,26;54,27;55,26;55,27
57,136;58,136;59,136;57,137;58,137;59,137
59,-120
64,-127;64,-126;65,-127;65,-126
65,-124
67,29
68,-4
69,-27
69,-5
69,-4
72,6;72,7;72,8;72,9;72,10;73,6;73,7;73,8;73,9;73,10;74,6;74,7;74,8;74,9;74,10;75,6;75,7;75,8;75,9;75,10;76,6;76,7;76,8;76,9;76,10
74,-137;74,-138;75,-137;75,-138;76,-137;76,-138;77,-137;77,-138
74,-106;74,-105;75,-106;75,-105
74,-103
74,48;75,48;76,50;74,50;75,50;74,49;75,49;76,49;76,48;77,48;77,49;77,50;78,50;78,49;78,48;74,47;75,47;76,47;77,47;78,47;81,47;80,47;79,47;81,51;79,50;79,49;79,48;80,51;81,50;81,49;81,48;80,50;80,49;80,48;80,52;80,53;81,53;81,52;80,54;81,56;80,55;81,55;80,56;81,54
78,-105
79,-137
83,46;84,46;82,40;82,41;82,42;82,43;82,44;82,45;82,46;83,41;83,42;83,43;83,44;83,45;84,41;84,42;84,43;84,44;84,45;83,40;84,40;85,40;85,41;85,42;85,43;86,41;86,42;86,43;87,41;87,42;87,43;88,41;88,42;88,43;89,41;89,42;89,43;90,41;90,42;90,43;85,44;86,44;87,44;88,44;89,44;90,44;85,45;86,45;87,45;88,45;89,45;90,45;85,46;86,46;86,40;87,40;87,46;88,46;89,46;90,46;88,40;89,40;90,40
81,-138
84,-16
85,-148;86,-148
91,44
92,44
93,44
94,44
91,45
92,45
93,45
94,45
85,48
85,54
86,54
85,53
86,53
85,52
86,52
85,51
86,51
85,50
86,50
85,49
86,49
86,48
87,51
87,52
88,51
88,52
89,51
89,52
90,51
90,52
87,48
87,49
87,50
88,48
88,49
88,50
89,48
89,49
89,50
90,48
90,49
90,50
85,47
86,47
91,48
91,52
91,51
91,50
91,49
92,52
92,51
92,50
92,49
92,48
93,52
93,51
93,50
93,49
93,48
94,52
94,51
94,50
94,49
94,48
87,47
88,47
89,47
90,47
91,46
91,47
92,46
92,47
93,46
93,47
94,46
94,47
90,-111;90,-110
93,-129
94,-32;94,-31;94,-30;94,-29;94,-28;95,-32;95,-31;95,-30;95,-29;95,-28;96,-32;96,-31;96,-30;96,-29;96,-28;97,-32;97,-31;97,-30;97,-29;97,-28;98,-32;98,-31;98,-30;98,-29;98,-28;99,-32;99,-31;99,-30;99,-29;99,-28
94,21;95,21;96,21;97,21;94,22;94,23;95,22;95,23;96,22;96,23;97,22;97,23;98,22;98,23;99,22;99,23;98,21;99,21
96,-111
96,-110
96,-109
96,-108
96,-107
96,-106
97,-111
97,-110
97,-109
97,-108
97,-107
97,-106
98,-111
98,-110
98,-109
98,-108
98,-107
98,-106
99,-111
99,-110
99,-109
99,-108
99,-107
99,-106
100,-111
100,-110
100,-109
100,-108
100,-107
100,-106
99,-131;99,-130;100,-131;100,-130
100,83;100,84;100,85;100,86;101,83;101,84;101,85;101,86;102,83;102,84;102,85;102,86;103,83;103,84;103,85;103,86
101,-108
101,-109
101,-110
101,-101
102,-110
102,-109
102,-108
102,-107
102,-106
103,-110
103,-109
103,-108
103,-107
103,-106
103,-137
103,36;103,37;103,38;104,36;104,37;104,38;105,36;105,37;105,38;106,36;106,37;106,38
108,-120
111,-21;111,-22;108,-23;109,-23;110,-23;111,-23;112,-23;110,-24;111,-24;112,-22;111,-25;112,-24;112,-25;113,-25
110,-26;111,-26
114,-22
118,-110;119,-110
119,-12;120,-12;119,-11;120,-11
119,130;119,131;120,130;120,131
121,-100
123,-122;124,-122
123,-119
125,-5
126,-101;126,-100
126,-16;127,-16
131,64;131,65;131,66
133,-5
135,-13
136,-13
136,-144
137,-144
136,-143
137,-143
136,-142
137,-142
138,-142
139,-142
136,-141
137,-141
138,-141
139,-141
137,-6;138,-6
137,-2;137,-3;138,-2;138,-3
138,8
139,-74;139,-73;140,-74;140,-73
139,-4;139,-3;139,-2
142,-146;143,-146;142,-145;143,-145;142,-144;143,-144
143,-14
145,-148;144,-148
144,-119
144,-34;144,-35
145,60;145,61;145,62;145,63;145,64;145,65;146,60;146,61;146,62;146,63;146,64;146,65;147,60;147,61;147,62;147,63;147,64;148,60;147,65;148,61;148,62;148,63;148,64;148,65;149,60;149,61;149,62;149,63;149,64;149,65
150,64;150,63;150,65;150,66;150,67;150,68;150,69;150,70;150,71;150,72;150,73;151,63;151,64;151,65;151,66;151,67;151,68;151,69;151,70;151,71;151,72;151,73;152,63;152,64;152,65;152,66;152,67;152,68;152,69;152,70;152,71;152,72;152,73;153,63;153,64;153,65;153,66;153,67;153,68;153,69;153,70;153,71;153,72;153,73;154,63;154,64;154,65;154,66;154,67;154,68;154,69;154,70;154,71;154,72;154,73;155,63;155,64;155,65;155,66;155,67;155,68;155,69;155,70;155,71;155,72;155,73;156,63;156,64;156,65;156,66;156,67;156,68;156,69;156,70;156,71;156,72;156,73;157,63;157,64;157,65;157,66;157,67;157,68;157,69;157,70;157,71;157,72;157,73;158,63;158,64;158,65;158,66;158,67;158,68;158,69;158,70;158,71;158,72;158,73;159,63;159,64;159,65;159,66;159,67;159,68;159,69;159,70;159,71;159,72;159,73;160,63;160,64;160,65;160,66;160,67;160,68;160,69;160,70;160,71;160,72;160,73