-148,-137;-148,-136;-148,-135;-148,-134;-148,-133;-147,-137;-147,-136;-147,-135;-147,-134;-147,-133;-146,-137;-146,-136;-146,-135;-146,-134;-146,-133;-145,-137;-145,-136;-145,-135;-145,-134;-145,-133;-144,-137;-144,-136;-144,-135;-144,-134;-144,-133;-143,-137;-143,-136;-143,-135;-143,-134;-143,-133;-142,-137;-142,-136;-142,-135;-142,-134;-142,-133;-141,-137;-141,-136;-141,-135;-141,-134;-141,-133;-140,-137;-140,-136;-140,-135;-140,-134;-140,-133
-148,-132
-147,-132
-146,-132
-145,-132
-144,-132
-143,-132
-119,69
-119,68
-119,67
-129,-77
-128,90;-128,89
-120,-43;-119,-43
-119,70
-118,-6;-118,-5;-117,-6;-117,-5
-118,67
-117,67
-116,67
-118,68
-117,68
-116,68
-118,69
-118,70
-117,69
-117,70
-116,69
-116,70
-114,-6;-114,-5;-114,-4;-113,-6;-113,-5;-113,-4;-112,-6;-112,-5;-112,-4;-111,-6;-111,-5;-111,-4
-109,-32
-107,-94
-106,-26
-95,41;-96,41;-97,41;-98,41;-99,41;-100,41;-101,41;-102,41
-95,36;-95,35;-95,34;-96,36;-96,35;-96,34;-97,36;-97,35;-97,34
-97,39;-97,38;-97,37;-98,39;-98,38;-98,37;-98,36;-98,35;-98,34;-99,39;-99,38;-99,37;-99,36;-99,35;-99,34;-100,39;-100,38;-100,37
-100,36;-100,35;-100,34;-101,36;-101,35;-101,34;-102,36;-102,35;-102,34
-102,40;-102,39;-102,38
-102,37
-91,57
-91,58
-91,59
-90,57
-90,58
-90,59
-89,57
-89,58
-89,59
-90,-81
-87,-84;-87,-85;-87,-86;-88,-84;-88,-85;-88,-86;-89,-84;-89,-85;-89,-86
-88,59
-86,137;-86,138;-86,139;-86,140;-86,141;-85,137;-85,138;-85,139;-85,140;-85,141;-84,137;-84,138;-84,139;-84,140;-84,141;-83,137;-83,138;-83,139;-83,140;-83,141;-82,137;-82,138;-82,139;-82,140;-82,141;-81,137;-81,138;-81,139;-81,140;-81,141
-84,135
-84,136
-83,135
-83,136
-82,135
-82,136
-81,135
-81,136
-80,135
-80,136
-80,137
-80,138
-80,139
-75,-150;-75,-149;-74,-150;-74,-149
-73,-150;-73,-149;-72,-150;-72,-149
-71,-150;-71,-149;-70,-150;-70,-149
-70,67
-70,68
-70,69
-70,70
-69,67
-69,68
-69,69
-69,70
-68,67
-68,68
-68,69
-68,70
-67,59;-67,60;-66,59;-66,60
-67,67
-67,68
-67,69
-67,70
-69,-150;-69,-149;-68,-150;-68,-149
-62,-125
-56,2
-54,88
-46,30
-46,31
-39,-3;-38,-3;-37,-3;-36,-3
-27,27;-27,28;-26,28;-26,27
-23,109;-23,110;-23,106;-23,107;-23,108;-22,106;-22,107;-22,108;-22,109;-22,110;-21,106;-21,107;-21,108;-21,109;-21,110;-20,106;-20,107;-20,108;-20,109;-20,110;-19,106;-19,107;-19,108;-19,109;-19,110;-18,106;-18,107;-18,108;-18,109;-18,110
-26,88;-26,89;-26,90;-26,91;-26,92;-25,88;-25,89;-25,90;-25,91;-25,92;-24,88;-24,89;-24,90;-24,91;-24,92;-23,88;-23,89;-23,90;-23,91;-23,92
-9,-91;-9,-90;-9,-89;-9,-88;-9,-87;-9,-86;-9,-85;-9,-84;-9,-83;-9,-82;-9,-81;-9,-80;-9,-79;-9,-78;-9,-77;-9,-76;-9,-75;-9,-74;-9,-73;-9,-72;-8,-91;-8,-90;-8,-89;-8,-88;-8,-87;-8,-86;-8,-85;-8,-84;-8,-83;-8,-82;-8,-81;-8,-80;-8,-79;-8,-78;-8,-77;-8,-76;-8,-75;-8,-74;-8,-73;-8,-72;-7,-91;-7,-90;-7,-89;-7,-88;-7,-87;-7,-86;-7,-85;-7,-84;-7,-83;-7,-82;-7,-81;-7,-80;-7,-79;-7,-78;-7,-77;-7,-76;-7,-75;-7,-74;-7,-73;-7,-72;-6,-91;-6,-90;-6,-89;-6,-88;-6,-87;-6,-86;-6,-85;-6,-84;-6,-83;-6,-82;-6,-81;-6,-80;-6,-79;-6,-78;-6,-77;-6,-76;-6,-75;-6,-74;-6,-73;-6,-72;-5,-91;-5,-90;-5,-89;-5,-88;-5,-87;-5,-86;-5,-85;-5,-84;-5,-83;-5,-82;-5,-81;-5,-80;-5,-79;-5,-78;-5,-77;-5,-76;-5,-75;-5,-74;-5,-73;-5,-72;-4,-91;-4,-90;-4,-89;-4,-88;-4,-87;-4,-86;-4,-85;-4,-84;-4,-83;-4,-82;-4,-81;-4,-80;-4,-79;-4,-78;-4,-77;-4,-76;-4,-75;-4,-74;-4,-73;-4,-72;-3,-91;-3,-90;-3,-89;-3,-88;-3,-87;-3,-86;-3,-85;-3,-84;-3,-83;-3,-82;-3,-81;-3,-80;-3,-79;-3,-78;-3,-77;-3,-76;-3,-75;-3,-74;-3,-73;-3,-72;-2,-91;-2,-90;-2,-89;-2,-88;-2,-87;-2,-86;-2,-85;-2,-84;-2,-83;-2,-82;-2,-81;-2,-80;-2,-79;-2,-78;-2,-77;-2,-76;-2,-75;-2,-74;-2,-73;-2,-72;-1,-91;-1,-90;-1,-89;-1,-88;-1,-87;-1,-86;-1,-85;-1,-84;-1,-83;-1,-82;-1,-81;-1,-80;-1,-79;-1,-78;-1,-77;-1,-76;-1,-75;-1,-74;-1,-73;-1,-72;0,-91;0,-90;0,-89;0,-88;0,-87;0,-86;0,-85;0,-84;0,-83;0,-82;0,-81;0,-80;0,-79;0,-78;0,-77;0,-76;0,-75;0,-74;0,-73;0,-72;1,-91;1,-90;1,-89;1,-88;1,-87;1,-86;1,-85;1,-84;1,-83;1,-82;1,-81;1,-80;1,-79;1,-78;1,-77;1,-76;1,-75;1,-74;1,-73;1,-72;2,-91;2,-90;2,-89;2,-88;2,-87;2,-86;2,-85;2,-84;2,-83;2,-82;2,-81;2,-80;2,-79;2,-78;2,-77;2,-76;2,-75;2,-74;2,-73;2,-72;3,-91;3,-90;3,-89;3,-88;3,-87;3,-86;3,-85;3,-84;3,-83;3,-82;3,-81;3,-80;3,-79;3,-78;3,-77;3,-76;3,-75;3,-74;3,-73;3,-72;4,-91;4,-90;4,-89;4,-88;4,-87;4,-86;4,-85;4,-84;4,-83;4,-82;4,-81;4,-80;4,-79;4,-78;4,-77;4,-76;4,-75;4,-74;4,-73;4,-72;5,-91;5,-90;5,-89;5,-88;5,-87;5,-86;5,-85;5,-84;5,-83;5,-82;5,-81;5,-80;5,-79;5,-78;5,-77;5,-76;5,-75;5,-74;5,-73;5,-72;6,-91;6,-90;6,-89;6,-88;6,-87;6,-86;6,-85;6,-84;6,-83;6,-82;6,-81;6,-80;6,-79;6,-78;6,-77;6,-76;6,-75;6,-74;6,-73;6,-72;7,-91;7,-90;7,-89;7,-88;7,-87;7,-86;7,-85;7,-84;7,-83;7,-82;7,-81;7,-80;7,-79;7,-78;7,-77;7,-76;7,-75;7,-74;7,-73;7,-72;8,-91;8,-90;8,-89;8,-88;8,-87;8,-86;8,-85;8,-84;8,-83;8,-82;8,-81;8,-80;8,-79;8,-78;8,-77;8,-76;8,-75;8,-74;8,-73;8,-72;9,-91;9,-90;9,-89;9,-88;9,-87;9,-86;9,-85;9,-84;9,-83;9,-82;9,-81;9,-80;9,-79;9,-78;9,-77;9,-76;9,-75;9,-74;9,-73;9,-72;10,-91;10,-90;10,-89;10,-88;10,-87;10,-86;10,-85;10,-84;10,-83;10,-82;10,-81;10,-80;10,-79;10,-78;10,-77;10,-76;10,-75;10,-74;10,-73;10,-72
-8,108;-8,109;-7,108;-7,109
-4,-34;-3,-34;-4,-35;-3,-35;-2,-34;-2,-35;-1,-35;-1,-34
-3,105;-3,106;-3,107;-3,108;-3,109;-2,105;-2,106;-2,107;-2,108;-2,109;-1,105;-1,106;-1,107;-1,108;-1,109;0,105;0,106;0,107;0,108;0,109
-2,-66;-2,-65;-1,-66;-1,-65
1,95;1,96
1,112;1,113;1,114;1,115;1,116;2,112;2,113;2,114;2,115;2,116;3,112;3,113;3,114;3,115;3,116;4,112;4,113;4,114;4,115;4,116;5,112;5,113;5,114;5,115;5,116;6,112;6,113;6,114;6,115;6,116;7,112;7,113;7,114;7,115;7,116;8,112;8,113;8,114;8,115;8,116;9,112;9,113;9,114;9,115;9,116
2,95;2,96;3,95;3,96;4,95;4,96;5,95;5,96;6,95;6,96;7,95;7,96;8,95;8,96;9,95;9,96;10,95;10,96
3,-35
7,118
11,-63
12,95;12,96;12,97
13,-90
13,95;13,96;13,97;14,95;14,96;14,97
15,95;15,96;15,97;16,95;16,96;16,97;17,95;17,96;17,97;18,95;18,96;18,97;19,95;19,96;19,97;20,95;20,96;20,97;21,95;21,96;21,97;22,95;22,96;22,97;23,95;23,96;23,97;24,95;24,96;24,97
19,101;19,102;20,101;20,102;21,101;21,102;22,101;22,102;23,101;23,102;24,101;24,102
19,103;19,104
20,103;20,104;21,103;21,104;22,103;22,104;23,103;23,104;24,103;24,104
35,-79;35,-78;36,-78;35,-77;35,-76;36,-79;36,-77;36,-76;37,-79;37,-78;37,-77;37,-76
35,80;35,81;36,80;36,81
40,-5
42,-55
47,-46;48,-46;49,-46;47,-45;48,-45;49,-45;47,-44;48,-44;49,-44;47,-43;48,-43;49,-43
49,-89
64,-127;64,-126;65,-127;65,-126
78,-105
79,-137
95,47
96,47
99,48
96,-132;96,-131;97,-132;97,-131;98,-132;98,-131
96,-115;96,-114;96,-113;97,-116;97,-115;97,-114;97,-113;98,-116;98,-115;98,-114;98,-113;99,-116;99,-115;99,-114;99,-113;100,-116;100,-115;100,-114;100,-113
96,-104
99,-131;99,-130;100,-131;100,-130
100,55;101,55
104,52;104,53
104,41
104,42
104,60
106,48;107,48;108,48
106,50;107,50
106,51
109,49
109,50
116,-26;117,-25;117,-26;117,-27;118,-25;118,-26;118,-27;119,-25;119,-26;119,-27;120,-25;120,-26;120,-27;121,-25;121,-26;121,-27
118,-23
124,42;124,43;124,44;124,45;124,46;124,47;124,48;124,49;124,50;124,51;124,52;124,53;124,54;124,55;125,41;125,42;125,43;125,44;125,45;125,46;125,47;125,48;125,49;125,50;125,51;125,52;125,53;125,54;125,55;126,41;126,42;126,43;126,44;126,45;126,46;126,47;126,48;126,49;126,50;127,44;127,45;127,46;127,47;127,48;127,49;127,50;128,44;128,45;128,46;128,47;128,48;128,49;128,50;129,44;129,45;129,46;129,47;129,48;129,49;129,50;130,44;130,45;130,46;130,47;130,48;130,49;130,50;131,44;131,45;131,46;131,47;131,48;131,49;131,50;132,44;132,45;132,46;132,47;132,48;132,49;132,50;126,51;126,52;126,53;126,54;126,55;127,41;127,42;127,43;127,51;127,52;127,53;127,54;127,55;128,41;128,42;128,43;128,51;128,52;128,53;128,54;128,55;129,41;129,42;129,43;129,51;129,52;129,53;129,54;129,55;130,41;130,42;130,43;130,51;130,52;130,53;130,54;130,55;131,41;131,42;131,43;131,51;131,52;131,53;131,54;131,55;132,41;132,42;132,43;132,51;132,52;132,53;132,54;132,55;133,41;133,42;133,43;133,44;133,45;133,46;133,47;133,48;133,49;133,50;133,51;133,52;133,53;133,54;133,55
126,-5
127,-116;128,-116;129,-116;130,-116
137,-2;137,-3;138,-2;138,-3
145,60;145,61;145,62;145,63;145,64;145,65;146,60;146,61;146,62;146,63;146,64;146,65;147,60;147,61;147,62;147,63;147,64;148,60;147,65;148,61;148,62;148,63;148,64;148,65;149,60;149,61;149,62;149,63;149,64;149,65