-150,-87
-150,72;-149,72;-148,72;-147,72;-146,72;-145,72;-144,72;-143,72;-142,72;-141,72;-140,72;-139,72;-150,71;-149,71;-148,71;-147,71;-146,71;-145,71;-144,71;-143,71;-142,71;-141,71;-140,71;-139,71;-150,70;-149,70;-148,70;-147,70;-146,70;-145,70;-144,70;-143,70;-142,70;-141,70;-140,70;-139,70;-150,69;-149,69;-148,69;-147,69;-146,69;-145,69;-144,69;-143,69;-142,69;-141,69;-140,69;-139,69;-150,68;-149,68;-148,68;-147,68;-146,68;-145,68;-144,68;-143,68;-142,68;-141,68;-140,68;-139,68;-150,67;-149,67;-148,67;-147,67;-146,67;-145,67;-144,67;-143,67;-142,67;-141,67;-140,67;-139,67;-150,66;-149,66;-148,66;-147,66;-146,66;-145,66;-144,66;-143,66;-142,66;-141,66;-140,66;-139,66;-150,65;-149,65;-148,65;-147,65;-146,65;-145,65;-144,65;-143,65;-142,65;-141,65;-140,65;-139,65;-150,64;-149,64;-148,64;-147,64;-146,64;-145,64;-144,64;-143,64;-142,64;-141,64;-140,64;-139,64
-146,-120
-146,-22;-146,-21
-146,122
-146,146
-143,120
-143,121
-143,122
-144,120
-144,121
-144,122
-145,120
-145,121
-145,122
-143,45;-143,46;-143,47
-143,-117
-143,-7
-142,-116
-141,130;-140,130;-139,130;-138,130;-137,130;-141,129;-140,129;-139,129;-138,129;-137,129;-141,128;-140,128;-139,128;-138,128;-137,128;-141,127;-140,127;-139,127;-138,127;-137,127;-141,126;-140,126;-139,126;-138,126;-137,126
-140,-119
-140,-117
-137,-42
-136,-116
-135,4
-135,5
-135,6
-135,7
-135,8
-134,4
-134,5
-134,6
-134,7
-134,8
-133,4
-133,5
-133,6
-133,7
-133,8
-132,4
-132,5
-132,6
-132,7
-132,8
-131,4
-131,5
-131,6
-131,7
-131,8
-134,-28;-134,-27;-133,-28;-133,-27;-132,-28;-132,-27;-131,-28;-131,-27
-134,-26;-133,-26;-133,-25;-133,-24;-132,-26;-132,-25;-132,-24;-131,-26;-131,-25;-131,-24
-130,-28;-130,-27;-129,-28;-129,-27
-115,132;-116,132;-117,132;-118,132;-119,132;-120,132;-121,132;-122,132;-123,132;-124,132;-115,133;-116,133;-117,133;-118,133;-119,133;-120,133;-121,133;-122,133;-123,133;-124,133;-115,134;-116,134;-117,134;-118,134;-119,134;-120,134;-121,134;-122,134;-123,134;-124,134;-115,135;-116,135;-117,135;-118,135;-119,135;-120,135;-121,135;-122,135;-123,135;-124,135;-117,136;-118,136;-119,136;-120,136;-121,136;-122,136;-117,137;-118,137;-119,137;-120,137;-121,137;-122,137
-124,144;-124,145;-124,146;-124,147;-124,148;-124,149;-123,144;-123,145;-123,146;-123,147;-123,148;-123,149;-122,144;-122,145;-122,146;-122,147;-122,148;-122,149;-121,144;-121,145;-121,146;-121,147;-121,148;-121,149;-120,144;-120,145;-120,146;-120,147;-120,148;-120,149;-124,150;-123,150;-122,150;-121,150;-120,150;-119,144;-119,145;-119,146;-119,147;-119,148;-119,149;-119,150;-118,144;-118,145;-118,146;-118,147;-118,148;-118,149;-118,150
-123,25;-122,25
-123,140;-123,141;-123,142;-123,143;-122,140;-122,141;-122,142;-122,143;-121,140;-121,141;-120,140;-120,141;-121,142;-121,143;-120,142;-120,143
-122,-149;-122,-148;-122,-147;-122,-146;-122,-145;-122,-144;-122,-143;-122,-142;-122,-141;-122,-140;-121,-149;-121,-148;-121,-147;-121,-146;-121,-145;-121,-144;-121,-143;-121,-142;-121,-141;-121,-140;-120,-149;-120,-148;-120,-147;-120,-146;-120,-145;-120,-144;-120,-143;-120,-142;-120,-141;-120,-140;-119,-149;-119,-148;-119,-147;-119,-146;-119,-145;-119,-144;-119,-143;-119,-142;-119,-141;-119,-140;-118,-149;-118,-148;-118,-147;-118,-146;-118,-145;-118,-144;-118,-143;-118,-142;-118,-141;-118,-140;-117,-149;-117,-148;-117,-147;-117,-146;-117,-145;-117,-144;-117,-143;-117,-142;-117,-141;-117,-140;-116,-149;-116,-148;-116,-147;-116,-146;-116,-145;-116,-144;-116,-143;-116,-142;-116,-141;-116,-140;-115,-149;-115,-148;-115,-147;-115,-146;-115,-145;-115,-144;-115,-143;-115,-142;-115,-141;-115,-140;-114,-149;-114,-148;-114,-147;-114,-146;-114,-145;-114,-144;-114,-143;-114,-142;-114,-141;-114,-140;-113,-149;-113,-148;-113,-147;-113,-146;-113,-145;-113,-144;-113,-143;-113,-142;-113,-141;-113,-140
-120,91;-121,91
-120,-43;-119,-43
-120,4;-120,5;-119,4;-119,5
-119,-104;-118,-104;-119,-103;-118,-103
-117,-31;-117,-30;-116,-31;-116,-30
-116,-55
-115,-67;-115,-66;-115,-65
-113,-56;-112,-56;-112,-55
-109,-95
-109,-8;-109,-7;-108,-8;-108,-7
-108,-41;-108,-40;-107,-41;-107,-40;-106,-41;-106,-40
-107,-94
-106,-94
-105,-143;-105,-144;-105,-145;-105,-146;-105,-147;-104,-142;-104,-143;-104,-144;-104,-145;-104,-146;-104,-147;-103,-142;-103,-143;-103,-144;-103,-145;-103,-146;-103,-147;-102,-144;-102,-143;-102,-145;-102,-146;-102,-147
-105,-79
-104,138;-104,132;-104,133;-104,134;-104,135;-104,136;-104,137;-103,138;-103,132;-103,133;-103,134;-103,135;-103,136;-103,137;-102,138;-102,132;-102,133;-102,134;-102,135;-102,136;-102,137;-101,138;-101,132;-101,133;-101,134;-101,135;-101,136;-101,137;-100,138;-100,132;-100,133;-100,134;-100,135;-100,136;-100,137;-99,138;-99,132;-99,133;-99,134;-99,135;-99,136;-99,137;-98,138;-98,132;-98,133;-98,134;-98,135;-98,136;-98,137
-102,-98
-102,-139;-102,-138;-102,-137;-102,-136;-102,-135;-102,-134;-102,-133;-102,-132;-102,-131;-102,-130;-101,-139;-101,-138;-101,-137;-101,-136;-101,-135;-101,-134;-101,-133;-101,-132;-101,-131;-101,-130;-100,-139;-100,-138;-100,-137;-100,-136;-100,-135;-100,-134;-100,-133;-100,-132;-100,-131;-100,-130;-99,-139;-99,-138;-99,-137;-99,-136;-99,-135;-99,-134;-99,-133;-99,-132;-99,-131;-99,-130;-98,-139;-98,-138;-98,-137;-98,-136;-98,-135;-98,-134;-98,-133;-98,-132;-98,-131;-98,-130;-97,-139;-97,-138;-97,-137;-97,-136;-97,-135;-97,-134;-97,-133;-97,-132;-97,-131;-97,-130;-96,-139;-96,-138;-96,-137;-96,-136;-96,-135;-96,-134;-96,-133;-96,-132;-96,-131;-96,-130;-95,-139;-95,-138;-95,-137;-95,-136;-95,-135;-95,-134;-95,-133;-95,-132;-95,-131;-95,-130;-94,-139;-94,-138;-94,-137;-94,-136;-94,-135;-94,-134;-94,-133;-94,-132;-94,-131;-94,-130;-93,-139;-93,-138;-93,-137;-93,-136;-93,-135;-93,-134;-93,-133;-93,-132;-93,-131;-93,-130
-102,-100
-102,-99
-101,-100
-101,-99
-102,-7;-102,-6;-102,-5;-101,-7;-101,-6;-101,-5;-100,-7;-100,-6;-100,-5
-96,35;-97,35
-99,126;-99,127;-99,128;-99,129;-100,126;-100,127;-100,128;-100,129;-101,126;-101,127;-101,128;-101,129;-102,126;-102,127;-102,128;-102,129
-101,-98
-97,60;-97,59;-97,58;-97,57;-98,60;-98,59;-98,58;-98,57;-99,60;-99,59;-99,58;-99,57;-96,57;-96,58;-96,59;-96,60
-98,-140
-98,-71
-96,112;-95,112;-94,112;-93,112;-92,112;-96,111;-95,111;-94,111;-93,111;-92,111;-96,110;-95,110;-94,110;-93,110;-92,110;-96,109;-95,109;-94,109;-93,109;-92,109;-96,108;-95,108;-94,108;-93,108;-92,108
-96,126;-96,127;-96,128;-96,129;-96,130;-95,126;-95,127;-95,128;-95,129;-95,130;-94,126;-94,127;-94,128;-94,129;-94,130;-93,126;-93,127;-93,128;-93,129;-93,130;-92,126;-92,127;-92,128;-92,129;-92,130
-95,-89
-95,-88
-95,-87
-94,-89
-94,-88
-94,-87
-93,-58
-91,-91
-87,-84;-87,-85;-87,-86;-88,-84;-88,-85;-88,-86;-89,-84;-89,-85;-89,-86
-88,-20
-82,83;-82,84;-82,85;-82,86;-83,83;-83,84;-83,85;-83,86;-84,83;-84,84;-84,85;-84,86;-85,83;-85,84;-85,85;-85,86
-80,-117
-75,71;-75,72;-75,73;-75,74;-75,75;-75,76;-75,77;-75,78;-76,76;-76,77;-76,78;-77,76;-78,76;-79,76;-80,74;-80,75;-80,76;-80,77;-80,78
-79,-63
-78,-15
-76,-28
-73,18;-73,19
-60,-56;-60,-57;-60,-58;-60,-59;-59,-56;-59,-57;-59,-58;-59,-59;-58,-56;-58,-57;-58,-58;-58,-59;-57,-56;-57,-57;-57,-58;-57,-59;-56,-57;-56,-58;-56,-59;-56,-56
-71,52;-71,53;-71,54;-71,55;-71,56;-71,57;-70,52;-70,53;-70,54;-70,55;-70,56;-70,57;-69,52;-69,53;-69,54;-69,55;-69,56;-69,57;-68,52;-68,53;-68,54;-68,55;-68,56;-68,57;-67,52;-67,53;-67,54;-67,55;-67,56;-67,57;-66,52;-66,53;-66,54;-66,55;-66,56;-66,57
-68,141
-66,-107
-65,-107
-62,1;-62,2;-62,3;-62,4;-62,5;-62,6;-62,7;-62,8;-62,9;-61,1;-61,2;-61,3;-61,4;-61,5;-61,6;-61,7;-61,8;-61,9;-60,1;-60,2;-60,3;-60,4;-60,5;-60,6;-60,7;-60,8;-60,9;-59,1;-59,2;-59,3;-59,4;-59,5;-59,6;-59,7;-59,8;-59,9;-58,1;-58,2;-58,3;-58,4;-58,5;-58,6;-58,7;-58,8;-58,9;-57,1;-57,2;-57,3;-57,4;-57,5;-57,6;-57,7;-57,8;-57,9;-56,1
-61,45;-61,46;-62,45
-59,-8
-59,128;-58,128;-59,127;-58,127
-58,-48;-58,-47;-57,-48;-57,-47
-58,-9;-58,-8;-57,-9;-57,-8
-58,106
-57,-112;-57,-111;-57,-110;-56,-112;-56,-111;-56,-110;-55,-112;-55,-111;-55,-110
-57,132
-56,145;-57,145
-56,-34
-56,125
-56,126
-55,125
-55,126
-55,129
-53,20;-53,21
-53,83
-52,-98
-52,47
-52,48
-49,15
-48,38
-47,112
-45,43;-45,42
-45,128;-45,129;-44,128;-44,129
-44,131
-43,-52
-43,73
-43,74
-43,104;-42,104;-41,104;-40,104;-39,104;-38,104;-43,103;-42,103;-41,103;-40,103;-39,103;-38,103;-43,102;-42,102;-41,102;-40,102;-39,102
-42,110;-41,110;-40,110
-39,-3;-38,-3;-37,-3;-36,-3
-38,-17
-37,9;-37,8;-37,7
-37,26;-36,26
-36,3
-36,23
-35,-60;-35,-59;-34,-60;-34,-59;-33,-60;-33,-59;-32,-60;-32,-59;-31,-60;-31,-59;-35,-58;-35,-57;-34,-58;-34,-57;-33,-57;-33,-58
-35,48;-35,49
-32,140;-31,140
-31,-27
-31,49
-30,146
-29,-53
-29,80;-29,81;-29,82;-29,83;-29,84;-29,85;-28,80;-28,81;-28,82;-28,83;-28,84;-28,85;-27,80;-27,81;-27,82;-27,83;-27,84;-27,85;-26,80;-26,81;-26,82;-26,83;-26,84;-26,85;-25,80;-25,81;-25,82;-25,83;-25,84;-25,85;-24,80;-24,81;-24,82;-24,83;-24,84;-24,85
-28,11
-27,4
-27,11
-27,27;-27,28;-26,28;-26,27
-23,109;-23,110;-23,106;-23,107;-23,108;-22,106;-22,107;-22,108;-22,109;-22,110;-21,106;-21,107;-21,108;-21,109;-21,110;-20,106;-20,107;-20,108;-20,109;-20,110;-19,106;-19,107;-19,108;-19,109;-19,110;-18,106;-18,107;-18,108;-18,109;-18,110
-24,-23
-24,13
-23,23
-22,145
-21,-53
-21,70
-20,147;-20,146
-19,22
-19,143;-19,144;-19,145;-19,146;-19,147;-19,148;-19,149;-19,150;-18,143;-18,144;-18,145;-18,146;-18,147;-18,148;-18,149;-18,150;-17,143;-17,144;-17,145;-17,146;-17,147;-17,148;-17,149;-17,150;-16,143;-16,144;-16,145;-16,150;-15,150;-14,150;-13,150;-12,150;-16,149;-15,149;-14,149;-13,149;-12,149;-16,148;-15,148;-14,148;-13,148;-12,148;-16,147;-15,147;-14,147;-13,147;-12,147;-16,146;-15,146;-14,146;-13,146;-12,146;-15,143;-15,144;-15,145;-14,143;-14,144;-14,145;-13,143;-13,144;-13,145;-12,143;-12,144;-12,145
-17,-140
-17,-21
-17,22
-14,-119
-13,-108
-12,-126;-12,-125
-12,-111
-9,-91;-9,-90;-9,-89;-9,-88;-9,-87;-9,-86;-9,-85;-9,-84;-9,-83;-9,-82;-9,-81;-9,-80;-9,-79;-9,-78;-9,-77;-9,-76;-9,-75;-9,-74;-9,-73;-9,-72;-8,-91;-8,-90;-8,-89;-8,-88;-8,-87;-8,-86;-8,-85;-8,-84;-8,-83;-8,-82;-8,-81;-8,-80;-8,-79;-8,-78;-8,-77;-8,-76;-8,-75;-8,-74;-8,-73;-8,-72;-7,-91;-7,-90;-7,-89;-7,-88;-7,-87;-7,-86;-7,-85;-7,-84;-7,-83;-7,-82;-7,-81;-7,-80;-7,-79;-7,-78;-7,-77;-7,-76;-7,-75;-7,-74;-7,-73;-7,-72;-6,-91;-6,-90;-6,-89;-6,-88;-6,-87;-6,-86;-6,-85;-6,-84;-6,-83;-6,-82;-6,-81;-6,-80;-6,-79;-6,-78;-6,-77;-6,-76;-6,-75;-6,-74;-6,-73;-6,-72;-5,-91;-5,-90;-5,-89;-5,-88;-5,-87;-5,-86;-5,-85;-5,-84;-5,-83;-5,-82;-5,-81;-5,-80;-5,-79;-5,-78;-5,-77;-5,-76;-5,-75;-5,-74;-5,-73;-5,-72;-4,-91;-4,-90;-4,-89;-4,-88;-4,-87;-4,-86;-4,-85;-4,-84;-4,-83;-4,-82;-4,-81;-4,-80;-4,-79;-4,-78;-4,-77;-4,-76;-4,-75;-4,-74;-4,-73;-4,-72;-3,-91;-3,-90;-3,-89;-3,-88;-3,-87;-3,-86;-3,-85;-3,-84;-3,-83;-3,-82;-3,-81;-3,-80;-3,-79;-3,-78;-3,-77;-3,-76;-3,-75;-3,-74;-3,-73;-3,-72;-2,-91;-2,-90;-2,-89;-2,-88;-2,-87;-2,-86;-2,-85;-2,-84;-2,-83;-2,-82;-2,-81;-2,-80;-2,-79;-2,-78;-2,-77;-2,-76;-2,-75;-2,-74;-2,-73;-2,-72;-1,-91;-1,-90;-1,-89;-1,-88;-1,-87;-1,-86;-1,-85;-1,-84;-1,-83;-1,-82;-1,-81;-1,-80;-1,-79;-1,-78;-1,-77;-1,-76;-1,-75;-1,-74;-1,-73;-1,-72;0,-91;0,-90;0,-89;0,-88;0,-87;0,-86;0,-85;0,-84;0,-83;0,-82;0,-81;0,-80;0,-79;0,-78;0,-77;0,-76;0,-75;0,-74;0,-73;0,-72;1,-91;1,-90;1,-89;1,-88;1,-87;1,-86;1,-85;1,-84;1,-83;1,-82;1,-81;1,-80;1,-79;1,-78;1,-77;1,-76;1,-75;1,-74;1,-73;1,-72;2,-91;2,-90;2,-89;2,-88;2,-87;2,-86;2,-85;2,-84;2,-83;2,-82;2,-81;2,-80;2,-79;2,-78;2,-77;2,-76;2,-75;2,-74;2,-73;2,-72;3,-91;3,-90;3,-89;3,-88;3,-87;3,-86;3,-85;3,-84;3,-83;3,-82;3,-81;3,-80;3,-79;3,-78;3,-77;3,-76;3,-75;3,-74;3,-73;3,-72;4,-91;4,-90;4,-89;4,-88;4,-87;4,-86;4,-85;4,-84;4,-83;4,-82;4,-81;4,-80;4,-79;4,-78;4,-77;4,-76;4,-75;4,-74;4,-73;4,-72;5,-91;5,-90;5,-89;5,-88;5,-87;5,-86;5,-85;5,-84;5,-83;5,-82;5,-81;5,-80;5,-79;5,-78;5,-77;5,-76;5,-75;5,-74;5,-73;5,-72;6,-91;6,-90;6,-89;6,-88;6,-87;6,-86;6,-85;6,-84;6,-83;6,-82;6,-81;6,-80;6,-79;6,-78;6,-77;6,-76;6,-75;6,-74;6,-73;6,-72;7,-91;7,-90;7,-89;7,-88;7,-87;7,-86;7,-85;7,-84;7,-83;7,-82;7,-81;7,-80;7,-79;7,-78;7,-77;7,-76;7,-75;7,-74;7,-73;7,-72;8,-91;8,-90;8,-89;8,-88;8,-87;8,-86;8,-85;8,-84;8,-83;8,-82;8,-81;8,-80;8,-79;8,-78;8,-77;8,-76;8,-75;8,-74;8,-73;8,-72;9,-91;9,-90;9,-89;9,-88;9,-87;9,-86;9,-85;9,-84;9,-83;9,-82;9,-81;9,-80;9,-79;9,-78;9,-77;9,-76;9,-75;9,-74;9,-73;9,-72;10,-91;10,-90;10,-89;10,-88;10,-87;10,-86;10,-85;10,-84;10,-83;10,-82;10,-81;10,-80;10,-79;10,-78;10,-77;10,-76;10,-75;10,-74;10,-73;10,-72
-9,-9;-9,-8;-9,-7;-9,-6;-9,-5;-9,-4;-9,-3;-9,-2;-9,-1;-9,0;-9,1;-9,2;-9,3;-9,4;-9,5;-9,6;-9,7;-9,8;-9,9;-8,-9;-8,-8;-8,-7;-8,-6;-8,-5;-8,-4;-8,-3;-8,-2;-8,-1;-8,0;-8,1;-8,2;-8,3;-8,4;-8,5;-8,6;-8,7;-8,8;-8,9;-7,-9;-7,-8;-7,-7;-7,-6;-7,-5;-7,-4;-7,-3;-7,-2;-7,-1;-7,0;-7,1;-7,2;-7,3;-7,4;-7,5;-7,6;-7,7;-7,8;-7,9;-6,-9;-6,-8;-6,-7;-6,-6;-6,-5;-6,-4;-6,-3;-6,-2;-6,-1;-6,0;-6,1;-6,2;-6,3;-6,4;-6,5;-6,6;-6,7;-6,8;-6,9;-5,-9;-5,-8;-5,-7;-5,-6;-5,-5;-5,-4;-5,-3;-5,-2;-5,-1;-5,0;-5,1;-5,2;-5,3;-5,4;-5,5;-5,6;-5,7;-5,8;-5,9;-4,-9;-4,-8;-4,-7;-4,-6;-4,-5;-4,-4;-4,-3;-4,-2;-4,-1;-4,0;-4,1;-4,2;-4,3;-4,4;-4,5;-4,6;-4,7;-4,8;-4,9;-3,-9;-3,-8;-3,-7;-3,-6;-3,-5;-3,-4;-3,-3;-3,-2;-3,-1;-3,0;-3,1;-3,2;-3,3;-3,4;-3,5;-3,6;-3,7;-3,8;-3,9;-2,-9;-2,-8;-2,-7;-2,-6;-2,-5;-2,-4;-2,-3;-2,-2;-2,-1;-2,0;-2,1;-2,2;-2,3;-2,4;-2,5;-2,6;-2,7;-2,8;-2,9;-1,-9;-1,-8;-1,-7;-1,-6;-1,-5;-1,-4;-1,-3;-1,-2;-1,-1;-1,0;-1,1;-1,2;-1,3;-1,4;-1,5;-1,6;-1,7;-1,8;-1,9;0,-9;0,-8;0,-7;0,-6;0,-5;0,-4;0,-3;0,-2;0,-1;0,0;0,1;0,2;0,3;0,4;0,5;0,6;0,7;0,8;0,9;1,-9;1,-8;1,-7;1,-6;1,-5;1,-4;1,-3;1,-2;1,-1;1,0;1,1;1,2;1,3;1,4;1,5;1,6;1,7;1,8;1,9;2,-9;2,-8;2,-7;2,-6;2,-5;2,-4;2,-3;2,-2;2,-1;2,0;2,1;2,2;2,3;2,4;2,5;2,6;2,7;2,8;2,9;3,-9;3,-8;3,-7;3,-6;3,-5;3,-4;3,-3;3,-2;3,-1;3,0;3,1;3,2;3,3;3,4;3,5;3,6;3,7;3,8;3,9;4,-9;4,-8;4,-7;4,-6;4,-5;4,-4;4,-3;4,-2;4,-1;4,0;4,1;4,2;4,3;4,4;4,5;4,6;4,7;4,8;4,9;5,-9;5,-8;5,-7;5,-6;5,-5;5,-4;5,-3;5,-2;5,-1;5,0;5,1;5,2;5,3;5,4;5,5;5,6;5,7;5,8;5,9;6,-9;6,-8;6,-7;6,-6;6,-5;6,-4;6,-3;6,-2;6,-1;6,0;6,1;6,2;6,3;6,4;6,5;6,6;6,7;6,8;6,9;7,-9;7,-8;7,-7;7,-6;7,-5;7,-4;7,-3;7,-2;7,-1;7,0;7,1;7,2;7,3;7,4;7,5;7,6;7,7;7,8;7,9;8,-9;8,-8;8,-7;8,-6;8,-5;8,-4;8,-3;8,-2;8,-1;8,0;8,1;8,2;8,3;8,4;8,5;8,6;8,7;8,8;8,9;9,-9;9,-8;9,-7;9,-6;9,-5;9,-4;9,-3;9,-2;9,-1;9,0;9,1;9,2;9,3;9,4;9,5;9,6;9,7;9,8;9,9;10,-9;10,-8;10,-7;10,-6;10,-5;10,-4;10,-3;10,-2;10,-1;10,0;10,1;10,2;10,3;10,4;10,5;10,6;10,7;10,8;10,9
-7,-110
-5,-128;-5,-127;-4,-128;-4,-127
-2,-122
-2,29
2,16;3,16;4,16;5,16;2,17;3,17;4,17;5,17;2,18;3,18;4,18;5,18
2,64
3,-33
6,-128
6,-47;7,-47
6,144
7,16;8,16;9,16
7,23
10,70
11,-30
13,85;13,84;13,83;13,82;13,81;13,80;13,79;13,78;13,77;13,76;13,75;14,85;14,84;14,83;14,82;14,81;14,80;14,79;14,78;14,77;14,76;14,75;15,85;15,84;15,83;15,82;15,81;15,80;15,79;15,78;15,77;15,76;15,75;16,85;16,84;16,83;16,82;16,81;16,80;16,79;16,78;16,77;16,76;16,75;17,85;17,84;17,83;17,82;17,81;17,80;17,79;17,78;17,77;17,76;17,75;18,85;18,84;18,83;18,82;18,81;18,80;18,79;18,78;18,77;18,76;18,75;19,85;19,84;19,83;19,82;19,81;19,80;19,79;19,78;19,77;19,76;19,75;20,85;20,84;20,83;20,82;20,81;20,80;20,79;20,78;20,77;20,76;20,75;21,85;21,84;21,83;21,82;21,81;21,80;21,79;21,78;21,77;21,76;21,75;22,85;22,84;22,83;22,82;22,81;22,80;22,79;22,78;22,77;22,76;22,75
14,-86
14,100;14,101;14,102;14,103;14,104;15,100;15,101;15,102;15,103;15,104;16,100;16,101;16,102;16,103;16,104;17,100;17,101;17,102;17,103;17,104;18,101;18,102;18,103;18,104
14,130;14,131;14,132;15,130;15,131;15,132;16,130;16,131;16,132;17,130;17,131;17,132
15,-143
15,-117;16,-117;17,-117
16,65
16,67
17,-80
18,-123
18,-58
20,-57;20,-56
20,129
21,-140
22,-60;22,-59;22,-58
24,-145
24,-144
24,-32
25,-145
25,-144
27,-123;27,-122;27,-121;28,-123;28,-122;28,-121;29,-123;29,-122;29,-121;30,-123;30,-122;30,-121
27,-113
27,65
32,34;32,35;33,34;33,35;34,35
32,36;32,37;32,38;33,36;33,37;33,38;34,36;34,37;34,38
35,-116
35,-61
35,36;35,37;35,38;36,38
36,-89
38,72;39,72
38,103
39,-71
40,-130
42,-111
42,-16;43,-16
44,140;44,141;45,141;45,140
45,11;45,12;46,11;46,12
45,130
48,-61
49,-91
50,131
52,39;52,40;52,41;52,42;52,43;52,44;52,45;52,46;52,47;52,48;52,49;53,39;53,40;53,41;53,42;53,43;53,44;53,45;53,46;53,47;53,48;53,49;54,39;54,40;54,41;54,42;54,43;54,44;54,45;54,46;54,47;54,48;54,49;55,39;55,40;55,41;55,42;55,43;55,44;55,45;55,46;55,47;55,48;55,49;56,42;56,43;56,44;56,45;56,46;56,47;56,48;56,49
54,-133
55,-113
55,107
56,118
57,-43
57,28;57,29
57,43
58,-24
59,116
61,-123
61,-27;61,-26;62,-27;62,-26
64,-137
65,-18
66,-34
68,-89
68,-49
71,-128;71,-129
72,29
72,41;73,41
74,40;74,41;74,42;74,43;74,44;74,45;74,46;75,46;78,46;78,45;79,46;79,45;80,46;80,45;75,40;75,41;75,42;75,43;75,44;75,45;76,40;76,41;76,42;76,43;76,44;76,45;76,46;77,40;77,41;77,42;77,43;77,44;77,45;77,46;78,40;78,41;78,42;78,43;78,44;79,40;79,41;79,42;79,43;79,44;80,40;80,41;80,42;80,43;80,44;81,40;81,41;81,42;81,43;81,44;81,45;81,46
74,48;75,48;76,50;74,50;75,50;74,49;75,49;76,49;76,48;77,48;77,49;77,50;78,50;78,49;78,48;74,47;75,47;76,47;77,47;78,47;81,47;80,47;79,47;81,51;79,50;79,49;79,48;80,51;81,50;81,49;81,48;80,50;80,49;80,48;80,52;80,53;81,53;81,52;80,54;81,56;80,55;81,55;80,56;81,54
75,-25
77,-102;77,-101
77,33
78,-105
83,46;84,46;82,40;82,41;82,42;82,43;82,44;82,45;82,46;83,41;83,42;83,43;83,44;83,45;84,41;84,42;84,43;84,44;84,45;83,40;84,40;85,40;85,41;85,42;85,43;86,41;86,42;86,43;87,41;87,42;87,43;88,41;88,42;88,43;89,41;89,42;89,43;90,41;90,42;90,43;85,44;86,44;87,44;88,44;89,44;90,44;85,45;86,45;87,45;88,45;89,45;90,45;85,46;86,46;86,40;87,40;87,46;88,46;89,46;90,46;88,40;89,40;90,40
82,-36
83,-16
86,-36
87,39
93,-114;93,-113;93,-112;93,-111;93,-110;94,-114;94,-113;94,-112;94,-111;94,-110
95,-37
95,98;96,98;97,98;98,98;95,99;96,99;97,99;98,99;95,100;96,100;97,100;98,100;95,101;96,101;97,101;98,101
96,-132;96,-131;97,-132;97,-131;98,-132;98,-131
99,-111;100,-111;99,-112;100,-112
99,36;99,37;99,38;100,36;100,37;100,38;101,36;101,37;101,38;102,36;102,37;102,38
101,-28
102,-122;102,-121;102,-120;102,-119;102,-118;103,-122;103,-121;103,-120;103,-119;103,-118;104,-122;104,-121;104,-120;104,-119;104,-118;105,-122;105,-121;105,-120;105,-119;105,-118;106,-122;106,-121;106,-120;106,-119;106,-118
104,-112
104,-111
105,-112
105,-111
105,-25;105,-24;106,-24
116,-26;117,-25;117,-26;117,-27;118,-25;118,-26;118,-27;119,-25;119,-26;119,-27;120,-25;120,-26;120,-27;121,-25;121,-26;121,-27
118,-18
123,-36
124,42;124,43;124,44;124,45;124,46;124,47;124,48;124,49;124,50;124,51;124,52;124,53;124,54;124,55;125,41;125,42;125,43;125,44;125,45;125,46;125,47;125,48;125,49;125,50;125,51;125,52;125,53;125,54;125,55;126,41;126,42;126,43;126,44;126,45;126,46;126,47;126,48;126,49;126,50;127,44;127,45;127,46;127,47;127,48;127,49;127,50;128,44;128,45;128,46;128,47;128,48;128,49;128,50;129,44;129,45;129,46;129,47;129,48;129,49;129,50;130,44;130,45;130,46;130,47;130,48;130,49;130,50;131,44;131,45;131,46;131,47;131,48;131,49;131,50;132,44;132,45;132,46;132,47;132,48;132,49;132,50;126,51;126,52;126,53;126,54;126,55;127,41;127,42;127,43;127,51;127,52;127,53;127,54;127,55;128,41;128,42;128,43;128,51;128,52;128,53;128,54;128,55;129,41;129,42;129,43;129,51;129,52;129,53;129,54;129,55;130,41;130,42;130,43;130,51;130,52;130,53;130,54;130,55;131,41;131,42;131,43;131,51;131,52;131,53;131,54;131,55;132,41;132,42;132,43;132,51;132,52;132,53;132,54;132,55;133,41;133,42;133,43;133,44;133,45;133,46;133,47;133,48;133,49;133,50;133,51;133,52;133,53;133,54;133,55
125,-5
129,-4;129,-3;129,-2;130,-4;130,-3;130,-2
129,136;130,135;130,136;131,135;131,136;132,136;129,137;130,137;131,137;132,137
131,-8
131,-4;131,-3;131,-2
135,-10;135,-11;136,-10;136,-11;137,-10;137,-11;138,-10;138,-11
137,48
139,-143
139,-79;139,-78;139,-77;139,-76;139,-75;140,-80;140,-79;140,-78;140,-77;140,-76;140,-75
140,-4;140,-5;140,-6;140,-7;140,-8;140,-9;140,-10;140,-11;141,-4;141,-5;141,-6;141,-7;141,-8;141,-9;141,-10;141,-11;142,-2;142,-3;142,-4;142,-5;142,-6;142,-7;142,-8;142,-9;142,-10;142,-11;143,-2;143,-3;143,-4;143,-5;143,-6;143,-7;143,-8;143,-9;143,-10;143,-11;144,-2;144,-3;144,-4;144,-5;144,-6;144,-7;144,-8;144,-9;144,-10;144,-11;145,-2;145,-3;145,-4;145,-5;145,-6;145,-7;145,-8;145,-9;145,-10;145,-11;146,-2;146,-3;146,-4;146,-5;146,-6;146,-7;146,-8;146,-9;146,-10;146,-11;147,-2;147,-3;147,-4;147,-5;147,-6;147,-7;147,-8;147,-9;147,-10;147,-11;148,-2;148,-3;148,-4;148,-5;148,-6;148,-7;148,-8;148,-9;148,-10;148,-11;149,-2;149,-3;149,-4;149,-5;149,-6;149,-7;149,-8;149,-9;149,-10;149,-11;141,-2;141,-3;140,-2;140,-3
141,-56;141,-55
142,-146;143,-146;142,-145;143,-145;142,-144;143,-144
142,-58
143,-58;143,-57;144,-58;144,-57
145,-148;144,-148
145,-56;145,-55;146,-56;146,-55
145,60;145,61;145,62;145,63;145,64;145,65;146,60;146,61;146,62;146,63;146,64;146,65;147,60;147,61;147,62;147,63;147,64;148,60;147,65;148,61;148,62;148,63;148,64;148,65;149,60;149,61;149,62;149,63;149,64;149,65
147,-54
148,-34;148,-33
149,91;149,92;149,93;150,91;150,92
149,6