-150,-131
-150,49;-149,49;-148,49;-147,49;-146,49;-146,55;-147,55;-148,55;-149,55;-150,55;-145,43;-145,44;-145,45;-145,46;-145,47;-145,48;-145,49;-145,50;-145,51;-145,52;-145,53;-145,54;-141,55;-142,55;-143,55;-144,55;-145,60;-145,59;-145,58;-145,57;-145,56;-145,55;-144,49;-144,50;-144,51;-144,52;-144,53;-144,54;-143,49;-143,50;-143,51;-143,52;-143,53;-143,54;-142,49;-142,50;-142,51;-142,52;-142,53;-142,54;-141,49;-141,50;-141,51;-141,52;-141,53;-141,54;-140,49;-140,50;-140,51;-140,52;-140,53;-140,54;-140,55;-139,53;-139,54;-139,55;-139,56;-138,55;-137,55;-139,60;-139,59;-139,58;-139,57;-139,43;-139,44;-139,45;-139,46;-139,47;-139,48;-139,49;-139,50;-139,51;-139,52;-138,49;-137,49;-136,49;-133,55;-134,55;-135,55;-136,55;-135,49;-134,49;-133,49
-146,60
-146,59
-146,58
-146,57
-146,56
-147,60
-147,59
-147,58
-147,57
-147,56
-148,60
-148,59
-148,58
-148,57
-148,56
-149,60
-149,59
-149,58
-149,57
-149,56
-150,60
-150,59
-150,58
-150,57
-150,56
-150,122
-141,-81
-138,56;-137,56;-137,60;-137,59;-137,58;-137,57;-138,60;-138,59;-138,58;-138,57;-133,60;-133,59;-133,58;-133,57;-133,56;-134,60;-134,59;-134,58;-134,57;-134,56;-135,60;-135,59;-135,58;-135,57;-135,56;-136,60;-136,59;-136,58;-136,57;-136,56
-138,-116
-133,-107
-116,-69;-115,-69
-116,136
-112,9;-112,10;-111,9;-111,10
-112,-41
-105,85
-107,-94
-103,-97;-102,-97
-98,-95;-97,-95
-87,-84;-87,-85;-87,-86;-88,-84;-88,-85;-88,-86;-89,-84;-89,-85;-89,-86
-75,-150;-75,-149;-74,-150;-74,-149
-73,-150;-73,-149;-72,-150;-72,-149
-71,-150;-71,-149;-70,-150;-70,-149
-71,116;-71,117
-69,-150;-69,-149;-68,-150;-68,-149
-57,-14
-56,16;-56,17;-56,18;-55,16;-55,17;-55,18;-54,16;-54,17;-54,18;-53,16;-53,17;-53,18;-52,16;-52,17;-52,18
-32,124
-29,80;-29,81;-29,82;-29,83;-29,84;-29,85;-28,80;-28,81;-28,82;-28,83;-28,84;-28,85;-27,80;-27,81;-27,82;-27,83;-27,84;-27,85;-26,80;-26,81;-26,82;-26,83;-26,84;-26,85;-25,80;-25,81;-25,82;-25,83;-25,84;-25,85;-24,80;-24,81;-24,82;-24,83;-24,84;-24,85
-22,-139
-14,-15
-12,-14
-7,-116
-6,143
2,-25
4,106;4,107;4,108;4,109;4,110;4,111;5,105;5,106;5,107;5,108;5,109;5,110;5,111;6,105;6,106;6,107;6,108;6,109;6,110;6,111;7,105;7,106;7,107;7,108;7,109;7,110;7,111
5,-21
7,-21
8,137
9,137
10,137
11,-24
11,137
12,99;13,98;13,99;14,98;14,99;15,98;15,99;12,100;12,101;12,102;12,103;12,104;13,100;13,101;13,102;13,103;13,104
14,-135;15,-135
14,-25
14,-24
16,9
17,147
18,9
22,-19
23,-25
23,-20
35,-121
35,-120
35,-119
35,-118
36,-121;36,-120;36,-119;36,-118;37,-121;37,-120;37,-119;37,-118;38,-121;38,-120;38,-119;38,-118;36,-123;36,-122;37,-123;37,-122;38,-123;38,-122
37,-115;37,-114
40,-116
49,-46;47,-45;48,-45;49,-45;47,-44;48,-44;49,-44;47,-43;48,-43;49,-43
49,-120
61,28;61,29;61,30;62,28;62,29;62,30
62,-121
79,-137
89,51;89,52;90,51;90,52;91,52;91,51;92,52;92,51
86,56;85,56
87,56;88,56
89,54;90,54;89,53;90,53
96,41
105,50;106,50;106,51;107,50;107,51
107,44
109,49
110,44;110,45;110,46;111,44;111,45;111,46;112,44;112,45;112,46
110,49;110,50;111,49;111,50
124,-134
124,-15
128,-16
133,36
145,60;145,61;145,62;145,63;145,64;145,65;146,60;146,61;146,62;146,63;146,64;146,65;147,60;147,61;147,62;147,63;147,64;148,60;147,65;148,61;148,62;148,63;148,64;148,65;149,60;149,61;149,62;149,63;149,64;149,65