-149,53;-147,53;-150,54;-149,54;-148,52;-147,54;-146,53;-150,53;-146,52;-146,54;-149,52;-148,53;-148,54;-150,52;-147,52
-140,107
-137,106
-124,106
-147,106
-146,106
-144,107
-143,106
-140,106
-128,107
-144,106
-134,106
-131,107
-129,107
-125,106
-124,107
-148,107
-142,106
-135,106
-129,106
-123,106
-150,106
-147,107
-139,106
-138,106
-150,95;-150,92;-150,91;-150,94;-150,93;-149,94;-149,93;-149,92;-149,95;-149,91;-148,91;-148,93;-148,94;-148,95;-148,92
-150,107
-134,107
-133,106
-131,106
-149,107
-141,107
-136,106
-130,107
-145,107
-123,107
-145,106
-142,107
-149,106
-137,107
-126,107
-125,107
-141,106
-138,107
-132,107
-128,106
-126,106
-143,107
-135,107
-127,106
-146,107
-136,107
-133,107
-127,107
-148,106
-139,107
-132,106
-130,106
-150,122
-147,94
-147,95
-141,-81
-141,12
-139,-28
-138,-116
-127,66;-125,66;-135,74;-134,66;-136,68;-135,75;-135,73;-135,69;-136,66;-126,66;-136,72;-135,72;-136,71;-136,70;-130,66;-136,69;-135,66;-136,65;-136,64;-129,66;-136,75;-131,66;-135,71;-135,70;-133,66;-132,66;-128,66;-136,74;-136,73;-124,66;-124,67;-124,68;-124,69;-136,67;-135,65;-125,64;-134,71;-129,64;-131,72;-130,75;-124,64;-133,74;-134,64;-128,65;-135,67;-129,72;-134,74;-132,72;-131,65;-126,65;-133,72;-130,72;-133,75;-131,75;-133,65;-129,65;-132,74;-133,64;-132,64;-131,64;-128,64;-127,64;-132,65;-127,65;-134,68;-125,65;-124,65;-135,68;-129,75;-135,64;-134,65;-130,65;-134,72;-134,69;-132,75;-130,64;-126,64;-134,67;-134,75;-134,70;-132,73;-133,69;-129,73;-132,71;-131,74;-134,73;-129,74;-133,67;-132,70;-133,68;-133,70;-133,71;-131,73;-130,74;-133,73;-130,73;-132,69;-132,67;-132,68;-130,70;-130,67;-131,67;-129,69;-131,68;-131,71;-131,69;-130,71;-129,71;-130,69;-130,68;-129,70;-131,70;-129,67;-128,74;-128,75;-128,68;-128,71;-128,72;-128,67;-128,69;-128,73;-128,70;-129,68;-126,70;-126,73;-127,68;-127,75;-127,69;-126,74;-125,72;-126,69;-127,74;-127,73;-127,71;-125,70;-125,74;-125,73;-125,71;-126,72;-126,75;-127,70;-126,67;-127,67;-127,72;-126,68;-126,71;-125,69;-124,70;-125,68;-124,74;-125,67;-124,72;-125,75;-124,71;-124,73;-124,75
-133,5;-132,8;-135,6;-134,5;-131,5;-132,7;-131,8;-135,7;-132,5;-134,6;-134,8;-134,4;-135,4;-133,8;-131,6;-132,6;-135,8;-132,4;-135,5;-131,7;-133,6;-134,7;-133,4;-133,7;-131,4
-125,103
-127,103
-124,103
-133,103
-130,103
-131,103
-129,103
-132,103
-123,103
-126,103
-128,103
-130,105;-130,104;-129,104;-129,105
-131,104
-131,17
-131,105
-128,105
-128,104
-123,-69;-120,-69;-121,-69;-122,-69
-121,-59
-121,-60
-119,-43;-120,-43
-117,108
-112,-41
-105,65
-93,70;-91,70;-92,70;-93,69;-91,71;-93,71;-92,71;-92,69;-91,69
-90,-150
-91,68
-89,-85;-88,-86;-87,-84;-87,-86;-89,-86;-87,-85;-89,-84;-88,-84;-88,-85
-78,104;-79,104;-79,103;-78,103
-75,-150;-75,-149;-74,-149;-74,-150
-75,-46
-73,-150;-73,-149;-72,-150;-72,-149
-71,-150;-71,-149;-70,-150;-70,-149
-69,-149;-69,-150;-68,-149;-68,-150
-59,25;-59,26
-60,-31
-54,-140
-32,68
-14,33;-14,34
-8,0;-6,-9;-6,-8;-6,-2;-6,2;-5,7;-4,2;-4,7;-3,2;-3,3;-3,8;-3,9;-2,-7;-2,-2;-9,-9;-9,8;-7,-3;-6,1;-6,5;-6,6;-5,-9;-5,-5;-5,-4;-4,-8;-4,-2;-4,5;-9,-7;-8,2;-8,4;-7,-9;-6,-5;-6,0;-5,-7;-5,5;-5,9;-4,-1;-3,-6;-2,-1;-9,-6;-9,9;-8,9;-5,6;-9,4;-7,8;-5,2;-4,-5;-3,-5;-3,4;-2,-9;-8,-7;-7,6;-6,-4;-4,-3;-4,0;-3,-9;-9,1;-8,-2;-8,5;-8,8;-7,4;-6,-1;-3,0;-3,7;-9,-2;-9,-1;-9,5;-8,-1;-8,3;-8,6;-8,7;-5,-3;-2,-6;-9,-8;-7,-6;-6,-6;-5,4;-3,-7;-3,-1;-3,1;-9,-5;-6,8;-5,-1;-4,-7;-3,5;-9,-3;-8,-6;-8,-3;-7,-7;-7,1;-6,-3;-6,3;-5,-2;-5,1;-4,-6;-4,1;-3,-3;-3,6;-2,-4;-9,-4;-9,7;-8,1;-7,5;-6,4;-5,-8;-4,-9;-4,6;-4,8;-3,-8;-3,-4;-2,0;-9,3;-8,-5;-7,-8;-7,-5;-7,-1;-7,3;-7,7;-5,-6;-5,8;-3,-2;-8,-4;-7,-2;-7,2;-7,9;-6,9;-5,0;-4,-4;-4,9;-2,-5;-9,0;-9,2;-8,-9;-5,3;-2,-3;-9,6;-8,-8;-7,-4;-7,0;-6,-7;-6,7;-4,3;-4,4;-2,-8;-2,5;-1,-2;-1,1;-2,4;-2,3;0,2;1,8;2,-6;3,0;3,9;4,-1;7,2;8,8;9,7;10,-2;1,-7;1,5;2,-4;2,-1;3,-6;3,7;3,8;4,-8;4,0;6,-9;6,-5;6,-2;7,0;8,-9;10,-5;-1,-8;2,-3;2,2;3,-8;3,1;4,-2;4,7;5,-6;5,2;5,3;6,-7;6,0;6,4;6,9;7,-9;7,-2;8,4;9,-6;10,-1;10,5;-1,9;0,-4;2,-2;2,1;2,4;4,-7;5,-2;6,2;6,8;7,-1;8,0;9,-5;10,3;0,-7;1,-6;1,-4;5,0;9,2;10,4;-1,6;0,9;-1,-9;-1,7;0,8;2,3;3,-3;4,4;4,6;6,7;7,-6;7,-5;8,-8;8,7;9,-7;9,-3;10,-3;10,6;-1,-6;1,-8;1,-5;5,-7;5,-1;6,-4;6,-3;8,5;9,-1;9,9;10,-8;10,0;10,1;-1,-7;-1,4;0,-5;0,-3;1,9;2,0;4,-4;5,8;7,1;7,5;7,9;8,-2;8,6;9,-9;10,-9;10,-4;10,7;-1,3;0,4;0,5;1,1;2,-9;2,5;3,6;4,1;4,5;5,-3;5,5;6,-1;7,-7;7,8;8,-3;8,-1;9,-2;-1,0;-2,7;-1,2;0,-2;3,-4;3,-2;3,2;3,4;4,-3;5,-5;7,-3;9,3;10,9;-2,9;0,-8;1,2;2,-8;5,-9;5,7;7,3;7,6;-1,8;0,6;1,-1;1,0;2,-7;2,9;3,-9;4,-9;5,6;6,-6;6,5;6,6;7,-8;7,-4;7,7;8,-5;8,-4;8,3;9,0;9,4;10,8;-2,6;-1,-5;1,-3;1,4;2,6;4,-5;4,8;4,9;5,-4;5,9;6,3;7,4;8,-7;8,-6;10,2;-2,2;0,-9;0,-6;0,-1;0,3;1,-9;1,-2;1,3;1,7;2,7;2,8;3,-7;3,-1;4,-6;5,1;5,4;-2,1;-1,-3;-1,-1;-1,5;0,0;0,7;1,6;2,-5;3,-5;3,3;3,5;5,-8;6,1;8,1;9,5;9,8;10,-6;-2,8;-1,-4;0,1;4,2;4,3;6,-8;8,2;8,9;9,-8;9,-4;9,1;9,6;10,-7
-7,-116;-5,-115;-5,-116;-6,-116
4,61
13,-1
17,-114
36,86
40,128
43,100
46,-1
49,-41;47,-40;48,-41;48,-40;47,-41;49,-40
47,-46
52,107
52,108
53,107
53,108
53,109
52,109
61,-22
65,38;66,39;67,38;66,40;65,39;67,40;65,40;67,39;66,38
67,49;65,49;66,49
68,44;68,45;68,38;68,48;68,46;68,41;68,39;68,43;68,49;68,42;68,40;68,47
78,54;79,54;79,53;78,53
81,-30
85,52
90,54;89,54;90,53;89,53
86,56;85,56;86,55;85,55
87,52
86,52
99,-131;99,-130;100,-130;100,-131
105,50;106,50;107,50;107,51
107,-135
111,49;110,50;111,50;110,49
131,-126