-150,-143
-150,-87
-150,9;-150,10;-149,9;-149,10
-150,18
-150,126;-150,127;-150,128;-150,129;-150,130;-149,126;-149,127;-149,128;-149,129;-149,130
-150,131;-150,132;-150,133;-150,134;-150,135;-149,131;-149,132;-149,133;-149,134;-149,135
-148,131;-147,131;-148,132;-148,133;-148,134;-148,135;-147,132;-147,133;-147,134;-147,135
-148,130;-148,129;-148,128;-148,127;-148,126;-147,126;-147,127;-147,128;-147,129;-147,130
-146,-120
-146,-22;-146,-21
-143,-7
-142,-116
-140,-119
-137,-42;-137,-41;-136,-42;-136,-41
-137,-13;-137,-12;-136,-13;-136,-12;-135,-12;-135,-13
-136,-11;-135,-11;-134,-11
-134,-12
-133,-35
-131,-34
-126,-66
-126,15
-124,85;-123,85
-115,132;-116,132;-117,132;-118,132;-119,132;-120,132;-121,132;-122,132;-123,132;-124,132;-115,133;-116,133;-117,133;-118,133;-119,133;-120,133;-121,133;-122,133;-123,133;-124,133;-115,134;-116,134;-117,134;-118,134;-119,134;-120,134;-121,134;-122,134;-123,134;-124,134;-115,135;-116,135;-117,135;-118,135;-119,135;-120,135;-121,135;-122,135;-123,135;-124,135;-117,136;-118,136;-119,136;-120,136;-121,136;-122,136;-117,137;-118,137;-119,137;-120,137;-121,137;-122,137
-123,124;-123,125;-123,126;-123,127;-123,128;-122,124;-122,125;-122,126;-122,127;-122,128;-121,124;-121,125;-121,126;-121,127;-121,128;-120,124;-120,125;-120,126;-120,127;-120,128;-119,124;-119,125;-119,126;-119,127;-119,128;-118,124;-118,125;-118,126;-118,127;-118,128;-117,124;-117,125;-117,126;-117,127;-117,128;-116,124;-116,125;-116,126;-116,127;-116,128;-115,124;-115,125;-115,126;-115,127;-115,128;-114,124;-114,125;-114,126;-114,127;-114,128
-120,90
-121,90
-121,91;-120,91
-120,-56;-119,-56
-120,-19;-120,-18;-120,-17;-120,-16;-120,-15;-119,-19;-119,-18;-119,-17;-119,-16;-119,-15;-118,-19;-118,-18;-118,-17;-118,-16;-118,-15;-117,-19;-117,-18;-117,-17;-117,-16;-117,-15;-116,-19;-116,-18;-116,-17;-116,-16;-116,-15
-115,-19
-115,-18
-115,-17
-115,-16
-115,-15
-114,-19
-114,-18
-114,-17
-114,-16
-114,-15
-113,-19
-113,-18
-113,-17
-113,-16
-113,-15
-111,-18
-111,-19
-112,-18
-112,-19
-120,20;-119,20
-120,21
-119,21
-118,5;-118,6;-118,7;-117,5;-117,6;-117,7;-116,5;-116,6;-116,7
-118,92;-118,91;-118,90;-117,92;-117,91;-117,90;-116,92;-116,91;-116,90;-115,92;-115,91;-115,90
-118,96
-117,96
-116,96
-115,96
-114,96
-118,95
-117,95
-116,95
-115,95
-114,95
-118,94
-117,94
-116,94
-115,94
-114,94
-118,93
-117,93
-116,93
-115,93
-114,93
-117,-35;-117,-34;-116,-35;-116,-34
-115,-67;-115,-66;-115,-65
-114,-33
-113,-56;-112,-56;-112,-55
-113,-38;-113,-36;-113,-37
-110,-43
-110,-31
-109,-95
-109,-27;-109,-26
-108,-41;-108,-40;-107,-41;-107,-40;-106,-41;-106,-40
-107,-94
-106,-94
-106,-45
-105,-147;-105,-146;-105,-145;-105,-144;-104,-147;-104,-146;-104,-145;-104,-144;-103,-147;-103,-146;-103,-145;-103,-144;-102,-147;-102,-146;-102,-145;-102,-144
-104,-45;-104,-44;-104,-43
-103,-97;-102,-97
-102,-100
-99,126;-99,127;-99,128;-99,129;-100,126;-100,127;-100,128;-100,129;-101,126;-101,127;-101,128;-101,129;-102,126;-102,127;-102,128;-102,129
-101,-100;-101,-99
-101,-45;-101,-44
-101,8;-101,9;-101,10;-100,8;-100,9;-100,10
-101,146
-100,-94
-100,-21
-99,-94;-98,-94
-99,-7;-99,-6;-99,-5;-98,-7;-98,-6;-98,-5
-98,-140
-97,-92;-97,-91;-97,-90;-96,-92;-96,-91;-96,-90;-95,-92;-95,-91;-95,-90
-97,-80;-97,-79;-97,-78;-96,-80;-96,-79;-96,-78;-95,-80;-95,-79;-95,-78;-94,-80;-94,-79;-94,-78;-93,-80;-93,-79;-93,-78;-92,-80;-92,-79;-92,-78;-91,-80;-91,-79;-91,-78
-96,112;-95,112;-94,112;-96,111;-95,111;-94,111;-96,110;-95,110;-94,110;-96,109;-95,109;-94,109;-96,108;-95,108;-94,108;-93,112;-92,112;-93,111;-92,111;-93,110;-92,110;-93,109;-92,109;-93,108;-92,108
-95,-40
-95,-21
-94,-40
-94,-39
-92,15;-93,15
-93,16;-92,16;-91,14;-91,15;-91,16;-91,17;-91,18;-91,19;-91,20;-91,21;-91,22;-91,23;-90,14;-89,12;-89,13;-89,14;-88,14;-87,14;-86,14;-85,14
-93,18;-92,18
-91,57
-91,58
-91,59
-91,60
-89,23;-90,23
-90,58
-89,-86;-89,-85;-89,-84;-88,-86;-88,-85;-88,-84;-87,-86;-87,-85;-87,-84
-85,12;-85,13
-78,-15
-74,32;-74,33;-74,34;-73,33;-73,34;-72,32;-72,33;-72,34;-71,32;-71,33;-71,34;-71,35;-70,32;-70,33;-70,34;-70,35
-71,-119;-71,-118;-70,-119;-70,-118
-71,-71
-71,-70
-71,-69
-71,-68
-71,-67
-71,-66
-71,-65
-71,-64
-71,-63
-71,-62
-71,-61
-71,-60
-71,-59
-71,-58
-71,-57
-71,-56
-71,-55
-71,-54
-71,-53
-71,-52
-70,-71
-70,-70
-70,-69
-70,-68
-70,-67
-70,-66
-70,-65
-70,-64
-70,-63
-70,-62
-70,-61
-70,-60
-70,-59
-70,-58
-70,-57
-70,-56
-70,-55
-70,-54
-70,-53
-70,-52
-69,-71
-69,-70
-69,-69
-69,-68
-69,-67
-69,-66
-69,-65
-69,-64
-69,-63
-69,-62
-69,-61
-69,-60
-69,-59
-69,-58
-69,-57
-69,-56
-69,-55
-69,-54
-69,-53
-69,-52
-68,-71
-68,-70
-68,-69
-68,-68
-68,-67
-68,-66
-68,-65
-68,-64
-68,-63
-68,-62
-68,-61
-68,-60
-68,-59
-68,-58
-68,-57
-68,-56
-68,-55
-68,-54
-68,-53
-68,-52
-67,-71
-67,-70
-67,-69
-67,-68
-67,-67
-67,-66
-67,-65
-67,-64
-67,-63
-67,-62
-67,-61
-67,-60
-67,-59
-67,-58
-67,-57
-67,-56
-67,-55
-67,-54
-67,-53
-67,-52
-66,-71
-66,-70
-66,-69
-66,-68
-66,-67
-66,-66
-66,-65
-66,-64
-66,-63
-66,-62
-66,-61
-66,-60
-66,-59
-66,-58
-66,-57
-66,-56
-66,-55
-66,-54
-66,-53
-66,-52
-65,-71
-65,-70
-65,-69
-65,-68
-65,-67
-65,-66
-65,-65
-65,-64
-65,-63
-65,-62
-65,-61
-65,-60
-65,-59
-65,-58
-65,-57
-65,-56
-65,-55
-65,-54
-65,-53
-65,-52
-64,-71
-64,-70
-64,-69
-64,-68
-64,-67
-64,-66
-64,-65
-64,-64
-64,-63
-64,-62
-64,-61
-64,-60
-64,-59
-64,-58
-64,-57
-64,-56
-64,-55
-64,-54
-64,-53
-64,-52
-63,-71
-63,-70
-63,-69
-63,-68
-63,-67
-63,-66
-63,-65
-63,-64
-63,-63
-63,-62
-63,-61
-63,-60
-63,-59
-63,-58
-63,-57
-63,-56
-63,-55
-63,-54
-63,-53
-63,-52
-62,-71
-62,-70
-62,-69
-62,-68
-62,-67
-62,-66
-62,-65
-62,-64
-62,-63
-62,-62
-62,-61
-62,-60
-62,-59
-62,-58
-62,-57
-62,-56
-62,-55
-62,-54
-62,-53
-62,-52
-61,-71
-61,-70
-61,-69
-61,-68
-61,-67
-61,-66
-61,-65
-61,-64
-61,-63
-61,-62
-61,-61
-61,-60
-61,-59
-61,-58
-61,-57
-61,-56
-61,-55
-61,-54
-61,-53
-61,-52
-60,-71
-60,-70
-60,-69
-60,-68
-60,-67
-60,-66
-60,-65
-60,-64
-60,-63
-60,-62
-60,-61
-60,-60
-60,-59
-60,-58
-60,-57
-60,-56
-60,-55
-60,-54
-60,-53
-60,-52
-59,-71
-59,-70
-59,-69
-59,-68
-59,-67
-59,-66
-59,-65
-59,-64
-59,-63
-59,-62
-59,-61
-59,-60
-59,-59
-59,-58
-59,-57
-59,-56
-59,-55
-59,-54
-59,-53
-59,-52
-58,-71
-58,-70
-58,-69
-58,-68
-58,-67
-58,-66
-58,-65
-58,-64
-58,-63
-58,-62
-58,-61
-58,-60
-58,-59
-58,-58
-58,-57
-58,-56
-58,-55
-58,-54
-58,-53
-58,-52
-57,-71
-57,-70
-57,-69
-57,-68
-57,-67
-57,-66
-57,-65
-57,-64
-57,-63
-57,-62
-57,-61
-57,-60
-57,-59
-57,-58
-57,-57
-57,-56
-57,-55
-57,-54
-57,-53
-57,-52
-56,-71
-56,-70
-56,-69
-56,-68
-56,-67
-56,-66
-56,-65
-56,-64
-56,-63
-56,-62
-56,-61
-56,-60
-56,-59
-56,-58
-56,-57
-56,-56
-56,-55
-56,-54
-56,-53
-56,-52
-55,-71
-55,-70
-55,-69
-55,-68
-55,-67
-55,-66
-55,-65
-55,-64
-55,-63
-55,-62
-55,-61
-55,-60
-55,-59
-55,-58
-55,-57
-55,-56
-55,-55
-55,-54
-55,-53
-55,-52
-54,-71
-54,-70
-54,-69
-54,-68
-54,-67
-54,-66
-54,-65
-54,-64
-54,-63
-54,-62
-54,-61
-54,-60
-54,-59
-54,-58
-54,-57
-54,-56
-54,-55
-54,-54
-54,-53
-54,-52
-53,-71
-53,-70
-53,-69
-53,-68
-53,-67
-53,-66
-53,-65
-53,-64
-53,-63
-53,-62
-53,-61
-53,-60
-53,-59
-53,-58
-53,-57
-53,-56
-53,-55
-53,-54
-53,-53
-53,-52
-52,-71
-52,-70
-52,-69
-52,-68
-52,-67
-52,-66
-52,-65
-52,-64
-52,-63
-52,-62
-52,-61
-52,-60
-52,-59
-52,-58
-52,-57
-52,-56
-52,-55
-52,-54
-52,-53
-52,-52
-71,77;-71,76;-70,77;-70,76;-69,77;-69,76
-71,80;-71,81;-70,80;-70,81;-69,80;-69,81
-69,-139
-69,-20
-68,-119
-68,141
-65,-128
-62,128;-62,129;-61,128;-61,129
-59,35
-59,127;-59,128
-58,127;-58,128;-57,127;-57,128;-56,127;-56,128;-55,127;-55,128;-54,127;-54,128
-57,-138;-56,-138
-56,44
-55,-127
-55,44
-54,-140
-54,34
-54,92
-53,91
-53,127;-53,128
-52,-98
-51,104;-51,103;-50,104;-49,104;-48,104;-47,104;-46,104;-45,104;-44,104;-50,103;-49,103;-48,103;-47,103;-46,103;-45,103;-44,103;-50,102;-49,102;-48,102;-47,102;-46,102;-45,102;-44,102
-49,-114;-49,-113;-49,-112;-49,-111;-48,-114;-48,-113;-48,-111;-48,-112
-49,73;-48,73;-47,73
-47,133;-47,134;-47,135;-47,136;-47,137;-46,133;-46,134;-46,135;-46,136;-46,137;-45,133;-45,134;-45,135;-45,136;-45,137;-44,133;-44,134;-44,135;-44,136;-44,137;-43,133;-43,134;-43,135;-43,136;-43,137;-42,133;-42,134;-42,135;-42,136;-42,137;-41,133;-41,134;-41,135;-41,136;-41,137;-40,133;-40,134;-40,135;-40,136;-40,137;-39,133;-39,134;-39,135;-39,136;-39,137;-38,133;-38,134;-38,135;-38,136;-38,137
-45,43;-45,42
-29,52;-28,52;-27,52;-29,53;-29,54;-28,53;-28,54;-27,53;-27,54
-44,74
-44,87
-43,-52
-43,6
-43,104;-42,104;-41,104;-40,104;-39,104;-38,104;-43,103;-42,103;-41,103;-40,103;-39,103;-38,103;-43,102;-42,102;-41,102;-40,102;-39,102
-39,110
-37,26;-36,26
-35,140
-32,-27
-33,-27
-34,-27
-34,48;-34,49
-32,48;-33,48
-31,3
-31,35;-31,36;-30,35;-30,36
-30,47;-30,46
-30,45;-31,45
-31,47;-31,46;-31,48
-30,-108;-30,-107;-29,-108;-29,-107
-30,11
-30,141;-29,141;-30,142;-29,142
-29,80;-29,81;-29,82;-29,83;-29,84;-28,83;-28,84;-29,85;-28,85;-27,85;-26,85;-28,80;-28,81;-28,82;-27,80;-27,81;-27,82;-27,83;-27,84;-26,80;-26,81;-26,82;-26,83;-26,84;-25,80;-25,81;-25,82;-25,83;-25,84;-24,83;-24,84;-25,85;-24,80;-24,81;-24,82;-24,85
-29,140;-28,140;-28,141;-28,142;-28,143;-27,142;-27,143;-27,140;-27,141;-26,141;-26,142;-26,143;-26,144;-25,141;-25,142;-25,143;-25,144;-24,140;-24,141
-28,-9;-28,-8;-28,-7;-27,-9;-27,-8;-27,-7;-26,-9;-26,-8;-26,-7
-26,88;-26,89;-26,90;-26,91;-26,92;-25,88;-25,89;-25,90;-25,91;-25,92;-24,88;-24,89;-24,90;-24,91;-24,92;-23,88;-23,89;-23,90;-23,91;-23,92
-25,140;-26,140
-25,-46;-25,-45;-24,-46;-24,-45;-23,-46;-23,-45;-22,-46;-22,-45
-25,-9;-25,-8;-24,-9;-24,-8
-25,34;-25,35
-23,-56;-23,-55;-22,-56;-22,-55
-22,145
-21,-53
-21,83;-21,84;-21,85;-21,86;-21,87;-21,88;-21,89;-21,90;-21,91;-21,92;-20,83;-20,84;-20,85;-20,86;-20,87;-20,88;-20,89;-20,90;-20,91;-20,92;-19,83;-19,84;-19,85;-19,86;-19,87;-19,88;-19,89;-19,90;-19,91;-19,92;-18,83;-18,84;-18,85;-18,86;-18,87;-18,88;-18,89;-18,90;-18,91;-18,92;-17,83;-17,84;-17,85;-17,86;-17,87;-17,88;-17,89;-17,90;-17,91;-17,92;-16,83;-16,84;-16,85;-16,86;-16,87;-16,88;-16,89;-16,90;-16,91;-16,92;-15,83;-15,84;-15,85;-15,86;-15,87;-15,88;-15,89;-15,90;-15,91;-15,92;-14,83;-14,84;-14,85;-14,86;-14,87;-14,88;-14,89;-14,90;-14,91;-14,92;-13,83;-13,84;-13,85;-13,86;-13,87;-13,88;-13,89;-13,90;-13,91;-13,92;-12,83;-12,84;-12,85;-12,86;-12,87;-12,88;-12,89;-12,90;-12,91;-12,92
-20,-133
-19,-132
-17,40
-15,-115
-14,-13
-13,30
-12,-65;-12,-64;-12,-63;-11,-65;-11,-64;-11,-63;-10,-65;-10,-64;-10,-63
-12,18;-12,19;-11,18;-11,19;-10,18;-10,19;-9,18;-9,19;-8,12;-8,13;-8,14;-8,15;-8,16;-8,17;-8,18;-8,19;-7,12;-7,13;-7,14;-7,15;-7,16;-7,17;-7,18;-7,19
-11,141;-11,142;-11,143;-11,144;-11,145;-11,146;-10,141;-10,142;-10,143;-8,146;-8,145;-8,144;-9,146;-9,145;-9,144;-10,146;-10,145;-10,144;-9,141;-9,142;-9,143;-8,141;-8,142;-8,143
-10,-147
-9,-128
-8,-123
-8,-66;-8,-65;-8,-64;-8,-63;-7,-66;-7,-65;-7,-64;-7,-63;-6,-66;-6,-65;-6,-64;-6,-63;-5,-66;-5,-65;-5,-64;-5,-63;-4,-66;-4,-65;-4,-64;-4,-63
-5,-128
-5,-127
-4,-128
-4,-127
-5,44;-5,45;-4,44;-4,45;-3,44;-3,45;-2,44;-2,45;-1,44;-1,45
-5,46;-4,46;-3,46;-2,46
-5,47;-4,47
-1,42
-1,120;-1,121;-1,122;0,120;0,121;0,122
2,-55
2,-54;3,-54
5,18;5,17;5,16;4,18;4,17;4,16;3,18;3,17;3,16;2,18;2,17;2,16
2,55;2,56;3,55;3,56
5,19
7,-36;7,-35;7,-34;7,-33;8,-36;8,-35;8,-34;8,-33;9,-36;9,-35;9,-34;9,-33;10,-36;10,-35;10,-34;10,-33
7,97;7,98;7,99;8,97;8,98;8,99;9,97;9,98;9,99;10,97;10,98;10,99;11,97;11,98;11,99
8,-142
11,-132
11,-43
11,145;11,146;11,147;11,148;11,149;12,145;12,146;12,147;12,148;12,149;13,145;13,146;13,147;13,148;13,149;14,145;14,146;14,147;14,148;14,149;15,145;15,146;15,147;15,148;15,149
12,-130
12,-131
12,-94
12,-48
12,-19;12,-18;13,-19;13,-18;14,-19;14,-18;15,-19;15,-18;16,-19;16,-18;17,-19;17,-18
13,15
23,85;23,84;23,83;24,85;24,84;24,83;25,85;25,84;25,83;26,85;26,84;26,83;27,85;27,84;27,83
23,82;23,81;23,80;23,79;23,78;23,77;23,76;23,75;24,82;24,81;24,80;24,79;24,78;24,77;24,76;24,75;25,82;25,81;25,80;25,79;25,78;25,77;25,76;25,75;26,82;26,81;26,80;26,79;26,78;26,77;26,76;26,75;27,82;27,81;27,80;27,79;27,78;27,77;27,76;27,75;28,82;28,81;28,80;28,79;28,78
15,63
16,-16;16,-15;17,-16;17,-15
16,-12;16,-11;17,-12;17,-11
19,-19;19,-18;20,-19;20,-18
19,-2
19,92
20,-125
21,9
21,129
22,-118;23,-118
22,69;22,70;22,71;23,69;23,70;23,71;24,69;24,70;24,71
22,89
23,-140;23,-139;24,-140;24,-139
24,-28
26,-144
26,-143
27,-144
27,-143
31,-116
32,24;33,24;33,23;32,23
31,90
32,90
32,91
32,92
33,90
33,91
34,91
33,92
34,90
34,92
35,-83;35,-82;35,-81;35,-80;36,-83;36,-82;36,-81;36,-80;37,-83;37,-82;37,-81;37,-80;38,-83;38,-82;38,-81;38,-80
35,10;36,10
35,90
36,8;36,9;37,8;37,9
38,97
36,102;37,102
37,-115
37,-114
37,-58;37,-57;38,-58;38,-57
38,30;38,31;38,32;39,30;39,31;39,32
38,103
40,-71;40,-70;41,-71;41,-70
40,-62
41,-62
40,-42;40,-41;40,-40;41,-42;41,-41;41,-40;42,-42;42,-41;42,-40
40,36;40,37;40,38;40,39;40,40;40,41;40,42;40,43;40,44;41,36;41,37;41,38;41,39;41,40;41,41;41,42;41,43;41,44;42,36;42,37;42,38;42,39;42,40;42,41;42,42;42,43;43,36;43,37;43,38;43,39;43,40;43,41;43,42;43,43
42,30;42,31;42,32;43,30;43,31;43,32
45,11;45,12;46,11;46,12
45,39;45,40;45,41;46,39;46,40;46,41
45,146;45,147;46,146;46,147;47,146;47,147;48,146;48,147
46,-52;47,-52
46,129
47,-46;47,-45;48,-45;49,-45;47,-44;48,-44;49,-44;47,-43;48,-43;49,-43;48,-46;49,-46
47,126;47,127;47,128;47,129;48,126;48,127;48,128;48,129;49,126;49,127;49,128;49,129;50,126;50,127;50,128;50,129;51,126;51,127;51,128;51,129
48,61;49,61
55,27;55,26;54,27;54,26;53,27;53,26;52,27;52,26
54,-42
54,28;55,28
56,-25
56,118
58,-24
59,132
61,-123
61,-27;61,-26;62,-27;62,-26
63,-116
63,16;63,17;63,18;63,19;64,16;64,17;64,18;64,19;65,16;65,17;65,18;65,19;66,16;66,17;66,18;66,19;67,16;67,17;67,18;67,19;68,16;68,17;68,18;68,19;69,16;69,17;69,18;69,19
66,-1;66,-2;67,-1;67,-2
66,13;66,14;67,13;67,14;68,13;68,14
66,32
67,-29
67,29
69,31
74,-129
87,-130
74,-137
79,-138
74,-103;75,-103;76,-103;74,-104;75,-104;76,-104
74,-105;75,-105;74,-106;75,-106
78,-105
74,-80;75,-80;76,-80;77,-80;78,-80;79,-80;80,-80;81,-80;82,-80;83,-80;84,-80;85,-80;86,-80;87,-80;88,-80;74,-81;75,-81;76,-81;77,-81;78,-81;79,-81;80,-81;81,-81;82,-81;83,-81;84,-81;85,-81;86,-81;87,-81;88,-81;74,-82;75,-82;76,-82;77,-82;78,-82;79,-82;80,-82;81,-82;82,-82;83,-82;84,-82;85,-82;86,-82;87,-82;88,-82;74,-83;75,-83;76,-83;77,-83;78,-83;79,-83;80,-83;81,-83;82,-83;83,-83;84,-83;85,-83;86,-83;87,-83;88,-83;74,-84;75,-84;76,-84;77,-84;78,-84;79,-84;80,-84;81,-84;82,-84;83,-84;84,-84;85,-84;86,-84;87,-84;88,-84;74,-85;75,-85;76,-85;77,-85;78,-85;79,-85;80,-85;81,-85;82,-85;83,-85;84,-85;85,-85;86,-85;87,-85;88,-85;74,-86;75,-86;76,-86;77,-86;78,-86;79,-86;80,-86;81,-86;82,-86;83,-86;84,-86;85,-86;86,-86;87,-86;88,-86;74,-87;75,-87;76,-87;77,-87;78,-87;79,-87;80,-87;81,-87;82,-87;83,-87;84,-87;85,-87;86,-87;87,-87;88,-87;74,-88;75,-88;76,-88;77,-88;78,-88;79,-88;80,-88;81,-88;82,-88;83,-88;84,-88;85,-88;86,-88;87,-88;88,-88;74,-89;75,-89;76,-89;77,-89;78,-89;79,-89;80,-89;81,-89;82,-89;83,-89;84,-89;85,-89;86,-89;87,-89;88,-89;74,-90;75,-90;76,-90;77,-90;78,-90;79,-90;80,-90;81,-90;82,-90;83,-90;84,-90;85,-90;86,-90;87,-90;88,-90;74,-91;75,-91;76,-91;77,-91;78,-91;79,-91;80,-91;81,-91;82,-91;83,-91;84,-91;85,-91;86,-91;87,-91;88,-91;74,-92;75,-92;76,-92;77,-92;78,-92;79,-92;80,-92;81,-92;82,-92;83,-92;84,-92;85,-92;86,-92;87,-92;88,-92;74,-93;75,-93;76,-93;77,-93;78,-93;79,-93;80,-93;81,-93;82,-93;83,-93;84,-93;85,-93;86,-93;87,-93;88,-93;74,-94;75,-94;76,-94;77,-94;78,-94;79,-94;80,-94;81,-94;82,-94;83,-94;84,-94;85,-94;86,-94;87,-94;88,-94;74,-76;75,-76;76,-76;77,-76;78,-76;79,-76;80,-76;81,-76;82,-76;83,-76;84,-76;85,-76;86,-76;87,-76;88,-76;74,-77;75,-77;76,-77;77,-77;78,-77;79,-77;80,-77;81,-77;82,-77;83,-77;84,-77;85,-77;86,-77;87,-77;88,-77;74,-78;75,-78;76,-78;77,-78;78,-78;79,-78;80,-78;81,-78;82,-78;83,-78;84,-78;85,-78;86,-78;87,-78;88,-78;74,-79;75,-79;76,-79;77,-79;78,-79;79,-79;80,-79;81,-79;82,-79;83,-79;84,-79;85,-79;86,-79;87,-79;88,-79
74,-65;75,-65;76,-65;77,-65;78,-65;79,-65;80,-65;81,-65;82,-65;83,-65;84,-65;85,-65;86,-65;87,-65;88,-65;74,-66;75,-66;76,-66;77,-66;78,-66;79,-66;80,-66;81,-66;82,-66;83,-66;84,-66;85,-66;86,-66;87,-66;88,-66;74,-64;74,-63;74,-62;74,-61;74,-60;74,-59;74,-58;75,-64;75,-63;75,-62;75,-61;75,-60;75,-59;75,-58;76,-64;76,-63;76,-62;76,-61;76,-60;76,-59;76,-58;77,-64;77,-63;77,-62;77,-61;77,-60;77,-59;77,-58;78,-64;78,-63;78,-62;78,-61;78,-60;78,-59;78,-58;79,-64;79,-63;79,-62;79,-61;79,-60;79,-59;79,-58;80,-64;80,-63;80,-62;80,-61;80,-60;80,-59;80,-58;81,-64;81,-63;81,-62;81,-61;81,-60;81,-59;81,-58;82,-64;82,-63;82,-62;82,-61;82,-60;82,-59;82,-58;83,-64;83,-63;83,-62;83,-61;83,-60;83,-59;83,-58;84,-64;84,-63;84,-62;84,-61;84,-60;84,-59;84,-58;85,-64;85,-63;85,-62;85,-61;85,-60;85,-59;85,-58;86,-64;86,-63;86,-62;86,-61;86,-60;86,-59;86,-58;87,-64;87,-63;87,-62;87,-61;87,-60;87,-59;87,-58;88,-64;88,-63;88,-62;88,-61;88,-60;88,-59;88,-58
74,-67;75,-67;76,-67;77,-67;78,-67;79,-67;80,-67;81,-67;82,-67;83,-67;84,-67;85,-67;86,-67;87,-67;88,-67;74,-68;75,-68;76,-68;77,-68;78,-68;79,-68;80,-68;81,-68;82,-68;83,-68;84,-68;85,-68;86,-68;87,-68;88,-68;74,-69;75,-69;76,-69;77,-69;78,-69;79,-69;80,-69;81,-69;82,-69;83,-69;84,-69;85,-69;86,-69;87,-69;88,-69;74,-70;75,-70;76,-70;77,-70;78,-70;79,-70;80,-70;81,-70;82,-70;83,-70;84,-70;85,-70;86,-70;87,-70;88,-70;74,-71;75,-71;76,-71;77,-71;78,-71;79,-71;80,-71;81,-71;82,-71;83,-71;84,-71;85,-71;86,-71;87,-71;88,-71;74,-72;75,-72;76,-72;77,-72;78,-72;79,-72;80,-72;81,-72;82,-72;83,-72;84,-72;85,-72;86,-72;87,-72;88,-72;74,-73;75,-73;76,-73;77,-73;78,-73;79,-73;80,-73;81,-73;82,-73;83,-73;84,-73;85,-73;86,-73;87,-73;88,-73;74,-74;75,-74;76,-74;77,-74;78,-74;79,-74;80,-74;81,-74;82,-74;83,-74;84,-74;85,-74;86,-74;87,-74;88,-74;74,-75;75,-75;76,-75;77,-75;78,-75;79,-75;80,-75;81,-75;82,-75;83,-75;84,-75;85,-75;86,-75;87,-75;88,-75
74,48;75,48;76,50;74,50;75,50;74,49;75,49;76,49;76,48;77,48;77,49;77,50;78,50;78,49;78,48;74,46;74,47;75,46;75,47;76,47;77,47;78,47;78,46;78,45;79,46;79,45;80,46;80,45
74,51;75,56;75,55;75,54;75,53;75,52;75,51;74,56;74,55;74,54;74,53;74,52;76,56;76,55;76,54;76,53;76,52;76,51;77,56;77,55;77,54;77,53;77,52;77,51;78,56;78,55;78,54;78,53;78,52;78,51;79,56;79,55;79,54;79,53;79,52;79,51
75,60;75,61;75,62;75,63;75,64;75,65;76,60;76,61;76,62;76,63;76,64;76,65;77,60;77,61;77,62;77,63;77,64;77,65;78,60;78,61;78,62;78,63;78,64;78,65;79,60;79,61;79,62;79,63;79,64;79,65
83,46;84,47;84,46;83,47;82,47;81,47;80,47;79,47;81,51;82,51;79,50;79,49;79,48;80,51;81,50;81,49;81,48;82,50;82,49;82,48;80,50;80,49;80,48
80,54;81,56;82,56;80,55;81,55;82,55;80,56;81,54;82,54;80,52;82,53;80,53;81,53;81,52;82,52;83,48;84,56;83,56;84,55;83,55;84,54;83,54;84,53;83,53;84,52;83,52;84,51;83,51;84,50;83,50;84,49;83,49;84,48
83,-16
85,48;85,54;86,54;85,53;86,53;85,52;86,52;85,51;86,51;85,50;86,50;85,49;86,49;86,48;87,51;87,52;88,51;88,52;89,51;89,52;90,51;90,52;87,48;87,49;87,50;88,48;88,49;88,50;89,48;89,49;89,50;90,48;90,49;90,50;85,46;85,47;86,47;86,46
85,55;86,56;87,56;88,56;89,56;90,56;91,56;92,56;93,56;94,56;85,56;86,55;87,55;88,55;89,55;90,55;91,55;92,55;93,55;94,55;87,53;88,54;89,54;90,54;91,54;92,54;93,54;94,54;87,54;88,53;89,53;90,53;91,53;92,53;93,53;94,53
87,-16;87,-15;87,-14;87,-13;87,-12;88,-16;88,-15;88,-14;88,-13;88,-12;89,-16;89,-15;89,-14;89,-13;89,-12;90,-16;90,-15;90,-14;90,-13;90,-12
91,48;91,52;91,51;91,50;91,49;92,52;92,51;92,50;92,49;92,48;93,52;93,51;93,50;93,49;93,48;94,52;94,51;94,50;94,49;94,48;87,46;87,47;88,46;88,47;89,46;89,47;90,46;90,47;91,46;91,47;92,46;92,47;93,46;93,47;94,46;94,47
104,-135
89,-80;90,-80;91,-80;92,-80;93,-80;94,-80;95,-80;96,-80;97,-80;98,-80;99,-80;100,-80;101,-80;102,-80;103,-80;104,-80;105,-80;106,-80;89,-81;90,-81;91,-81;92,-81;93,-81;94,-81;95,-81;96,-81;97,-81;98,-81;99,-81;100,-81;101,-81;102,-81;103,-81;104,-81;105,-81;106,-81;89,-82;90,-82;91,-82;92,-82;93,-82;94,-82;95,-82;96,-82;97,-82;98,-82;99,-82;100,-82;101,-82;102,-82;103,-82;104,-82;105,-82;106,-82;89,-83;90,-83;91,-83;92,-83;93,-83;94,-83;95,-83;96,-83;97,-83;98,-83;99,-83;100,-83;101,-83;102,-83;103,-83;104,-83;105,-83;106,-83;89,-84;90,-84;91,-84;92,-84;93,-84;94,-84;95,-84;96,-84;97,-84;98,-84;99,-84;100,-84;101,-84;102,-84;103,-84;104,-84;105,-84;106,-84;89,-85;90,-85;91,-85;92,-85;93,-85;94,-85;95,-85;96,-85;97,-85;98,-85;99,-85;100,-85;101,-85;102,-85;103,-85;104,-85;105,-85;106,-85;89,-86;90,-86;91,-86;92,-86;93,-86;94,-86;95,-86;96,-86;97,-86;98,-86;99,-86;100,-86;101,-86;102,-86;103,-86;104,-86;105,-86;106,-86;89,-87;90,-87;91,-87;92,-87;93,-87;94,-87;95,-87;96,-87;97,-87;98,-87;99,-87;100,-87;101,-87;102,-87;103,-87;104,-87;105,-87;106,-87;89,-88;90,-88;91,-88;92,-88;93,-88;94,-88;95,-88;96,-88;97,-88;98,-88;99,-88;100,-88;101,-88;102,-88;103,-88;104,-88;105,-88;106,-88;89,-89;90,-89;91,-89;92,-89;93,-89;94,-89;95,-89;96,-89;97,-89;98,-89;99,-89;100,-89;101,-89;102,-89;103,-89;104,-89;105,-89;106,-89;89,-90;90,-90;91,-90;92,-90;93,-90;94,-90;95,-90;96,-90;97,-90;98,-90;99,-90;100,-90;101,-90;102,-90;103,-90;104,-90;105,-90;106,-90;89,-91;90,-91;91,-91;92,-91;93,-91;94,-91;95,-91;96,-91;97,-91;98,-91;99,-91;100,-91;101,-91;102,-91;103,-91;104,-91;105,-91;106,-91;89,-92;90,-92;91,-92;92,-92;93,-92;94,-92;95,-92;96,-92;97,-92;98,-92;99,-92;100,-92;101,-92;102,-92;103,-92;104,-92;105,-92;106,-92;89,-93;90,-93;91,-93;92,-93;93,-93;94,-93;95,-93;96,-93;97,-93;98,-93;99,-93;100,-93;101,-93;102,-93;103,-93;104,-93;105,-93;106,-93;89,-94;90,-94;91,-94;92,-94;93,-94;94,-94;95,-94;96,-94;97,-94;98,-94;99,-94;100,-94;101,-94;102,-94;103,-94;104,-94;105,-94;106,-94;89,-76;90,-76;91,-76;92,-76;93,-76;94,-76;95,-76;96,-76;97,-76;98,-76;99,-76;100,-76;101,-76;102,-76;103,-76;104,-76;105,-76;106,-76;89,-77;90,-77;91,-77;92,-77;93,-77;94,-77;95,-77;96,-77;97,-77;98,-77;99,-77;100,-77;101,-77;102,-77;103,-77;104,-77;105,-77;106,-77;89,-78;90,-78;91,-78;92,-78;93,-78;94,-78;95,-78;96,-78;97,-78;98,-78;99,-78;100,-78;101,-78;102,-78;103,-78;104,-78;105,-78;106,-78;89,-79;90,-79;91,-79;92,-79;93,-79;94,-79;95,-79;96,-79;97,-79;98,-79;99,-79;100,-79;101,-79;102,-79;103,-79;104,-79;105,-79;106,-79
89,-65;90,-65;91,-65;92,-65;93,-65;94,-65;95,-65;96,-65;97,-65;98,-65;99,-65;100,-65;101,-65;102,-65;103,-65;104,-65;105,-65;106,-65;89,-66;90,-66;91,-66;92,-66;93,-66;94,-66;95,-66;96,-66;97,-66;98,-66;99,-66;100,-66;101,-66;102,-66;103,-66;104,-66;105,-66;106,-66;89,-67;90,-67;91,-67;92,-67;93,-67;94,-67;95,-67;96,-67;97,-67;98,-67;99,-67;100,-67;101,-67;102,-67;103,-67;104,-67;105,-67;106,-67;89,-68;90,-68;91,-68;92,-68;93,-68;94,-68;95,-68;96,-68;97,-68;98,-68;99,-68;100,-68;101,-68;102,-68;103,-68;104,-68;105,-68;106,-68;89,-69;90,-69;91,-69;92,-69;93,-69;94,-69;95,-69;96,-69;97,-69;98,-69;99,-69;100,-69;101,-69;102,-69;103,-69;104,-69;105,-69;106,-69;89,-70;90,-70;91,-70;92,-70;93,-70;94,-70;95,-70;96,-70;97,-70;98,-70;99,-70;100,-70;101,-70;102,-70;103,-70;104,-70;105,-70;106,-70;89,-71;90,-71;91,-71;92,-71;93,-71;94,-71;95,-71;96,-71;97,-71;98,-71;99,-71;100,-71;101,-71;102,-71;103,-71;104,-71;105,-71;106,-71;89,-72;90,-72;91,-72;92,-72;93,-72;94,-72;95,-72;96,-72;97,-72;98,-72;99,-72;100,-72;101,-72;102,-72;103,-72;104,-72;105,-72;106,-72;89,-73;90,-73;91,-73;92,-73;93,-73;94,-73;95,-73;96,-73;97,-73;98,-73;99,-73;100,-73;101,-73;102,-73;103,-73;104,-73;105,-73;106,-73;89,-74;90,-74;91,-74;92,-74;93,-74;94,-74;95,-74;96,-74;97,-74;98,-74;99,-74;100,-74;101,-74;102,-74;103,-74;104,-74;105,-74;106,-74;89,-75;90,-75;91,-75;92,-75;93,-75;94,-75;95,-75;96,-75;97,-75;98,-75;99,-75;100,-75;101,-75;102,-75;103,-75;104,-75;105,-75;106,-75;89,-64;89,-63;89,-62;89,-61;89,-60;89,-59;89,-58;90,-64;90,-63;90,-62;90,-61;90,-60;90,-59;90,-58;91,-64;91,-63;91,-62;91,-61;91,-60;91,-59;91,-58;92,-64;92,-63;92,-62;92,-61;92,-60;92,-59;92,-58;93,-64;93,-63;93,-62;93,-61;93,-60;93,-59;93,-58;94,-64;94,-63;94,-62;94,-61;94,-60;94,-59;94,-58;95,-64;95,-63;95,-62;95,-61;95,-60;95,-59;95,-58;96,-64;96,-63;96,-62;96,-61;96,-60;96,-59;96,-58;97,-64;97,-63;97,-62;97,-61;97,-60;97,-59;97,-58;98,-64;98,-63;98,-62;98,-61;98,-60;98,-59;98,-58;99,-64;99,-63;99,-62;99,-61;99,-60;99,-59;99,-58;100,-64;100,-63;100,-62;100,-61;100,-60;100,-59;100,-58;101,-64;101,-63;101,-62;101,-61;101,-60;101,-59;101,-58;102,-64;102,-63;102,-62;102,-61;102,-60;102,-59;102,-58;103,-64;103,-63;103,-62;103,-61;103,-60;103,-59;103,-58;104,-64;104,-63;104,-62;104,-61;104,-60;104,-59;104,-58;105,-64;105,-63;105,-62;105,-61;105,-60;105,-59;105,-58;106,-64;106,-63;106,-62;106,-61;106,-60;106,-59;106,-58
90,38
94,-33;95,-33
100,83;100,84;101,84;102,84;100,85;101,85;102,85;103,85;100,86;101,86;102,86;103,86;101,83;102,83;103,83;103,84
98,-139;99,-139
100,77;100,78;100,79;100,80;100,81;101,77;101,78;101,79;101,80;101,81;102,77;102,78;102,79;102,80;102,81;103,77;103,78;103,79;103,80;103,81;104,77;104,78;104,79;104,80;104,81;105,77;105,78;105,79;105,80;105,81;106,77;106,78;106,79;106,80;106,81;107,79;107,78;107,77;101,76;102,76;103,76;104,76;105,76;106,76;103,75;104,75;100,82;101,82;102,82;103,82;104,82
103,-32
103,-31
104,60
107,-133
118,-118;119,-118;120,-118;121,-118;122,-118;118,-119;119,-119;120,-119;121,-119;122,-119;118,-120;119,-120;120,-120;121,-120;122,-120;118,-121;119,-121;120,-121;121,-121;122,-121
116,-120
119,-124
107,-102
108,-102
107,-103
108,-103
118,-110;119,-110
107,-80;108,-80;109,-80;110,-80;111,-80;112,-80;113,-80;114,-80;115,-80;116,-80;117,-80;118,-80;119,-80;120,-80;121,-80;122,-80;123,-80;107,-81;108,-81;109,-81;110,-81;111,-81;112,-81;113,-81;114,-81;115,-81;116,-81;117,-81;118,-81;119,-81;120,-81;121,-81;122,-81;123,-81;107,-82;108,-82;109,-82;110,-82;111,-82;112,-82;113,-82;114,-82;115,-82;116,-82;117,-82;118,-82;119,-82;120,-82;121,-82;122,-82;123,-82;107,-83;108,-83;109,-83;110,-83;111,-83;112,-83;113,-83;114,-83;115,-83;116,-83;117,-83;118,-83;119,-83;120,-83;121,-83;122,-83;123,-83;107,-84;108,-84;109,-84;110,-84;111,-84;112,-84;113,-84;114,-84;115,-84;116,-84;117,-84;118,-84;119,-84;120,-84;121,-84;122,-84;123,-84;107,-85;108,-85;109,-85;110,-85;111,-85;112,-85;113,-85;114,-85;115,-85;116,-85;117,-85;118,-85;119,-85;120,-85;121,-85;122,-85;123,-85;107,-86;108,-86;109,-86;110,-86;111,-86;112,-86;113,-86;114,-86;115,-86;116,-86;117,-86;118,-86;119,-86;120,-86;121,-86;122,-86;123,-86;107,-87;108,-87;109,-87;110,-87;111,-87;112,-87;113,-87;114,-87;115,-87;116,-87;117,-87;118,-87;119,-87;120,-87;121,-87;122,-87;123,-87;107,-88;108,-88;109,-88;110,-88;111,-88;112,-88;113,-88;114,-88;115,-88;116,-88;117,-88;118,-88;119,-88;120,-88;121,-88;122,-88;123,-88;107,-89;108,-89;109,-89;110,-89;111,-89;112,-89;113,-89;114,-89;115,-89;116,-89;117,-89;118,-89;119,-89;120,-89;121,-89;122,-89;123,-89;107,-90;108,-90;109,-90;110,-90;111,-90;112,-90;113,-90;114,-90;115,-90;116,-90;117,-90;118,-90;119,-90;120,-90;121,-90;122,-90;123,-90;107,-91;108,-91;109,-91;110,-91;111,-91;112,-91;113,-91;114,-91;115,-91;116,-91;117,-91;118,-91;119,-91;120,-91;121,-91;122,-91;123,-91;107,-92;108,-92;109,-92;110,-92;111,-92;112,-92;113,-92;114,-92;115,-92;116,-92;117,-92;118,-92;119,-92;120,-92;121,-92;122,-92;123,-92;107,-93;108,-93;109,-93;110,-93;111,-93;112,-93;113,-93;114,-93;115,-93;116,-93;117,-93;118,-93;119,-93;120,-93;121,-93;122,-93;123,-93;107,-94;108,-94;109,-94;110,-94;111,-94;112,-94;113,-94;114,-94;115,-94;116,-94;117,-94;118,-94;119,-94;120,-94;121,-94;122,-94;123,-94;107,-76;108,-76;109,-76;110,-76;111,-76;112,-76;113,-76;114,-76;115,-76;116,-76;117,-76;118,-76;119,-76;120,-76;121,-76;122,-76;123,-76;107,-77;108,-77;109,-77;110,-77;111,-77;112,-77;113,-77;114,-77;115,-77;116,-77;117,-77;118,-77;119,-77;120,-77;121,-77;122,-77;123,-77;107,-78;108,-78;109,-78;110,-78;111,-78;112,-78;113,-78;114,-78;115,-78;116,-78;117,-78;118,-78;119,-78;120,-78;121,-78;122,-78;123,-78;107,-79;108,-79;109,-79;110,-79;111,-79;112,-79;113,-79;114,-79;115,-79;116,-79;117,-79;118,-79;119,-79;120,-79;121,-79;122,-79;123,-79
107,-65;108,-65;109,-65;110,-65;111,-65;112,-65;113,-65;114,-65;115,-65;116,-65;117,-65;118,-65;119,-65;120,-65;121,-65;122,-65;123,-65;107,-66;108,-66;109,-66;110,-66;111,-66;112,-66;113,-66;114,-66;115,-66;116,-66;117,-66;118,-66;119,-66;120,-66;121,-66;122,-66;123,-66;107,-67;108,-67;109,-67;110,-67;111,-67;112,-67;113,-67;114,-67;115,-67;116,-67;117,-67;118,-67;119,-67;120,-67;121,-67;122,-67;123,-67;107,-68;108,-68;109,-68;110,-68;111,-68;112,-68;113,-68;114,-68;115,-68;116,-68;117,-68;118,-68;119,-68;120,-68;121,-68;122,-68;123,-68;107,-69;108,-69;109,-69;110,-69;111,-69;112,-69;113,-69;114,-69;115,-69;116,-69;117,-69;118,-69;119,-69;120,-69;121,-69;122,-69;123,-69;107,-70;108,-70;109,-70;110,-70;111,-70;112,-70;113,-70;114,-70;115,-70;116,-70;117,-70;118,-70;119,-70;120,-70;121,-70;122,-70;123,-70;107,-71;108,-71;109,-71;110,-71;111,-71;112,-71;113,-71;114,-71;115,-71;116,-71;117,-71;118,-71;119,-71;120,-71;121,-71;122,-71;123,-71;107,-72;108,-72;109,-72;110,-72;111,-72;112,-72;113,-72;114,-72;115,-72;116,-72;117,-72;118,-72;119,-72;120,-72;121,-72;122,-72;123,-72;107,-73;108,-73;109,-73;110,-73;111,-73;112,-73;113,-73;114,-73;115,-73;116,-73;117,-73;118,-73;119,-73;120,-73;121,-73;122,-73;123,-73;107,-74;108,-74;109,-74;110,-74;111,-74;112,-74;113,-74;114,-74;115,-74;116,-74;117,-74;118,-74;119,-74;120,-74;121,-74;122,-74;123,-74;107,-75;108,-75;109,-75;110,-75;111,-75;112,-75;113,-75;114,-75;115,-75;116,-75;117,-75;118,-75;119,-75;120,-75;121,-75;122,-75;123,-75;107,-64;107,-63;107,-62;107,-61;107,-60;107,-59;107,-58;108,-64;108,-63;108,-62;108,-61;108,-60;108,-59;108,-58;109,-64;109,-63;109,-62;109,-61;109,-60;109,-59;109,-58;110,-64;110,-63;110,-62;110,-61;110,-60;110,-59;110,-58;111,-64;111,-63;111,-62;111,-61;111,-60;111,-59;111,-58;112,-64;112,-63;112,-62;112,-61;112,-60;112,-59;112,-58;113,-64;113,-63;113,-62;113,-61;113,-60;113,-59;113,-58;114,-64;114,-63;114,-62;114,-61;114,-60;114,-59;114,-58;115,-58;116,-58;117,-58;118,-58;119,-58;120,-58;121,-58;122,-58;123,-58;115,-64;115,-63;115,-62;115,-61;115,-60;115,-59;116,-64;116,-63;116,-62;116,-61;116,-60;116,-59;117,-64;117,-63;117,-62;117,-61;117,-60;117,-59;118,-64;118,-63;118,-62;118,-61;118,-60;118,-59;119,-64;119,-63;119,-62;119,-61;119,-60;119,-59;120,-64;120,-63;120,-62;120,-61;120,-60;120,-59;121,-64;121,-63;121,-62;121,-61;121,-60;121,-59;122,-64;122,-63;122,-62;122,-61;122,-60;122,-59;123,-64;123,-63;123,-62;123,-61;123,-60;123,-59
109,-21;110,-21;111,-21;109,-22;110,-22;111,-22;108,-23;109,-23;110,-23;111,-23;112,-23;110,-24;111,-24;112,-22;111,-25;112,-25;112,-24;113,-25
109,-34;109,-33;109,-32;110,-34;110,-33;110,-32;111,-34;111,-33;111,-32
124,-58;125,-58;126,-58;127,-58;128,-58;129,-58;130,-58;131,-58;132,-58;133,-58;134,-58;135,-58;136,-58;137,-58;138,-58;124,-65;125,-65;126,-65;127,-65;128,-65;129,-65;130,-65;131,-65;132,-65;133,-65;134,-65;135,-65;136,-65;137,-65;138,-65;124,-66;125,-66;126,-66;127,-66;128,-66;129,-66;130,-66;131,-66;132,-66;133,-66;134,-66;135,-66;136,-66;137,-66;138,-66;124,-67;125,-67;126,-67;127,-67;128,-67;129,-67;130,-67;131,-67;132,-67;133,-67;134,-67;135,-67;136,-67;137,-67;138,-67;124,-68;125,-68;126,-68;127,-68;128,-68;129,-68;130,-68;131,-68;132,-68;133,-68;134,-68;135,-68;136,-68;137,-68;138,-68;124,-69;125,-69;126,-69;127,-69;128,-69;129,-69;130,-69;131,-69;132,-69;133,-69;134,-69;135,-69;136,-69;137,-69;138,-69;124,-70;125,-70;126,-70;127,-70;128,-70;129,-70;130,-70;131,-70;132,-70;133,-70;134,-70;135,-70;136,-70;137,-70;138,-70;124,-71;125,-71;126,-71;127,-71;128,-71;129,-71;130,-71;131,-71;132,-71;133,-71;134,-71;135,-71;136,-71;137,-71;138,-71;124,-72;125,-72;126,-72;127,-72;128,-72;129,-72;130,-72;131,-72;132,-72;133,-72;134,-72;135,-72;136,-72;137,-72;138,-72;124,-73;125,-73;126,-73;127,-73;128,-73;129,-73;130,-73;131,-73;132,-73;133,-73;134,-73;135,-73;136,-73;137,-73;138,-73;124,-74;125,-74;126,-74;127,-74;128,-74;129,-74;130,-74;131,-74;132,-74;133,-74;134,-74;135,-74;136,-74;137,-74;138,-74;124,-75;125,-75;126,-75;127,-75;128,-75;129,-75;130,-75;131,-75;132,-75;133,-75;134,-75;135,-75;136,-75;137,-75;138,-75;124,-64;124,-63;124,-62;124,-61;124,-60;124,-59;125,-64;125,-63;125,-62;125,-61;125,-60;125,-59;126,-64;126,-63;126,-62;126,-61;126,-60;126,-59;127,-64;127,-63;127,-62;127,-61;127,-60;127,-59;128,-64;128,-63;128,-62;128,-61;128,-60;128,-59;129,-64;129,-63;129,-62;129,-61;129,-60;129,-59;130,-64;130,-63;130,-62;130,-61;130,-60;130,-59;131,-64;131,-63;131,-62;131,-61;131,-60;131,-59;132,-64;132,-63;132,-62;132,-61;132,-60;132,-59;133,-64;133,-63;133,-62;133,-61;133,-60;133,-59;134,-64;134,-63;134,-62;134,-61;134,-60;134,-59;135,-64;135,-63;135,-62;135,-61;135,-60;135,-59;136,-64;136,-63;136,-62;136,-61;136,-60;137,-60;136,-59;137,-64;137,-63;137,-62;137,-61;137,-59;138,-64;138,-63;138,-62;138,-61;138,-60;138,-59
114,-22
119,-12;119,-11;120,-12;120,-11
117,-8;118,-8
122,-12
122,-11
128,-122;129,-122;128,-123;129,-123
131,-126
131,-127
134,-130;135,-130;134,-131;135,-131
124,-80;125,-80;126,-80;127,-80;128,-80;129,-80;130,-80;131,-80;132,-80;133,-80;134,-80;135,-80;136,-80;137,-80;138,-80;124,-81;125,-81;126,-81;127,-81;128,-81;129,-81;130,-81;131,-81;132,-81;133,-81;134,-81;135,-81;136,-81;137,-81;138,-81;124,-82;125,-82;126,-82;127,-82;128,-82;129,-82;130,-82;131,-82;132,-82;133,-82;134,-82;135,-82;136,-82;137,-82;138,-82;124,-83;125,-83;126,-83;127,-83;128,-83;129,-83;130,-83;131,-83;132,-83;133,-83;134,-83;135,-83;136,-83;137,-83;138,-83;124,-84;125,-84;126,-84;127,-84;128,-84;129,-84;130,-84;131,-84;132,-84;133,-84;134,-84;135,-84;136,-84;137,-84;138,-84;124,-85;125,-85;126,-85;127,-85;128,-85;129,-85;130,-85;131,-85;132,-85;133,-85;134,-85;135,-85;136,-85;137,-85;138,-85;124,-86;125,-86;126,-86;127,-86;128,-86;129,-86;130,-86;131,-86;132,-86;133,-86;134,-86;135,-86;136,-86;137,-86;138,-86;124,-87;125,-87;126,-87;127,-87;128,-87;129,-87;130,-87;131,-87;132,-87;133,-87;134,-87;135,-87;136,-87;137,-87;138,-87;124,-88;125,-88;126,-88;127,-88;128,-88;129,-88;130,-88;131,-88;132,-88;133,-88;134,-88;135,-88;136,-88;137,-88;138,-88;124,-89;125,-89;126,-89;127,-89;128,-89;129,-89;130,-89;131,-89;132,-89;133,-89;134,-89;135,-89;136,-89;137,-89;138,-89;124,-90;125,-90;126,-90;127,-90;128,-90;129,-90;130,-90;131,-90;132,-90;133,-90;134,-90;135,-90;136,-90;137,-90;138,-90;124,-91;125,-91;126,-91;127,-91;128,-91;129,-91;130,-91;131,-91;132,-91;133,-91;134,-91;135,-91;136,-91;137,-91;138,-91;124,-92;125,-92;126,-92;127,-92;128,-92;129,-92;130,-92;131,-92;132,-92;133,-92;134,-92;135,-92;136,-92;137,-92;138,-92;124,-93;125,-93;126,-93;127,-93;128,-93;129,-93;130,-93;131,-93;132,-93;133,-93;134,-93;135,-93;136,-93;137,-93;138,-93;124,-94;125,-94;126,-94;127,-94;128,-94;129,-94;130,-94;131,-94;132,-94;133,-94;134,-94;135,-94;136,-94;137,-94;138,-94;124,-76;125,-76;126,-76;127,-76;128,-76;129,-76;130,-76;131,-76;132,-76;133,-76;134,-76;135,-76;136,-76;137,-76;138,-76;124,-77;125,-77;126,-77;127,-77;128,-77;129,-77;130,-77;131,-77;132,-77;133,-77;134,-77;135,-77;136,-77;137,-77;138,-77;124,-78;125,-78;126,-78;127,-78;128,-78;129,-78;130,-78;131,-78;132,-78;133,-78;134,-78;135,-78;136,-78;137,-78;138,-78;124,-79;125,-79;126,-79;127,-79;128,-79;129,-79;130,-79;131,-79;132,-79;133,-79;134,-79;135,-79;136,-79;137,-79;138,-79
124,-11
124,-10
126,-19
128,32;128,33
129,-9
129,-4;129,-3;129,-2;130,-4;130,-3;130,-2
131,-4;131,-3;131,-2
131,-8
133,-5
136,-144;136,-143;136,-142;136,-141;137,-144;137,-143;137,-142;137,-141;138,-141;138,-142;139,-141;139,-142
137,-2;137,-3;138,-2;138,-3
139,-143
138,-143
138,-15
138,8
139,-74;139,-73;140,-74;140,-73
139,-72
140,-37;140,-36;140,-35;141,-37;141,-36;141,-35;142,-37;142,-36;142,-35
140,-2;140,-3;140,-4;140,-5;140,-6;140,-7;140,-8;140,-9;140,-10;140,-11;141,-2;141,-3;141,-4;141,-5;141,-6;141,-7;141,-8;141,-9;141,-10;141,-11;142,-2;142,-3;142,-4;142,-5;142,-6;142,-7;142,-8;142,-9;142,-10;142,-11;143,-2;143,-3;143,-4;143,-5;143,-6;143,-7;143,-8;143,-9;143,-10;143,-11;144,-2;144,-3;144,-4;144,-5;144,-6;144,-7;144,-8;144,-9;144,-10;144,-11;145,-2;145,-3;145,-4;145,-5;145,-6;145,-7;145,-8;145,-9;145,-10;145,-11;146,-2;146,-3;146,-4;146,-5;146,-6;146,-7;146,-8;146,-9;146,-10;146,-11;147,-2;147,-3;147,-4;147,-5;147,-6;147,-7;147,-8;147,-9;147,-10;147,-11;148,-2;148,-3;148,-4;148,-5;148,-6;148,-7;148,-8;148,-9;148,-10;148,-11;149,-2;149,-3;149,-4;149,-5;149,-6;149,-7;149,-8;149,-9;149,-10;149,-11
142,-146;142,-145;142,-144;143,-146;143,-145;143,-144
144,44
145,-58
145,-57;146,-57
145,60;145,61;145,62;145,63;145,64;145,65;146,60;146,61;146,62;146,63;146,64;146,65;147,60;147,61;147,62;147,63;147,64;147,65;148,60;148,61;148,62;148,63;148,64;148,65;149,60;149,61;149,62;149,63;149,64;149,65
148,-34;148,-33
149,-83;149,-82
149,-73
149,6