-150,126;-150,127;-150,128;-150,129;-150,130;-149,126;-149,127;-149,128;-149,129;-149,130
-150,131;-150,132;-150,133;-150,134;-150,135;-149,131;-149,132;-149,133;-149,134;-149,135
-148,131;-147,131;-148,132;-148,133;-148,134;-148,135;-147,132;-147,133;-147,134;-147,135
-148,130;-148,129;-148,128;-148,127;-148,126;-147,126;-147,127;-147,128;-147,129;-147,130
-149,22
-146,126
-145,126
-146,127
-145,127
-146,128
-145,128
-146,129
-145,129
-146,130
-145,130
-146,-120
-144,44;-144,45;-144,46;-144,47
-143,-117
-143,-7
-143,46
-142,-116
-142,46
-141,46
-140,-119
-140,-117
-140,97;-140,98;-140,99;-140,100;-139,97;-139,98;-139,99;-139,100;-138,97;-138,98;-138,99;-138,100;-137,97;-137,98;-137,99;-137,100;-136,97;-136,98;-136,99;-136,100;-135,97;-135,98;-135,99;-135,100
-138,-116
-137,-42;-137,-41;-136,-42;-136,-41
-137,-40;-137,-39;-137,-38
-137,105
-136,105
-135,105
-137,104
-136,104
-135,104
-137,103
-136,103
-135,103
-137,102
-136,102
-135,102
-136,-37
-132,25
-131,-59
-131,-34
-131,-21
-129,102;-129,101
-128,-45
-126,19;-125,19;-124,19
-115,132;-116,132;-117,132;-118,132;-119,132;-120,132;-121,132;-122,132;-123,132;-124,132;-115,133;-116,133;-117,133;-118,133;-119,133;-120,133;-121,133;-122,133;-123,133;-124,133;-115,134;-116,134;-117,134;-118,134;-119,134;-120,134;-121,134;-122,134;-123,134;-124,134;-115,135;-116,135;-117,135;-118,135;-119,135;-120,135;-121,135;-122,135;-123,135;-124,135;-117,136;-118,136;-119,136;-120,136;-121,136;-122,136;-117,137;-118,137;-119,137;-120,137;-121,137;-122,137
-122,20
-123,20
-122,118
-120,-56;-119,-56
-118,12
-115,-101
-115,-67;-115,-66;-115,-65
-114,-33
-113,-56;-112,-56;-112,-55
-113,-55
-113,-38;-113,-36;-113,-37
-109,-32;-110,-32
-110,-25
-109,-27;-109,-26
-109,-25
-109,-8;-109,-7;-108,-8;-108,-7
-108,-41;-108,-40;-107,-41;-107,-40;-106,-41;-106,-40
-108,24
-106,-61;-106,-60
-106,24
-105,-147;-105,-146;-105,-145;-105,-144;-104,-147;-104,-146;-104,-145;-104,-144;-103,-147;-103,-146;-103,-145;-103,-144;-102,-147;-102,-146;-102,-145;-102,-144
-104,-28
-104,-27
-105,-27
-105,-28
-105,-7;-105,-6;-104,-7;-104,-6
-104,-95
-104,-45;-104,-44;-104,-43
-103,-97;-102,-97
-102,-7;-102,-6;-102,-5;-101,-7;-101,-6;-101,-5;-100,-7;-100,-6;-100,-5
-102,14
-101,8;-101,9;-101,10;-100,8;-100,9;-100,10
-98,-140
-98,-71
-95,-40
-94,-40
-92,15;-93,15
-93,18;-92,18
-92,19
-93,19
-92,21;-93,21
-93,59;-93,60
-92,-77;-92,-76;-91,-77;-91,-76
-88,-20
-88,13;-88,12
-86,29;-87,29
-86,30;-87,30
-82,-130;-82,-129;-82,-128;-82,-127;-81,-130;-81,-129;-81,-128;-81,-127;-80,-130;-80,-129;-80,-128;-80,-127;-79,-130;-79,-129;-79,-128;-79,-127
-81,-26
-80,-117
-78,-15
-73,26
-71,83;-70,83;-69,83;-71,82;-70,82;-69,82
-69,-139
-69,-20
-69,28;-69,29;-69,30;-69,31;-68,28;-68,29;-68,30;-68,31;-67,28;-67,29;-67,30;-67,31;-66,28;-66,29;-66,30;-66,31;-65,28;-65,29;-65,30;-65,31;-64,28;-64,29;-64,30;-64,31;-63,28;-63,29;-63,30;-63,31;-62,28;-62,29;-62,30;-62,31;-61,28;-61,29;-61,30;-61,31
-68,74;-68,75;-68,76;-67,74;-67,75;-67,76;-67,77;-66,74;-66,75;-66,76;-66,77;-65,74;-65,75;-65,76;-65,77
-68,77
-66,-113
-64,-8
-64,41
-63,-111;-62,-111;-61,-111
-61,-12
-59,127;-59,128
-58,-132
-57,-105
-56,44
-55,-127
-54,-140
-54,92
-53,127;-53,128
-52,-98
-52,-14
-52,147;-51,147;-50,147;-49,147;-48,147;-47,147
-51,-106
-48,73
-45,43;-45,42
-43,-52
-43,6
-41,111;-41,112;-40,111;-40,112;-39,111;-39,112;-38,111;-38,112
-40,-59
-40,124
-38,-37
-38,-36
-38,69;-38,70;-37,69;-37,70
-37,-36
-37,26;-36,26
-36,74
-36,146;-35,146
-35,-60;-35,-59;-34,-60;-34,-59;-33,-60;-33,-59;-32,-60;-32,-59;-31,-60;-31,-59
-35,-58;-35,-57;-34,-58;-34,-57
-35,-10
-33,-58;-33,-57
-32,-58;-32,-57;-32,-56;-31,-58;-31,-57;-31,-56
-32,-55
-32,-6
-32,140;-31,140
-31,14
-30,-108;-30,-107;-29,-108;-29,-107
-30,-60;-30,-59;-30,-58;-30,-57;-30,-56;-30,-55;-29,-60;-29,-59;-29,-58;-29,-57;-29,-56;-29,-55
-30,11
-30,61
-30,141;-29,141;-30,142;-29,142
-29,-27
-29,55;-29,56;-29,57;-29,58;-29,59;-29,60;-29,61;-29,62;-28,55;-28,56;-28,57;-28,58;-28,59;-28,60;-28,61;-28,62;-27,55;-27,56;-27,57;-27,58;-27,59;-27,60;-27,61;-27,62;-26,55;-26,56;-26,57;-26,58;-26,59;-26,60;-26,61;-26,62;-25,55;-25,56;-25,57;-25,58;-25,59;-25,60;-25,61;-25,62
-28,-45
-28,-9;-28,-8;-28,-7;-27,-9;-27,-8;-27,-7;-26,-9;-26,-8;-26,-7
-27,-40
-27,-39
-26,-40
-26,-39
-26,-125
-26,88;-26,89;-26,90;-26,91;-26,92;-25,88;-25,89;-25,90;-25,91;-25,92;-24,88;-24,89;-24,90;-24,91;-24,92;-23,88;-23,89;-23,90;-23,91;-23,92
-25,140;-26,140
-23,-56;-23,-55;-22,-56;-22,-55
-23,30
-22,37
-20,-133
-17,40
-16,105;-15,105;-14,105;-13,105;-12,105;-16,106;-15,106;-14,106;-13,106;-12,106;-16,107;-15,107;-14,107;-13,107;-12,107
-15,-115
-11,-18;-11,-17;-11,-16;-11,-15;-11,-14;-11,-13;-11,-12;-10,-18;-10,-17;-10,-16;-10,-15;-10,-14;-10,-13;-10,-12;-9,-18;-9,-17;-9,-16;-9,-15;-9,-14;-9,-13;-9,-12;-8,-18;-8,-17;-8,-16;-8,-15;-8,-14;-8,-13;-8,-12;-7,-18;-7,-17;-7,-16;-7,-15;-7,-14;-7,-13;-7,-12;-6,-18;-6,-17;-6,-16;-6,-15;-6,-14;-6,-13;-6,-12;-5,-18;-5,-17;-5,-16;-5,-15;-5,-14;-5,-13;-5,-12;-4,-18;-4,-17;-4,-16;-4,-15;-4,-14;-4,-13;-4,-12;-3,-18;-3,-17;-3,-16;-3,-15;-3,-14;-3,-13;-3,-12;-2,-18;-2,-17;-2,-16;-2,-15;-2,-14;-2,-13;-2,-12;-1,-18;-1,-17;-1,-16;-1,-15;-1,-14;-1,-13;-1,-12;-15,-33;-15,-32;-15,-31;-15,-30;-15,-29;-15,-28;-15,-27;-15,-26;-15,-25;-15,-24;-15,-23;-15,-22;-15,-21;-15,-20;-15,-19;-14,-33;-14,-32;-14,-31;-14,-30;-14,-29;-14,-28;-14,-27;-14,-26;-14,-25;-14,-24;-14,-23;-14,-22;-14,-21;-14,-20;-14,-19;-13,-33;-13,-32;-13,-31;-13,-30;-13,-29;-13,-28;-13,-27;-13,-26;-13,-25;-13,-24;-13,-23;-13,-22;-13,-21;-13,-20;-13,-19;-12,-33;-12,-32;-12,-31;-12,-30;-12,-29;-12,-28;-12,-27;-12,-26;-12,-25;-12,-24;-12,-23;-12,-22;-12,-21;-12,-20;-12,-19;-11,-33;-11,-32;-11,-31;-11,-30;-11,-29;-11,-28;-11,-27;-11,-26;-11,-25;-11,-24;-11,-23;-11,-22;-11,-21;-11,-20;-11,-19;-10,-33;-10,-32;-10,-31;-10,-30;-10,-29;-10,-28;-10,-27;-10,-26;-10,-25;-10,-24;-10,-23;-10,-22;-10,-21;-10,-20;-10,-19;-9,-33;-9,-32;-9,-31;-9,-30;-9,-29;-9,-28;-9,-27;-9,-26;-9,-25;-9,-24;-9,-23;-9,-22;-9,-21;-9,-20;-9,-19;-8,-33;-8,-32;-8,-31;-8,-30;-8,-29;-8,-28;-8,-27;-8,-26;-8,-25;-8,-24;-8,-23;-8,-22;-8,-21;-8,-20;-8,-19;-7,-33;-7,-32;-7,-31;-7,-30;-7,-29;-7,-28;-7,-27;-7,-26;-7,-25;-7,-24;-7,-23;-7,-22;-7,-21;-7,-20;-7,-19;-6,-33;-6,-32;-6,-31;-6,-30;-6,-29;-6,-28;-6,-27;-6,-26;-6,-25;-6,-24;-6,-23;-6,-22;-6,-21;-6,-20;-6,-19;-5,-33;-5,-32;-5,-31;-5,-30;-5,-29;-5,-28;-5,-27;-5,-26;-5,-25;-5,-24;-5,-23;-5,-22;-5,-21;-5,-20;-5,-19;-4,-33;-4,-32;-4,-31;-4,-30;-4,-29;-4,-28;-4,-27;-4,-26;-4,-25;-4,-24;-4,-23;-4,-22;-4,-21;-4,-20;-4,-19;-3,-33;-3,-32;-3,-31;-3,-30;-3,-29;-3,-28;-3,-27;-3,-26;-3,-25;-3,-24;-3,-23;-3,-22;-3,-21;-3,-20;-3,-19;-2,-33;-2,-32;-2,-31;-2,-30;-2,-29;-2,-28;-2,-27;-2,-26;-2,-25;-2,-24;-2,-23;-2,-22;-2,-21;-2,-20;-2,-19;-1,-33;-1,-32;-1,-31;-1,-30;-1,-29;-1,-28;-1,-27;-1,-26;-1,-25;-1,-24;-1,-23;-1,-22;-1,-21;-1,-20;-1,-19
-14,-13
-12,-65;-12,-64;-12,-63;-11,-65;-11,-64;-11,-63;-10,-65;-10,-64;-10,-63
-11,-68
-8,-119;-8,-120;-7,-119;-7,-120
-8,-53
-4,-34;-3,-34;-4,-35;-3,-35;-2,-34;-2,-35;-1,-35;-1,-34
2,-54;3,-54
2,-39;3,-39;4,-42;4,-41;4,-40;4,-39;5,-42;5,-39;6,-46;6,-45;6,-44;6,-43;6,-42;6,-39;7,-42;7,-41;7,-40;7,-39;7,-38;7,-37;8,-39;8,-38;8,-37;9,-39;9,-38;9,-37;10,-39;10,-38;10,-37;11,-39;11,-38;11,-37;11,-36;11,-35;11,-34;11,-33;12,-39;12,-38;12,-37;12,-36;12,-35;12,-34;12,-33
5,18;5,17;5,16;4,18;4,17;4,16;3,18;3,17;3,16;2,18;2,17;2,16
3,135;3,136;3,137;4,135;4,136;4,137;5,135;5,136;5,137
5,-148
5,19
6,-47;7,-47
7,-36;7,-35;7,-34;7,-33;8,-36;8,-35;8,-34;8,-33;9,-36;9,-35;9,-34;9,-33;10,-36;10,-35;10,-34;10,-33
10,-48
11,-117
12,-48
13,14
13,85;13,84;13,83;13,82;13,81;13,80;13,79;13,78;13,77;13,76;13,75;14,85;14,84;14,83;14,82;14,81;14,80;14,79;14,78;14,77;14,76;14,75;15,85;15,84;15,83;15,82;15,81;15,80;15,79;15,78;15,77;15,76;15,75;16,85;16,84;16,83;16,82;16,81;16,80;16,79;16,78;16,77;16,76;16,75;17,85;17,84;17,83;17,82;17,81;17,80;17,79;17,78;17,77;17,76;17,75;18,85;18,84;18,83;18,82;18,81;18,80;18,79;18,78;18,77;18,76;18,75;19,85;19,84;19,83;19,82;19,81;19,80;19,79;19,78;19,77;19,76;19,75;20,85;20,84;20,83;20,82;20,81;20,80;20,79;20,78;20,77;20,76;20,75;21,85;21,84;21,83;21,82;21,81;21,80;21,79;21,78;21,77;21,76;21,75;22,85;22,84;22,83;22,82;22,81;22,80;22,79;22,78;22,77;22,76;22,75
23,85
23,84
23,83
23,82;23,81;23,80;23,79;23,78;23,77;23,76;23,75;24,82;24,81;24,80;24,79;24,78;24,77;24,76;24,75;25,82;25,81;25,80;25,79;25,78;25,77;25,76;25,75;26,82;26,81;26,80;26,79;26,78;26,77;26,76;26,75;27,82;27,81;27,80;27,79;27,78;27,77;27,76;27,75;28,82;28,81;28,80;28,79;28,78
24,85
24,84
24,83
25,85
25,84
25,83
26,85
26,84
26,83
27,85
27,84
27,83
13,92;14,92;15,92;13,91;14,91;15,91;13,90;14,90;15,90
18,90
15,-117;16,-117;17,-117
16,-88;16,-87;16,-86;17,-88;17,-87;17,-86;18,-88;18,-87;18,-86;19,-88;19,-87;19,-86;20,-88;20,-87;20,-86;21,-89;21,-88;21,-87;21,-86;22,-89;22,-88;22,-87;22,-86;21,-85;22,-85
17,-66;17,-65;18,-66;18,-65
19,92
20,-33
21,-52
21,9
21,129
23,-104
24,-32
25,-9
27,-112
27,-92;27,-93
28,9
31,-116
32,24;33,24;33,23;32,23
34,85
35,-96
35,-65
35,10;36,10
38,94;38,93;37,94;37,93;36,94;36,93
38,92;38,91;38,90;37,92;37,91;37,90;36,92;36,91;36,90
37,-115
37,-114
38,-3;39,-3;40,-3;38,-2;39,-2;40,-2;38,-1;39,-1;40,-1
38,72;39,72
38,103
39,-62
40,-120
40,-74;41,-74;40,-73;41,-73
40,-42;40,-41;40,-40;41,-42;41,-41;41,-40;42,-42;42,-41;42,-40
41,-118
42,71
43,-80
43,-2;44,-2;43,-3;44,-3
43,134
45,11;45,12;46,11;46,12
47,-46;47,-45;48,-45;49,-45;47,-44;48,-44;49,-44;47,-43;48,-43;49,-43;48,-46;49,-46
47,108;48,108
50,94;51,94;52,94;50,93;51,93;52,93;50,92;51,92;52,92
54,-20
54,28
55,28
56,-25
56,112
57,-83
57,136;57,137;58,136;58,137;59,136;59,137
61,-123
61,-27;61,-26;62,-27;62,-26
63,-116
63,-1
66,-11;66,-10;66,-9;67,-11;67,-10;67,-9;68,-11;68,-10;68,-9;69,-11;69,-10;69,-9;66,-8;67,-8;68,-8
67,-29
69,31
72,28
87,-129
81,-138
83,-16
83,70;84,70;83,71;84,71;83,72;84,72;83,73;84,73
88,79;88,78;88,77;88,76;87,79;87,78;87,77;87,76;86,79;86,78;86,77;86,76;85,79;85,78;85,77;85,76;84,79;84,78;84,77;84,76;83,79;83,78;83,77;83,76
84,126
94,-33;95,-33
94,14;95,14;94,13;95,13
98,83
99,83
100,83;100,84;101,84;102,84;100,85;101,85;102,85;103,85;100,86;101,86;102,86;103,86;101,83;102,83;103,83;103,84
95,84
96,84
97,84
98,84
99,84
95,85
96,85
97,85
98,85
99,85
95,86
96,86
97,86
98,86
99,86
95,87
96,87
97,87
98,87
99,87
100,87
101,87
102,87
103,87
95,88
96,88
97,88
98,88
99,88
100,88
101,88
102,88
98,89
99,89
100,89
100,77;100,78;100,79;100,80;100,81;101,77;101,78;101,79;101,80;101,81;102,77;102,78;102,79;102,80;102,81;103,77;103,78;103,79;103,80;103,81;104,77;104,78;104,79;104,80;104,81;105,77;105,78;105,79;105,80;105,81;106,77;106,78;106,79;106,80;106,81;107,79;107,78;107,77;101,76;102,76;103,76;104,76;105,76;106,76;103,75;104,75;100,82;101,82;102,82;103,82;104,82
101,-28
118,-118;119,-118;120,-118;121,-118;122,-118;118,-119;119,-119;120,-119;121,-119;122,-119;118,-120;119,-120;120,-120;121,-120;122,-120;118,-121;119,-121;120,-121;121,-121;122,-121
123,-122;124,-122
107,-65;108,-65;109,-65;110,-65;111,-65;112,-65;113,-65;114,-65;115,-65;116,-65;117,-65;118,-65;119,-65;120,-65;121,-65;122,-65;123,-65;107,-66;108,-66;109,-66;110,-66;111,-66;112,-66;113,-66;114,-66;115,-66;116,-66;117,-66;118,-66;119,-66;120,-66;121,-66;122,-66;123,-66;107,-67;108,-67;109,-67;110,-67;111,-67;112,-67;113,-67;114,-67;115,-67;116,-67;117,-67;118,-67;119,-67;120,-67;121,-67;122,-67;123,-67;107,-68;108,-68;109,-68;110,-68;111,-68;112,-68;113,-68;114,-68;115,-68;116,-68;117,-68;118,-68;119,-68;120,-68;121,-68;122,-68;123,-68;107,-69;108,-69;109,-69;110,-69;111,-69;112,-69;113,-69;114,-69;115,-69;116,-69;117,-69;118,-69;119,-69;120,-69;121,-69;122,-69;123,-69;107,-70;108,-70;109,-70;110,-70;111,-70;112,-70;113,-70;114,-70;115,-70;116,-70;117,-70;118,-70;119,-70;120,-70;121,-70;122,-70;123,-70;107,-71;108,-71;109,-71;110,-71;111,-71;112,-71;113,-71;114,-71;115,-71;116,-71;117,-71;118,-71;119,-71;120,-71;121,-71;122,-71;123,-71;107,-72;108,-72;109,-72;110,-72;111,-72;112,-72;113,-72;114,-72;115,-72;116,-72;117,-72;118,-72;119,-72;120,-72;121,-72;122,-72;123,-72;107,-73;108,-73;109,-73;110,-73;111,-73;112,-73;113,-73;114,-73;115,-73;116,-73;117,-73;118,-73;119,-73;120,-73;121,-73;122,-73;123,-73;107,-74;108,-74;109,-74;110,-74;111,-74;112,-74;113,-74;114,-74;115,-74;116,-74;117,-74;118,-74;119,-74;120,-74;121,-74;122,-74;123,-74;107,-75;108,-75;109,-75;110,-75;111,-75;112,-75;113,-75;114,-75;115,-75;116,-75;117,-75;118,-75;119,-75;120,-75;121,-75;122,-75;123,-75;107,-64;107,-63;107,-62;107,-61;107,-60;107,-59;107,-58;108,-64;108,-63;108,-62;108,-61;108,-60;108,-59;108,-58;109,-64;109,-63;109,-62;109,-61;109,-60;109,-59;109,-58;110,-64;110,-63;110,-62;110,-61;110,-60;110,-59;110,-58;111,-64;111,-63;111,-62;111,-61;111,-60;111,-59;111,-58;112,-64;112,-63;112,-62;112,-61;112,-60;112,-59;112,-58;113,-64;113,-63;113,-62;113,-61;113,-60;113,-59;113,-58;114,-64;114,-63;114,-62;114,-61;114,-60;114,-59;114,-58;115,-58;116,-58;117,-58;118,-58;119,-58;120,-58;121,-58;122,-58;123,-58;115,-64;115,-63;115,-62;115,-61;115,-60;115,-59;116,-64;116,-63;116,-62;116,-61;116,-60;116,-59;117,-64;117,-63;117,-62;117,-61;117,-60;117,-59;118,-64;118,-63;118,-62;118,-61;118,-60;118,-59;119,-64;119,-63;119,-62;119,-61;119,-60;119,-59;120,-64;120,-63;120,-62;120,-61;120,-60;120,-59;121,-64;121,-63;121,-62;121,-61;121,-60;121,-59;122,-64;122,-63;122,-62;122,-61;122,-60;122,-59;123,-64;123,-63;123,-62;123,-61;123,-60;123,-59
109,-21;110,-21;111,-21;109,-22;110,-22;111,-22;108,-23;109,-23;110,-23;111,-23;112,-23;110,-24;111,-24;112,-22;111,-25;112,-25;112,-24;113,-25
111,-142
114,-22
119,-12;119,-11;120,-12;120,-11
117,-25;117,-26;117,-27;118,-25;118,-26;118,-27;119,-25;119,-26;119,-27;120,-25;120,-26;120,-27;121,-25;121,-26;121,-27
120,66
126,-118
127,-118
126,-119
127,-119
130,-126
131,-126
124,-35;125,-35
128,32;128,33
129,-4;129,-3;129,-2;130,-4;130,-3;130,-2
131,-4;131,-3;131,-2
129,136;130,135;130,136;131,135;131,136;132,136
132,66
133,-5
134,89
136,-144;136,-143;136,-142;136,-141;137,-144;137,-143;137,-142;137,-141;138,-141;138,-142;139,-141;139,-142
139,-74;139,-73;140,-74;140,-73
140,-2;140,-3;140,-4;140,-5;140,-6;140,-7;140,-8;140,-9;140,-10;140,-11;141,-2;141,-3;141,-4;141,-5;141,-6;141,-7;141,-8;141,-9;141,-10;141,-11;142,-2;142,-3;142,-4;142,-5;142,-6;142,-7;142,-8;142,-9;142,-10;142,-11;143,-2;143,-3;143,-4;143,-5;143,-6;143,-7;143,-8;143,-9;143,-10;143,-11;144,-2;144,-3;144,-4;144,-5;144,-6;144,-7;144,-8;144,-9;144,-10;144,-11;145,-2;145,-3;145,-4;145,-5;145,-6;145,-7;145,-8;145,-9;145,-10;145,-11;146,-2;146,-3;146,-4;146,-5;146,-6;146,-7;146,-8;146,-9;146,-10;146,-11;147,-2;147,-3;147,-4;147,-5;147,-6;147,-7;147,-8;147,-9;147,-10;147,-11;148,-2;148,-3;148,-4;148,-5;148,-6;148,-7;148,-8;148,-9;148,-10;148,-11;149,-2;149,-3;149,-4;149,-5;149,-6;149,-7;149,-8;149,-9;149,-10;149,-11
140,30
141,126
142,-146;142,-145;142,-144;143,-146;143,-145;143,-144
143,-149
145,-148;144,-148
145,60;145,61;145,62;145,63;145,64;145,65;146,60;146,61;146,62;146,63;146,64;146,65;147,60;147,61;147,62;147,63;147,64;147,65;148,60;148,61;148,62;148,63;148,64;148,65;149,60;149,61;149,62;149,63;149,64;149,65
148,-34;148,-33
149,-147
149,-83;149,-82
150,63;150,64;150,65;150,66;150,67;150,68;150,69;150,70;150,71;150,72;150,73;151,63;151,64;151,65;151,66;151,67;151,68;151,69;151,70;151,71;151,72;151,73;152,63;152,64;152,65;152,66;152,67;152,68;152,69;152,70;152,71;152,72;152,73;153,63;153,64;153,65;153,66;153,67;153,68;153,69;153,70;153,71;153,72;153,73;154,63;154,64;154,65;154,66;154,67;154,68;154,69;154,70;154,71;154,72;154,73;155,63;155,64;155,65;155,66;155,67;155,68;155,69;155,70;155,71;155,72;155,73;156,63;156,64;156,65;156,66;156,67;156,68;156,69;156,70;156,71;156,72;156,73;157,63;157,64;157,65;157,66;157,67;157,68;157,69;157,70;157,71;157,72;157,73;158,63;158,64;158,65;158,66;158,67;158,68;158,69;158,70;158,71;158,72;158,73;159,63;159,64;159,65;159,66;159,67;159,68;159,69;159,70;159,71;159,72;159,73;160,63;160,64;160,65;160,66;160,67;160,68;160,69;160,70;160,71;160,72;160,73