-149,12;-148,12
-136,-25;-137,-25;-138,-25;-139,-25;-140,-25;-141,-25;-136,-24;-137,-24;-138,-24;-139,-24;-140,-24;-141,-24;-136,-23;-137,-23;-138,-23;-139,-23;-140,-23;-141,-23;-136,-22;-137,-22;-138,-22;-139,-22;-140,-22;-141,-22;-136,-21;-137,-21;-138,-21;-139,-21;-140,-21;-141,-21
-141,110
-138,-116
-136,-36
-131,-21
-115,132;-116,132;-117,132;-118,132;-119,132;-120,132;-121,132;-122,132;-123,132;-124,132;-115,133;-116,133;-117,133;-118,133;-119,133;-120,133;-121,133;-122,133;-123,133;-124,133;-115,134;-116,134;-117,134;-118,134;-119,134;-120,134;-121,134;-122,134;-123,134;-124,134;-115,135;-116,135;-117,135;-118,135;-119,135;-120,135;-121,135;-122,135;-123,135;-124,135;-117,136;-118,136;-119,136;-120,136;-121,136;-122,136;-117,137;-118,137;-119,137;-120,137;-121,137;-122,137
-121,-69;-120,-69
-120,-43;-119,-43
-109,-32
-109,41
-108,24
-107,-94
-104,-95
-104,-45;-104,-44;-103,-45;-103,-44
-103,-95
-102,-45;-102,-44
-96,40;-96,39;-96,38;-96,37;-97,40;-97,39;-97,38;-97,37;-98,40;-98,39;-98,38;-98,37;-98,36;-98,35;-98,34;-99,40;-99,39;-99,38;-99,37;-99,36;-99,35;-99,34;-100,40;-100,39;-100,38;-100,37;-101,40;-101,39;-101,38;-101,37
-102,123;-102,124;-101,123;-101,124;-100,123;-100,124
-95,-89;-95,-88;-95,-87;-94,-89;-94,-88;-94,-87
-87,-84;-87,-85;-87,-86;-88,-84;-88,-85;-88,-86;-89,-84;-89,-85;-89,-86
-75,-150;-75,-149;-74,-150;-74,-149
-73,-150;-73,-149;-72,-150;-72,-149
-71,-150;-71,-149;-70,-150;-70,-149
-64,-68;-64,-69;-64,-70;-64,-71;-63,-68;-63,-69;-63,-70;-63,-71;-62,-68;-62,-69;-62,-70;-62,-71;-61,-68;-61,-69;-61,-70;-61,-71;-60,-68;-60,-69;-60,-70;-60,-71;-59,-68;-59,-69;-59,-70;-59,-71
-71,116;-71,117
-69,-150;-69,-149;-68,-150;-68,-149
-62,-6
-62,1;-62,2;-62,3;-62,4;-62,5;-62,6;-62,7;-62,8;-62,9;-61,1;-61,2;-61,3;-61,4;-61,5;-61,6;-61,7;-61,8;-61,9;-60,1;-60,2;-60,3;-60,4;-60,5;-60,6;-60,7;-60,8;-60,9;-59,1;-59,2;-59,3;-59,4;-59,5;-59,6;-59,7;-59,8;-59,9;-58,1;-58,2;-58,3;-58,4;-58,5;-58,6;-58,7;-58,8;-58,9;-57,1;-57,2;-57,3;-57,4;-57,5;-57,6;-57,7;-57,8;-57,9;-56,1
-61,-32
-58,-139
-50,149;-49,149
-43,-110
-44,-110
-43,-111
-44,-111
-45,-111
-46,-111
-43,-112
-44,-112
-45,-112
-39,2
-35,126;-35,127;-35,128;-35,129;-35,130;-35,131;-34,126;-34,127;-34,128;-34,129;-34,130;-34,131;-33,126;-33,127;-33,128;-33,129;-33,130;-33,131;-32,126;-32,127;-32,128;-32,129;-32,130;-32,131;-31,126;-31,127;-31,128;-31,129;-31,130;-31,131;-30,126;-30,127;-30,128;-30,129;-30,130;-30,131
-29,80;-29,81;-29,82;-29,83;-29,84;-29,85;-28,80;-28,81;-28,82;-28,83;-28,84;-28,85;-27,80;-27,81;-27,82;-27,83;-27,84;-27,85;-26,80;-26,81;-26,82;-26,83;-26,84;-26,85;-25,80;-25,81;-25,82;-25,83;-25,84;-25,85;-24,80;-24,81;-24,82;-24,83;-24,84;-24,85
-21,148
-17,-21
-12,105;-12,106;-12,107;-11,105;-11,106;-11,107;-10,105;-10,106;-10,107
-15,-115
-9,-91;-9,-90;-9,-89;-9,-88;-9,-87;-9,-86;-9,-85;-9,-84;-9,-83;-9,-82;-9,-81;-9,-80;-9,-79;-9,-78;-9,-77;-9,-76;-9,-75;-9,-74;-9,-73;-9,-72;-8,-91;-8,-90;-8,-89;-8,-88;-8,-87;-8,-86;-8,-85;-8,-84;-8,-83;-8,-82;-8,-81;-8,-80;-8,-79;-8,-78;-8,-77;-8,-76;-8,-75;-8,-74;-8,-73;-8,-72;-7,-91;-7,-90;-7,-89;-7,-88;-7,-87;-7,-86;-7,-85;-7,-84;-7,-83;-7,-82;-7,-81;-7,-80;-7,-79;-7,-78;-7,-77;-7,-76;-7,-75;-7,-74;-7,-73;-7,-72;-6,-91;-6,-90;-6,-89;-6,-88;-6,-87;-6,-86;-6,-85;-6,-84;-6,-83;-6,-82;-6,-81;-6,-80;-6,-79;-6,-78;-6,-77;-6,-76;-6,-75;-6,-74;-6,-73;-6,-72;-5,-91;-5,-90;-5,-89;-5,-88;-5,-87;-5,-86;-5,-85;-5,-84;-5,-83;-5,-82;-5,-81;-5,-80;-5,-79;-5,-78;-5,-77;-5,-76;-5,-75;-5,-74;-5,-73;-5,-72;-4,-91;-4,-90;-4,-89;-4,-88;-4,-87;-4,-86;-4,-85;-4,-84;-4,-83;-4,-82;-4,-81;-4,-80;-4,-79;-4,-78;-4,-77;-4,-76;-4,-75;-4,-74;-4,-73;-4,-72;-3,-91;-3,-90;-3,-89;-3,-88;-3,-87;-3,-86;-3,-85;-3,-84;-3,-83;-3,-82;-3,-81;-3,-80;-3,-79;-3,-78;-3,-77;-3,-76;-3,-75;-3,-74;-3,-73;-3,-72;-2,-91;-2,-90;-2,-89;-2,-88;-2,-87;-2,-86;-2,-85;-2,-84;-2,-83;-2,-82;-2,-81;-2,-80;-2,-79;-2,-78;-2,-77;-2,-76;-2,-75;-2,-74;-2,-73;-2,-72;-1,-91;-1,-90;-1,-89;-1,-88;-1,-87;-1,-86;-1,-85;-1,-84;-1,-83;-1,-82;-1,-81;-1,-80;-1,-79;-1,-78;-1,-77;-1,-76;-1,-75;-1,-74;-1,-73;-1,-72;0,-91;0,-90;0,-89;0,-88;0,-87;0,-86;0,-85;0,-84;0,-83;0,-82;0,-81;0,-80;0,-79;0,-78;0,-77;0,-76;0,-75;0,-74;0,-73;0,-72;1,-91;1,-90;1,-89;1,-88;1,-87;1,-86;1,-85;1,-84;1,-83;1,-82;1,-81;1,-80;1,-79;1,-78;1,-77;1,-76;1,-75;1,-74;1,-73;1,-72;2,-91;2,-90;2,-89;2,-88;2,-87;2,-86;2,-85;2,-84;2,-83;2,-82;2,-81;2,-80;2,-79;2,-78;2,-77;2,-76;2,-75;2,-74;2,-73;2,-72;3,-91;3,-90;3,-89;3,-88;3,-87;3,-86;3,-85;3,-84;3,-83;3,-82;3,-81;3,-80;3,-79;3,-78;3,-77;3,-76;3,-75;3,-74;3,-73;3,-72;4,-91;4,-90;4,-89;4,-88;4,-87;4,-86;4,-85;4,-84;4,-83;4,-82;4,-81;4,-80;4,-79;4,-78;4,-77;4,-76;4,-75;4,-74;4,-73;4,-72;5,-91;5,-90;5,-89;5,-88;5,-87;5,-86;5,-85;5,-84;5,-83;5,-82;5,-81;5,-80;5,-79;5,-78;5,-77;5,-76;5,-75;5,-74;5,-73;5,-72;6,-91;6,-90;6,-89;6,-88;6,-87;6,-86;6,-85;6,-84;6,-83;6,-82;6,-81;6,-80;6,-79;6,-78;6,-77;6,-76;6,-75;6,-74;6,-73;6,-72;7,-91;7,-90;7,-89;7,-88;7,-87;7,-86;7,-85;7,-84;7,-83;7,-82;7,-81;7,-80;7,-79;7,-78;7,-77;7,-76;7,-75;7,-74;7,-73;7,-72;8,-91;8,-90;8,-89;8,-88;8,-87;8,-86;8,-85;8,-84;8,-83;8,-82;8,-81;8,-80;8,-79;8,-78;8,-77;8,-76;8,-75;8,-74;8,-73;8,-72;9,-91;9,-90;9,-89;9,-88;9,-87;9,-86;9,-85;9,-84;9,-83;9,-82;9,-81;9,-80;9,-79;9,-78;9,-77;9,-76;9,-75;9,-74;9,-73;9,-72;10,-91;10,-90;10,-89;10,-88;10,-87;10,-86;10,-85;10,-84;10,-83;10,-82;10,-81;10,-80;10,-79;10,-78;10,-77;10,-76;10,-75;10,-74;10,-73;10,-72
-5,-128;-5,-127;-4,-128;-4,-127
-2,-122
-2,29
5,100;5,101;5,102;5,103;5,104;6,100;6,101;6,102;6,103;6,104;7,100;7,101;7,102;7,103;7,104;8,100;8,101;8,102;8,103;8,104;9,100;9,101;9,102;9,103;9,104;10,100;10,101;10,102;10,103;10,104;11,100;11,101;11,102;11,103;11,104
5,117;5,118;6,117;6,118
6,99
11,145;11,146;11,147;11,148;11,149;12,145;12,146;12,147;12,148;12,149;13,145;13,146;13,147;13,148;13,149;14,145;14,146;14,147;14,148;14,149;15,145;15,146;15,147;15,148;15,149
14,100;14,101;14,102;14,103;14,104;15,100;15,101;15,102;15,103;15,104;16,100;16,101;16,102;16,103;16,104;17,100;17,101;17,102;17,103;17,104;18,101;18,102;18,103;18,104
21,-125
23,-123;24,-123
25,95;25,96;25,97;25,98;26,95;26,96;26,97;26,98;27,95;27,96;27,97;27,98;28,95;28,96;28,97;28,98
26,105;26,106;26,107;26,108;26,109;26,110;27,105;27,106;27,107;27,108;27,109;27,110;28,105;28,106;28,107;28,108;28,109;28,110;29,105;29,106;29,107;29,108;29,109;29,110;30,105;30,106;30,107;30,108;30,109;30,110;31,105;31,106;31,107;31,108;31,109;31,110;32,105;32,106;32,107;32,108;32,109;32,110;33,105;33,106;33,107;33,108;33,109;33,110
26,111;26,112;26,113;26,114;26,115;26,116;26,117;26,118;27,111;27,112;27,113;27,114;27,115;27,116;27,117;27,118;28,111;28,112;28,113;28,114;28,115;28,116;28,117;28,118;29,111;29,112;29,113;29,114;29,115;29,116;29,117;29,118;30,111;30,112;30,113;30,114;30,115;30,116;30,117;30,118;31,111;31,112;31,113;31,114;31,115;31,116;31,117;31,118;32,111;32,112;32,113;32,114;32,115;32,116;32,117;32,118;33,111;33,112;33,113;33,114;33,115;33,116;33,117;33,118
27,24
29,95;29,96;29,97;29,98;29,99;30,95;30,96;30,97;30,98;30,99;31,95;31,96;31,97;31,98;31,99;32,95;32,96;32,97;32,98;32,99;33,95;33,96;33,97;33,98;33,99
37,53;37,54;38,53;38,54
40,-5
48,-46;49,-46;47,-45;48,-45;49,-45;47,-44;48,-44;49,-44;47,-43;48,-43;49,-43
52,-71;52,-70;52,-69;52,-68;52,-67;52,-66;52,-65;52,-64;52,-63;52,-62;52,-61;52,-60;52,-59;52,-58;52,-57;52,-56;52,-55;52,-54;52,-53;52,-52;53,-71;53,-67;53,-66;53,-65;53,-64;53,-63;53,-60;53,-59;53,-58;53,-57;53,-56;53,-52;54,-71;54,-67;54,-66;54,-65;54,-64;54,-63;54,-60;54,-59;54,-58;54,-57;54,-56;54,-52;55,-71;55,-67;55,-66;55,-64;55,-63;55,-62;55,-61;55,-60;55,-59;55,-57;55,-56;55,-52;56,-71;56,-70;56,-69;56,-68;56,-67;56,-66;56,-65;56,-64;56,-63;56,-62;56,-61;56,-60;56,-59;56,-58;56,-57;56,-56;56,-55;56,-54;56,-53;56,-52;57,-71;57,-70;57,-69;57,-68;57,-67;57,-63;57,-62;57,-61;57,-60;57,-56;57,-55;57,-54;57,-53;57,-52;58,-71;58,-70;58,-69;58,-67;58,-63;58,-62;58,-61;58,-60;58,-56;58,-54;58,-53;58,-52;59,-71;59,-70;59,-69;59,-68;59,-67;59,-63;59,-62;59,-61;59,-60;59,-56;59,-55;59,-54;59,-53;59,-52;60,-71;60,-70;60,-69;60,-68;60,-67;60,-66;60,-65;60,-64;60,-63;60,-62;60,-61;60,-60;60,-59;60,-58;60,-57;60,-56;60,-55;60,-54;60,-53;60,-52;61,-71;61,-68;61,-67;61,-66;61,-65;61,-64;61,-63;61,-62;61,-61;61,-60;61,-59;61,-58;61,-57;61,-56;61,-55;61,-52;62,-71;62,-68;62,-67;62,-66;62,-65;62,-64;62,-63;62,-62;62,-61;62,-60;62,-59;62,-58;62,-57;62,-56;62,-55;62,-52;63,-71;63,-70;63,-69;63,-68;63,-67;63,-66;63,-65;63,-64;63,-63;63,-62;63,-61;63,-60;63,-59;63,-58;63,-57;63,-56;63,-55;63,-54;63,-53;63,-52;64,-71;64,-70;64,-69;64,-68;64,-67;64,-63;64,-62;64,-61;64,-60;64,-56;64,-55;64,-54;64,-53;64,-52;65,-71;65,-70;65,-69;65,-67;65,-63;65,-62;65,-61;65,-60;65,-56;65,-54;65,-53;65,-52;66,-71;66,-70;66,-69;66,-68;66,-67;66,-63;66,-62;66,-61;66,-60;66,-56;66,-55;66,-54;66,-53;66,-52;67,-71;67,-70;67,-69;67,-68;67,-67;67,-66;67,-65;67,-64;67,-63;67,-62;67,-61;67,-60;67,-59;67,-58;67,-57;67,-56;67,-55;67,-54;67,-53;67,-52;68,-71;68,-67;68,-66;68,-64;68,-63;68,-62;68,-61;68,-60;68,-59;68,-57;68,-56;68,-52;69,-71;69,-67;69,-66;69,-65;69,-64;69,-63;69,-60;69,-59;69,-58;69,-57;69,-56;69,-52;70,-71;70,-67;70,-66;70,-65;70,-64;70,-63;70,-60;70,-59;70,-58;70,-57;70,-56;70,-52;71,-71;71,-70;71,-69;71,-68;71,-67;71,-66;71,-65;71,-64;71,-63;71,-62;71,-61;71,-60;71,-59;71,-58;71,-57;71,-56;71,-55;71,-54;71,-53;71,-52
53,-70;53,-69;53,-68;54,-70;54,-69;54,-68;55,-70;55,-69;55,-68
53,-62;53,-61;54,-62;54,-61
53,-55;53,-54;53,-53;54,-55;54,-54;54,-53;55,-55;55,-54;55,-53
55,-65
57,-66;57,-65;57,-64;58,-66;58,-65;58,-64;59,-66;59,-65;59,-64
57,-59;57,-58;57,-57;58,-59;58,-58;58,-57;59,-59;59,-58;59,-57
58,-68
61,-54;61,-53;62,-54;62,-53
64,-66;64,-65;64,-64;65,-66;65,-65;65,-64;66,-66;66,-65;66,-64
64,-59;64,-58;64,-57;65,-59;65,-58;65,-57;66,-59;66,-58;66,-57
65,-68
65,-55
68,-70;68,-69;68,-68;69,-70;69,-69;69,-68;70,-70;70,-69;70,-68
68,-65
68,-58
68,-55;68,-54;68,-53;69,-55;69,-54;69,-53;70,-55;70,-54;70,-53
69,-62;69,-61;70,-62;70,-61
55,-42
59,-21;59,-22;60,-21;60,-22
62,32;63,32;62,31;63,31
61,28;61,29;61,30;62,28;62,29;62,30
67,-29
67,29
68,29
74,-103;74,-102
75,-103
76,-103
75,-100
75,-99
76,-100
76,-99
78,-105
93,47;94,47
94,-139
94,24
95,-139
96,-139
99,-111;100,-111;99,-112;100,-112
97,-139
98,17
99,-131;99,-130;100,-131;100,-130
99,17
100,17
105,77;105,78;105,79;106,77;106,78;106,79;107,79;107,78;107,77
104,52;104,53
106,50;107,50
107,51
109,50
116,-26;117,-25;117,-26;117,-27;118,-25;118,-26;118,-27;119,-25;119,-26;119,-27;120,-25;120,-26;120,-27;121,-25;121,-26;121,-27
121,-105
136,-144;137,-144;136,-143;137,-143;136,-142;137,-142;138,-142;139,-142;136,-141;137,-141;138,-141;139,-141
136,130;137,130;138,130
140,-37;140,-36;140,-35;141,-37;141,-36;141,-35;142,-37;142,-36;142,-35
140,-4;140,-5;140,-6;140,-7;140,-8;140,-9;140,-10;140,-11;141,-4;141,-5;141,-6;141,-7;141,-8;141,-9;141,-10;141,-11;142,-2;142,-3;142,-4;142,-5;142,-6;142,-7;142,-8;142,-9;142,-10;142,-11;143,-2;143,-3;143,-4;143,-5;143,-6;143,-7;143,-8;143,-9;143,-10;143,-11;144,-2;144,-3;144,-4;144,-5;144,-6;144,-7;144,-8;144,-9;144,-10;144,-11;145,-2;145,-3;145,-4;145,-5;145,-6;145,-7;145,-8;145,-9;145,-10;145,-11;146,-2;146,-3;146,-4;146,-5;146,-6;146,-7;146,-8;146,-9;146,-10;146,-11;147,-2;147,-3;147,-4;147,-5;147,-6;147,-7;147,-8;147,-9;147,-10;147,-11;148,-2;148,-3;148,-4;148,-5;148,-6;148,-7;148,-8;148,-9;148,-10;148,-11;149,-2;149,-3;149,-4;149,-5;149,-6;149,-7;149,-8;149,-9;149,-10;149,-11;141,-2;141,-3;140,-2;140,-3
145,60;145,61;145,62;145,63;145,64;145,65;146,60;146,61;146,62;146,63;146,64;146,65;147,60;147,61;147,62;147,63;147,64;148,60;147,65;148,61;148,62;148,63;148,64;148,65;149,60;149,61;149,62;149,63;149,64;149,65