-150,111
-150,112
-150,113
-150,114
-149,111
-149,112
-149,113
-149,114
-149,115
-148,110
-148,111
-148,112
-148,113
-148,114
-148,115
-147,111
-147,112
-147,113
-147,114
-147,115
-146,111
-146,112
-146,113
-146,114
-146,115
-145,111
-150,115
-142,113
-142,114
-141,113
-141,114
-132,81
-115,132;-116,132;-117,132;-118,132;-119,132;-120,132;-121,132;-122,132;-123,132;-124,132;-115,133;-116,133;-117,133;-118,133;-119,133;-120,133;-121,133;-122,133;-123,133;-124,133;-115,134;-116,134;-117,134;-118,134;-119,134;-120,134;-121,134;-122,134;-123,134;-124,134;-115,135;-116,135;-117,135;-118,135;-119,135;-120,135;-121,135;-122,135;-123,135;-124,135;-117,136;-118,136;-119,136;-120,136;-121,136;-122,136;-117,137;-118,137;-119,137;-120,137;-121,137;-122,137
-124,144;-124,145;-124,146;-124,147;-124,148;-124,149;-123,144;-123,145;-123,146;-123,147;-123,148;-123,149;-122,144;-122,145;-122,146;-122,147;-122,148;-122,149;-121,144;-121,145;-121,146;-121,147;-121,148;-121,149;-120,144;-120,145;-120,146;-120,147;-120,148;-120,149;-124,150;-123,150;-122,150;-121,150;-120,150;-119,144;-119,145;-119,146;-119,147;-119,148;-119,149;-119,150;-118,144;-118,145;-118,146;-118,147;-118,148;-118,149;-118,150
-123,140;-123,141;-123,142;-123,143;-122,140;-122,141;-122,142;-122,143;-121,140;-121,141;-120,140;-120,141;-121,142;-121,143;-120,142;-120,143
-116,136
-105,131;-105,132;-105,133;-105,134;-105,135;-105,136;-105,137;-106,131;-106,132;-106,133;-106,134;-106,135;-106,136;-106,137;-107,131;-107,132;-107,133;-107,134;-107,135;-107,136;-107,137;-108,131;-108,132;-108,133;-108,134;-108,135;-108,136;-108,137;-109,131;-109,132;-109,133;-109,134;-109,135;-109,136;-109,137;-110,131;-110,132;-110,133;-110,134;-110,135;-110,136;-110,137;-111,131;-111,132;-111,133;-111,134;-111,135;-111,136;-111,137
-109,-93
-107,-94
-104,138;-104,132;-104,133;-104,134;-104,135;-104,136;-104,137;-103,138;-103,132;-103,133;-103,134;-103,135;-103,136;-103,137;-102,138;-102,132;-102,133;-102,134;-102,135;-102,136;-102,137;-101,138;-101,132;-101,133;-101,134;-101,135;-101,136;-101,137;-100,138;-100,132;-100,133;-100,134;-100,135;-100,136;-100,137;-99,138;-99,132;-99,133;-99,134;-99,135;-99,136;-99,137;-98,138;-98,132;-98,133;-98,134;-98,135;-98,136;-98,137
-103,-97;-102,-97
-97,39;-97,38;-97,37;-98,39;-98,38;-98,37;-98,36;-98,35;-98,34;-99,39;-99,38;-99,37;-99,36;-99,35;-99,34;-100,39;-100,38;-100,37
-100,35;-100,34;-101,35;-101,34
-99,126;-99,127;-99,128;-99,129;-100,126;-100,127;-100,128;-100,129;-101,126;-101,127;-101,128;-101,129;-102,126;-102,127;-102,128;-102,129
-96,112;-95,112;-94,112;-93,112;-92,112;-96,111;-95,111;-94,111;-93,111;-92,111;-96,110;-95,110;-94,110;-93,110;-92,110;-96,109;-95,109;-94,109;-93,109;-92,109;-96,108;-95,108;-94,108;-93,108;-92,108
-87,-84;-87,-85;-87,-86;-88,-84;-88,-85;-88,-86;-89,-84;-89,-85;-89,-86
-82,83;-82,84;-82,85;-82,86;-83,83;-83,84;-83,85;-83,86;-84,83;-84,84;-84,85;-84,86;-85,83;-85,84;-85,85;-85,86
-75,71;-75,72;-75,73;-75,74;-75,75;-75,76;-75,77;-75,78;-76,76;-76,77;-76,78;-77,76;-78,76;-79,76;-80,74;-80,75;-80,76;-80,77;-80,78
-75,-150;-75,-149;-74,-150;-74,-149
-73,-150;-73,-149;-72,-150;-72,-149
-71,-150;-71,-149;-70,-150;-70,-149
-69,-150;-69,-149;-68,-150;-68,-149
-69,-139
-65,-31;-65,-30;-64,-31;-64,-30;-63,-31;-63,-30;-62,-31;-62,-30
-64,1;-64,2;-64,3;-64,4;-64,5;-63,1;-63,2;-63,3;-63,4;-63,5
-62,126
-62,125
-60,13
-50,149;-49,149
-49,69;-49,70;-49,71;-49,72;-48,69;-48,70;-48,71;-48,72;-47,69;-47,70;-47,71;-47,72;-46,69;-46,70;-46,71;-46,72;-45,69;-45,70;-45,71;-45,72;-44,69;-44,70;-44,71;-44,72
-35,105;-34,105;-33,105;-32,105;-31,105;-30,105;-29,105;-28,105;-27,100;-27,101;-27,102;-27,103;-27,104;-27,105;-26,100;-26,105;-25,100;-25,105;-24,100;-24,105;-23,100;-23,105;-22,101;-22,102;-22,103;-22,104;-22,105;-21,105;-20,105;-19,105;-18,105
-35,106;-35,107;-35,108;-35,109;-34,106;-34,107;-34,108;-34,109;-33,106;-33,107;-33,108;-33,109;-32,106;-32,107;-32,108;-32,109;-31,106;-31,107;-31,108;-31,109;-30,106;-30,107;-30,108;-30,109;-35,110;-34,110;-33,110;-32,110;-31,110;-30,110
-32,140;-31,140
-29,80;-29,81;-29,82;-29,83;-29,84;-29,85;-28,80;-28,81;-28,82;-28,83;-28,84;-28,85;-27,80;-27,81;-27,82;-27,83;-27,84;-27,85;-26,80;-26,81;-26,82;-26,83;-26,84;-26,85;-25,80;-25,81;-25,82;-25,83;-25,84;-25,85;-24,80;-24,81;-24,82;-24,83;-24,84;-24,85
-27,27;-27,28;-26,28;-26,27
-23,109;-23,110;-23,106;-23,107;-23,108;-22,106;-22,107;-22,108;-22,109;-22,110;-21,106;-21,107;-21,108;-21,109;-21,110;-20,106;-20,107;-20,108;-20,109;-20,110;-19,106;-19,107;-19,108;-19,109;-19,110;-18,106;-18,107;-18,108;-18,109;-18,110
-26,101;-26,102;-26,103;-26,104;-25,101;-25,102;-25,103;-25,104;-24,101;-24,102;-24,103;-24,104;-23,101;-23,102;-23,103;-23,104
-25,7
-25,66
-22,95;-22,96;-22,97;-22,98;-22,99;-22,100;-21,95;-21,96;-21,97;-21,98;-21,99;-21,100;-20,95;-20,96;-20,97;-20,98;-20,99;-20,100;-19,100;-18,100;-17,100;-19,95;-19,96;-19,97;-19,98;-19,99;-18,95;-18,96;-18,97;-18,98;-18,99;-17,95;-17,96;-17,97;-17,98;-17,99;-16,95;-16,100;-16,99;-15,99;-14,99;-13,99;-12,99;-16,98;-12,98;-16,97;-12,97;-16,96;-12,96;-15,95;-13,96;-14,98;-15,98;-13,97;-14,97;-15,97;-13,98;-14,96;-15,96;-15,100;-14,100;-13,100;-14,95;-13,95;-12,95;-12,100;-11,95;-11,97;-11,96;-11,99;-11,98
-17,103;-17,102;-17,101;-17,104;-16,104;-15,104;-14,104;-13,104;-16,103;-16,102;-16,101;-15,102;-14,102;-13,102;-15,101;-14,101;-13,101;-13,103;-14,103;-15,103;-12,101;-12,102;-12,103;-12,104
-17,105;-16,105;-15,105;-14,105;-13,105
-17,106;-17,107;-17,108;-17,109;-17,110;-16,106;-15,106;-14,106;-13,106;-16,107;-15,107;-14,107;-13,107;-16,108;-16,109;-16,110;-15,108;-15,109;-15,110;-14,108;-14,109;-14,110;-13,108;-13,109;-13,110
-9,100;-10,100;-11,100;-9,101;-10,101;-11,101;-9,102;-10,102;-11,102;-9,103;-10,103;-11,103;-9,104;-10,104;-11,104;-8,104;-8,103;-8,102;-8,101;-8,100
-10,95;-10,97;-10,96;-10,99;-10,98;-9,95;-9,99;-9,98;-9,97;-9,96
-7,-84
-7,104;-6,104;-5,104;-7,103;-6,103;-5,103;-7,102;-6,102;-5,102;-7,101;-6,101;-5,101;-7,100;-6,100;-5,100;-4,100;-4,101;-4,102;-4,103;-4,104;-4,105;-4,106;-4,107;-4,108;-4,109;-4,110;-3,104;-3,110;-2,104;-2,110;-1,104;-1,110;0,104;0,110
-1,-114
6,137;6,136;6,135;7,137;7,136;7,135
20,-123;20,-122;21,-123;21,-122
23,-25
28,-95
35,-79;35,-78;36,-78;35,-77;35,-76;36,-79;36,-77;36,-76;37,-79;37,-78;37,-77;37,-76
36,119;37,119
40,-71;41,-71
40,-70
41,-70
43,-110;43,-109;44,-110;44,-109;45,-110;45,-109;46,-110;46,-109
44,140;44,141;45,141;45,140
45,113
45,114
46,113
46,114
48,-46;49,-46;47,-45;48,-45;49,-45;47,-44;48,-44;49,-44;47,-43;48,-43;49,-43
62,-149;62,-148;62,-147;63,-149;63,-148;63,-147;64,-149;64,-148;64,-147
65,-149;65,-148;65,-147;65,-146;66,-149;66,-148;66,-147;66,-146;67,-149;67,-148;67,-147;67,-146;68,-149;68,-148;68,-147;68,-146
64,-127;64,-126;65,-127;65,-126
77,-102;77,-101
78,-105
89,-138
94,21
95,21
96,21
97,21
94,22
94,23
95,22
95,23
96,22
96,23
97,22
97,23
98,22
98,23
99,22
99,23
99,-111;100,-111;99,-112;100,-112
98,21
99,-131;99,-130;100,-131;100,-130
99,21
100,-138
100,-137
100,-136
101,80;101,81;102,80;102,81
101,-138
101,-137
101,-136
102,-138
102,-137
102,-136
102,-122;102,-121;102,-120;102,-119;102,-118;103,-122;103,-121;103,-120;103,-119;103,-118;104,-122;104,-121;104,-120;104,-119;104,-118;105,-122;105,-121;105,-120;105,-119;105,-118;106,-122;106,-121;106,-120;106,-119;106,-118
103,-138
103,-137
103,-136
126,-5
129,130;129,131;129,132;129,133;130,130;130,131;130,132;130,133;131,130;131,131;131,132;131,133;132,130;132,131;132,132;132,133
130,-140
135,-23
136,-23
136,-22
142,-118;142,-117;142,-116;143,-118;143,-117;143,-116;144,-118;144,-117;144,-116
140,-4;140,-5;140,-6;140,-7;140,-8;140,-9;140,-10;140,-11;141,-4;141,-5;141,-6;141,-7;141,-8;141,-9;141,-10;141,-11;142,-2;142,-3;142,-4;142,-5;142,-6;142,-7;142,-8;142,-9;142,-10;142,-11;143,-2;143,-3;143,-4;143,-5;143,-6;143,-7;143,-8;143,-9;143,-10;143,-11;144,-2;144,-3;144,-4;144,-5;144,-6;144,-7;144,-8;144,-9;144,-10;144,-11;145,-2;145,-3;145,-4;145,-5;145,-6;145,-7;145,-8;145,-9;145,-10;145,-11;146,-2;146,-3;146,-4;146,-5;146,-6;146,-7;146,-8;146,-9;146,-10;146,-11;147,-2;147,-3;147,-4;147,-5;147,-6;147,-7;147,-8;147,-9;147,-10;147,-11;148,-2;148,-3;148,-4;148,-5;148,-6;148,-7;148,-8;148,-9;148,-10;148,-11;149,-2;149,-3;149,-4;149,-5;149,-6;149,-7;149,-8;149,-9;149,-10;149,-11;141,-2;141,-3;140,-2;140,-3
142,-146;143,-146;142,-145;143,-145;142,-144;143,-144
145,-118;145,-117;145,-116;146,-118;146,-117;146,-116;147,-118;147,-117;147,-116
145,60;145,61;145,62;145,63;145,64;145,65;146,60;146,61;146,62;146,63;146,64;146,65;147,60;147,61;147,62;147,63;147,64;148,60;147,65;148,61;148,62;148,63;148,64;148,65;149,60;149,61;149,62;149,63;149,64;149,65
150,64;150,63;150,65;150,66;150,67;150,68;150,69;150,70;150,71;150,72;150,73;151,63;151,64;151,65;151,66;151,67;151,68;151,69;151,70;151,71;151,72;151,73;152,63;152,64;152,65;152,66;152,67;152,68;152,69;152,70;152,71;152,72;152,73;153,63;153,64;153,65;153,66;153,67;153,68;153,69;153,70;153,71;153,72;153,73;154,63;154,64;154,65;154,66;154,67;154,68;154,69;154,70;154,71;154,72;154,73;155,63;155,64;155,65;155,66;155,67;155,68;155,69;155,70;155,71;155,72;155,73;156,63;156,64;156,65;156,66;156,67;156,68;156,69;156,70;156,71;156,72;156,73;157,63;157,64;157,65;157,66;157,67;157,68;157,69;157,70;157,71;157,72;157,73;158,63;158,64;158,65;158,66;158,67;158,68;158,69;158,70;158,71;158,72;158,73;159,63;159,64;159,65;159,66;159,67;159,68;159,69;159,70;159,71;159,72;159,73;160,63;160,64;160,65;160,66;160,67;160,68;160,69;160,70;160,71;160,72;160,73