-150,-143
-145,45;-145,43;-145,48;-145,44;-145,47;-145,46;-141,44;-144,48;-144,45;-144,44;-143,46;-143,47;-142,45;-142,46;-143,44;-142,44;-141,45;-144,46;-143,45;-142,47;-144,43;-141,47;-144,47;-141,46;-142,43;-141,48;-142,48;-143,48;-143,43;-140,43;-140,44;-140,48;-140,45;-140,46;-140,47;-141,43
-138,-116
-131,-21
-128,89;-128,90
-119,-43;-120,-43
-119,21
-118,-5;-117,-5;-118,-6;-117,-6
-113,-38;-113,-36;-113,-37
-109,-32
-107,-94
-108,24
-102,-97;-103,-97
-95,34;-96,36;-96,35;-97,36;-97,35;-97,34;-95,35;-96,34;-95,36
-98,37;-98,34;-99,37;-101,40;-101,38;-97,39;-98,39;-99,40;-99,38;-96,37;-97,40;-99,39;-99,34;-100,40;-98,38;-98,35;-96,39;-98,36;-99,36;-99,35;-101,37;-96,40;-96,38;-97,38;-100,38;-100,37;-98,40;-101,39;-97,37;-100,39
-100,36;-101,35;-102,35;-101,36;-100,34;-100,35;-102,34;-101,34;-102,36
-96,41;-98,41;-102,41;-99,41;-95,41;-101,41;-100,41;-97,41
-95,37;-95,38
-102,37
-90,-150
-89,-85;-88,-86;-87,-84;-87,-86;-89,-86;-87,-85;-89,-84;-88,-84;-88,-85
-75,-150;-75,-149;-74,-149;-74,-150
-71,33;-70,33;-71,34;-70,32;-70,34;-71,32
-73,26
-73,-150;-73,-149;-72,-150;-72,-149
-71,-150;-71,-149;-70,-150;-70,-149
-64,-69;-63,-71;-59,-68;-62,-68;-61,-70;-59,-70;-64,-70;-62,-69;-62,-71;-61,-71;-64,-68;-63,-70;-60,-71;-60,-70;-61,-68;-59,-69;-59,-71;-61,-69;-64,-71;-63,-69;-60,-68;-60,-69;-63,-68;-62,-70
-71,116;-71,117
-69,-149;-69,-150;-68,-149;-68,-150
-61,-32
-59,-12;-59,-11
-56,120
-50,92;-50,91;-51,92;-51,91
-51,149
-40,-59
-28,57;-26,58;-25,57;-27,56;-25,60;-29,60;-28,61;-28,62;-26,62;-25,62;-29,61;-28,58;-28,59;-28,60;-27,57;-29,57;-26,56;-29,55;-29,56;-26,59;-28,55;-27,58;-27,59;-27,61;-27,62;-26,57;-29,58;-29,62;-27,60;-26,55;-25,59;-28,56;-26,60;-25,58;-26,61;-25,55;-25,61;-29,59;-27,55;-25,56
-27,85;-25,82;-26,80;-26,84;-25,80;-29,83;-28,84;-28,80;-24,83;-24,84;-24,85;-26,83;-24,80;-27,83;-26,81;-26,82;-24,82;-28,82;-29,85;-24,81;-29,81;-28,81;-27,82;-29,80;-28,83;-26,85;-29,84;-27,80;-25,83;-29,82;-28,85;-25,81;-27,81;-27,84;-25,84;-25,85
-29,-107
-30,-107
-31,140;-32,140
-23,109;-23,110;-23,107;-22,108;-22,107;-23,106;-23,108;-22,106;-22,109;-22,110;-21,106;-21,110;-21,108;-21,109;-21,107;-19,107;-20,106;-20,108;-20,110;-19,109;-19,106;-19,110;-20,109;-19,108;-20,107;-18,107;-18,109;-18,106;-18,108;-18,110
-9,-85;-9,-81;-9,-77;-7,-91;-7,-90;-7,-85;-9,-89;-9,-80;-9,-76;-8,-89;-8,-75;-9,-91;-9,-90;-9,-84;-8,-73;-7,-82;-6,-87;-9,-74;-8,-91;-8,-88;-7,-78;-7,-77;-6,-86;-8,-90;-8,-72;-7,-73;-9,-75;-7,-87;-9,-73;-7,-84;-7,-83;-7,-76;-6,-81;-8,-86;-8,-85;-8,-80;-6,-88;-6,-83;-6,-79;-9,-86;-9,-78;-8,-82;-8,-77;-7,-88;-7,-74;-7,-86;-7,-79;-7,-75;-9,-82;-9,-79;-7,-72;-9,-88;-9,-83;-8,-81;-8,-78;-6,-91;-6,-82;-8,-84;-8,-79;-8,-74;-7,-89;-7,-81;-7,-80;-9,-72;-6,-90;-6,-89;-6,-85;-9,-87;-8,-87;-8,-83;-8,-76;-6,-84;-6,-80;-6,-78;-6,-77;-6,-75;-5,-87;-6,-74;-5,-82;-4,-82;-4,-81;-4,-78;-3,-85;-2,-77;-1,-79;0,-86;1,-91;2,-72;3,-80;5,-73;6,-82;6,-73;7,-76;8,-89;9,-86;9,-82;10,-72;-6,-76;-5,-84;-5,-79;-5,-76;-4,-84;-3,-74;-2,-91;-2,-87;-2,-86;-1,-90;-1,-86;-1,-77;-1,-73;0,-85;1,-80;1,-76;2,-91;3,-79;3,-76;3,-72;4,-90;4,-78;4,-77;4,-75;5,-89;5,-84;7,-75;7,-73;8,-73;9,-91;10,-80;-5,-88;-3,-84;0,-81;0,-80;0,-74;1,-89;1,-73;2,-83;3,-86;3,-82;4,-88;7,-81;8,-85;9,-79;-5,-86;-4,-89;-4,-80;0,-87;1,-87;5,-91;5,-87;5,-86;5,-74;6,-89;6,-86;6,-84;6,-75;7,-86;7,-79;8,-75;10,-85;10,-74;-6,-73;-5,-91;-5,-72;-4,-76;-2,-82;-1,-87;-1,-80;0,-90;0,-79;0,-77;1,-88;1,-77;2,-87;2,-74;4,-89;5,-82;6,-87;6,-80;6,-77;7,-89;7,-83;8,-83;9,-73;10,-90;-5,-90;-5,-81;-3,-78;0,-73;1,-86;1,-83;3,-77;4,-74;4,-72;6,-74;7,-84;8,-91;8,-78;10,-79;10,-77;-3,-90;-2,-83;-2,-81;-1,-83;3,-84;5,-85;5,-80;5,-79;5,-78;6,-72;8,-77;9,-83;9,-78;-4,-86;-6,-72;-4,-77;-4,-73;-4,-72;-3,-80;-2,-85;-2,-79;-2,-76;-2,-75;-2,-73;-1,-89;0,-89;2,-88;2,-84;2,-77;2,-76;3,-75;4,-86;4,-84;4,-76;6,-76;7,-87;8,-80;8,-79;8,-76;9,-84;9,-75;10,-89;-5,-89;-5,-75;-5,-77;-5,-85;-5,-83;-4,-83;-4,-79;-3,-82;-3,-75;-2,-78;-1,-91;2,-89;2,-78;3,-85;3,-78;4,-82;4,-81;6,-79;7,-90;7,-80;8,-72;10,-84;10,-82;-3,-91;-4,-88;-4,-87;-4,-74;-3,-83;-3,-79;-3,-77;-2,-90;-1,-75;0,-75;0,-72;1,-82;1,-74;3,-90;3,-88;3,-74;4,-87;4,-80;5,-90;5,-81;5,-75;5,-72;6,-91;8,-81;9,-85;-1,-88;-1,-85;-1,-74;0,-82;1,-84;4,-83;6,-88;8,-87;10,-75;10,-73;-4,-85;-3,-88;-3,-87;-3,-81;-3,-72;-1,-84;-1,-82;-1,-72;1,-81;1,-75;2,-86;2,-73;3,-89;6,-90;6,-81;7,-88;7,-72;-5,-78;-3,-73;-2,-72;-1,-81;-1,-78;0,-83;0,-76;1,-79;2,-79;3,-83;3,-73;5,-76;6,-85;7,-91;7,-78;8,-74;9,-87;9,-80;10,-87;-4,-90;-2,-88;0,-84;0,-78;1,-85;5,-88;6,-78;7,-82;7,-77;7,-74;8,-88;8,-84;10,-78;-5,-80;-5,-73;-5,-74;-4,-75;-3,-89;-3,-86;-2,-89;1,-90;1,-72;2,-82;2,-80;2,-75;3,-87;4,-85;4,-79;4,-73;5,-83;5,-77;7,-85;8,-86;8,-82;9,-90;9,-89;9,-88;9,-81;10,-88;10,-86;10,-76;-4,-91;-3,-76;-2,-84;-2,-80;-2,-74;-1,-76;0,-91;0,-88;1,-78;2,-90;2,-85;2,-81;3,-91;3,-81;4,-91;6,-83;8,-90;9,-77;9,-76;9,-74;9,-72;10,-91;10,-83;10,-81
-8,-119
-7,-120
-8,-120
-8,109;-8,108;-7,109;-7,108
-7,-119
1,95;1,96;4,95;6,96;3,96;7,95;2,95;5,96;9,96;3,95;4,96;9,95;10,96;7,96;5,95;8,96;2,96;6,95;8,95;10,95
1,97;1,98;2,97;2,98;4,97;3,98;3,97;4,98;5,98;6,97;6,98;5,97
12,95;12,96;12,97
14,95;14,97;13,96;14,96;13,95;13,97
21,97;24,95;24,97;17,95;18,95;15,97;18,96;19,96;19,97;21,96;17,97;20,96;15,95;16,95;15,96;16,96;17,96;22,96;22,97;23,95;23,97;18,97;16,97;19,95;20,95;21,95;20,97;22,95;23,96;24,96
20,101;21,101;23,101;23,102;19,102;21,102;24,102;20,102;24,101;22,102;19,101;22,101
22,103;21,104;23,104;24,104;20,103;21,103;20,104;24,103;22,104;23,103
19,104;19,103
23,74
31,91;32,90;32,91;32,92;31,90;31,92;33,90;33,91;33,92
36,81
36,80
36,-77;36,-76;35,-79;35,-76;35,-78;36,-79;35,-77;36,-78;37,-76;37,-78;37,-77;37,-79
35,81
35,80
40,-5
49,-41;47,-40;48,-41;48,-40;47,-41;49,-40
48,-46;47,-45;48,-44;49,-45;48,-43;47,-46;47,-44;47,-43;49,-46;48,-45;49,-44;49,-43
47,-42
48,-42;49,-42
60,-21;60,-22;59,-22;59,-21
62,-27;62,-26;61,-27;61,-26
65,33
67,-2;66,-1;66,-2;67,-1
79,-137
78,-105
96,-124
96,-114;96,-113;96,-115;97,-115;98,-115;97,-116;97,-113;97,-114;98,-116;98,-114;98,-113;99,-116;100,-115;99,-115;100,-114;100,-113;99,-113;100,-116;99,-114
96,-104
99,-131;99,-130;100,-130;100,-131
100,55;101,55
102,77;101,77;101,78;100,78;102,78;101,79;100,77;100,79;102,79
104,52;104,53
104,51
102,56;103,56
104,42
104,41
105,50
106,51
106,50;107,50
109,49
124,77
125,77
126,-5
127,-131
128,-116;127,-116;130,-116;129,-116
142,-3;146,-7;149,-7;141,-10;144,-2;145,-5;146,-5;148,-10;142,-8;142,-10;146,-10;149,-9;149,-11;140,-3;140,-6;141,-11;144,-11;146,-3;147,-2;148,-9;140,-8;141,-5;141,-9;143,-4;143,-9;144,-5;144,-6;148,-2;140,-10;141,-6;143,-10;145,-7;147,-5;147,-9;149,-4;149,-10;140,-2;141,-8;142,-9;143,-6;147,-3;149,-3;149,-8;140,-7;144,-7;146,-6;147,-6;141,-2;143,-7;140,-4;141,-7;144,-3;145,-4;147,-11;148,-4;149,-6;145,-9;145,-10;146,-9;148,-11;149,-2;142,-7;143,-8;145,-8;146,-8;140,-5;140,-9;141,-4;142,-4;143,-5;144,-4;144,-8;145,-3;145,-6;146,-4;146,-11;147,-10;148,-6;143,-2;145,-11;148,-7;142,-5;142,-11;143,-3;143,-11;144,-10;146,-2;147,-4;147,-7;148,-3;140,-11;142,-6;145,-2;147,-8;148,-8;141,-3;142,-2;144,-9;148,-5;149,-5
147,61;147,62;147,63;148,60;149,65;145,65;146,61;145,64;148,61;149,63;145,62;147,60;145,60;146,65;149,64;147,65;149,61;148,63;149,60;146,60;147,64;145,63;145,61;146,62;148,62;148,64;146,64;148,65;149,62;146,63