-130,-80
-116,132;-121,134;-115,135;-122,135;-119,132;-117,134;-120,134;-119,137;-118,132;-120,132;-117,135;-120,136;-117,132;-121,133;-124,134;-119,136;-122,137;-118,133;-122,134;-117,136;-122,132;-123,132;-117,133;-123,133;-119,135;-116,134;-118,134;-117,137;-121,137;-121,132;-115,132;-116,133;-124,135;-118,136;-119,133;-122,133;-124,133;-122,136;-120,137;-120,133;-121,135;-123,134;-124,132;-115,134;-120,135;-121,136;-118,137;-118,135;-119,134;-123,135;-115,133;-116,135
-123,148;-121,149;-123,147;-120,146;-124,148;-123,149;-124,146;-123,144;-122,146;-120,148;-124,149;-122,145;-121,144;-121,145;-120,149;-122,148;-121,148;-120,144;-124,150;-121,146;-124,147;-123,146;-120,147;-122,147;-121,147;-123,145;-122,149;-122,144;-124,145;-120,145;-124,144;-123,150;-121,150;-122,150;-120,150;-119,144;-118,144;-118,149;-118,148;-118,146;-119,145;-119,148;-119,150;-119,146;-118,147;-119,149;-118,145;-118,150;-119,147
-123,143;-123,141;-123,140;-123,142;-122,140;-122,141;-122,142;-120,140;-121,142;-121,143;-122,143;-121,140;-121,141;-120,141;-120,143;-120,142
-112,-41
-106,132;-108,136;-110,132;-107,134;-109,136;-106,136;-111,135;-105,131;-105,135;-106,137;-108,133;-109,132;-108,137;-109,131;-111,137;-109,133;-105,137;-107,137;-110,133;-111,136;-107,131;-110,136;-110,137;-111,133;-107,133;-107,135;-107,136;-108,131;-108,132;-109,135;-109,137;-111,132;-111,134;-105,132;-106,135;-110,131;-110,135;-105,133;-106,134;-105,134;-106,131;-108,134;-109,134;-110,134;-111,131;-107,132;-105,136;-106,133;-108,135
-109,-93
-108,-27
-108,-28
-104,134;-104,136;-101,138;-104,135;-98,134;-99,138;-98,132;-103,137;-101,136;-98,136;-100,132;-102,137;-100,138;-103,133;-103,135;-102,134;-100,135;-98,135;-103,134;-103,136;-98,138;-104,133;-102,135;-102,136;-99,137;-104,138;-101,134;-100,136;-99,134;-98,137;-103,132;-102,133;-103,138;-101,132;-101,135;-101,137;-100,137;-99,133;-104,132;-104,137;-102,132;-99,135;-102,138;-100,133;-99,132;-101,133;-100,134;-99,136;-98,133
-100,127;-101,126;-99,128;-101,127;-100,128;-99,129;-100,129;-99,126;-100,126;-99,127;-101,128;-102,126;-102,128;-101,129;-102,127;-102,129
-94,-89;-94,-88;-94,-87;-95,-88;-95,-89;-95,-87
-91,-76;-92,-75;-92,-76;-92,-77;-91,-77;-91,-75
-89,-85;-88,-86;-87,-84;-87,-86;-89,-86;-87,-85;-89,-84;-88,-84;-88,-85
-88,-63;-88,-66;-88,-64;-89,-66;-89,-64;-88,-65;-89,-65;-89,-63
-88,-20
-82,84;-83,83;-82,85;-85,83;-85,86;-84,84;-82,86;-83,85;-82,83;-84,86;-84,83;-83,86;-85,85;-83,84;-84,85;-85,84
-75,72;-75,74;-80,76;-76,78;-78,76;-75,76;-75,75;-79,76;-80,77;-75,73;-76,76;-80,78;-75,77;-80,74;-77,76;-80,75;-76,77;-75,71;-75,78
-76,-28
-75,-150;-75,-149;-74,-149;-74,-150
-73,-150;-73,-149;-72,-150;-72,-149
-71,116;-71,117
-69,-149;-69,-150;-68,-149;-68,-150
-58,-12
-58,-11
-57,-11
-57,-12
-50,92;-50,91;-51,92;-51,91
-50,110;-51,110
-50,111
-35,105;-29,105;-32,105;-31,105;-33,105;-34,105;-30,105;-28,105;-27,104;-27,103;-27,100;-27,102;-26,105;-27,101;-27,105;-26,100;-24,100;-25,100;-25,105;-24,105;-22,104;-23,100;-23,105;-22,103;-22,101;-22,102;-22,105;-21,105;-19,105;-20,105;-18,105
-34,109;-35,106;-31,108;-31,109;-34,107;-35,110;-35,109;-32,107;-30,108;-30,109;-35,107;-34,108;-32,106;-32,108;-33,106;-33,107;-31,107;-35,108;-34,106;-31,106;-30,107;-33,108;-33,109;-32,109;-30,106;-34,110;-33,110;-30,110;-32,110;-31,110
-27,85;-25,82;-26,80;-26,84;-25,80;-29,83;-28,84;-28,80;-24,83;-24,84;-24,85;-26,83;-24,80;-27,83;-26,81;-26,82;-24,82;-28,82;-29,85;-24,81;-29,81;-28,81;-27,82;-29,80;-28,83;-26,85;-29,84;-27,80;-25,83;-29,82;-28,85;-25,81;-27,81;-27,84;-25,84;-25,85
-32,68
-31,14
-26,102;-26,101;-26,103;-26,104;-24,101;-24,103;-25,102;-24,104;-25,101;-25,104;-24,102;-25,103;-23,101;-23,102;-23,104;-23,103
-22,99;-22,96;-22,98;-22,97;-22,100;-22,95;-21,97;-21,99;-21,100;-21,95;-21,98;-21,96;-20,100;-20,95;-20,96;-20,98;-19,100;-19,99;-18,100;-19,96;-19,95;-19,98;-20,97;-20,99;-17,100;-19,97;-18,97;-18,95;-18,99;-18,98;-18,96;-17,98;-17,96;-17,99;-17,97;-17,95;-16,95;-16,99;-16,96;-16,100;-15,99;-12,96;-12,98;-16,97;-13,99;-12,97;-16,98;-14,99;-12,99;-15,98;-15,96;-14,95;-14,98;-13,98;-14,100;-13,100;-15,100;-14,97;-13,96;-13,97;-15,97;-14,96;-15,95;-12,95;-12,100;-13,95;-11,99;-11,95;-11,98;-11,97;-11,96
-17,103;-17,101;-17,102;-17,104;-15,104;-16,102;-14,104;-16,103;-13,104;-16,101;-16,104;-13,101;-14,103;-15,103;-13,102;-15,101;-14,101;-13,103;-15,102;-14,102;-12,104;-12,102;-12,101;-12,103
-17,105;-14,105;-16,105;-15,105;-13,105
-17,106;-17,108;-17,109;-17,107;-17,110;-14,106;-16,107;-15,107;-13,107;-13,106;-16,110;-16,106;-16,109;-15,106;-16,108;-14,107;-15,109;-14,109;-14,108;-14,110;-15,110;-15,108;-13,108;-13,109;-13,110
-15,-114
-9,101;-9,104;-9,100;-10,103;-11,104;-9,102;-11,103;-11,100;-11,101;-9,103;-10,104;-10,101;-10,102;-10,100;-11,102;-8,104;-8,103;-8,101;-8,100;-8,102
-10,99;-10,98;-10,97;-10,96;-10,95;-9,98;-9,96;-9,99;-9,97;-9,95
-9,-85;-9,-81;-9,-77;-7,-91;-7,-90;-7,-85;-9,-89;-9,-80;-9,-76;-8,-89;-8,-75;-9,-91;-9,-90;-9,-84;-8,-73;-7,-82;-6,-87;-9,-74;-8,-91;-8,-88;-7,-78;-7,-77;-6,-86;-8,-90;-8,-72;-7,-73;-9,-75;-7,-87;-9,-73;-7,-84;-7,-83;-7,-76;-6,-81;-8,-86;-8,-85;-8,-80;-6,-88;-6,-83;-6,-79;-9,-86;-9,-78;-8,-82;-8,-77;-7,-88;-7,-74;-7,-86;-7,-79;-7,-75;-9,-82;-9,-79;-7,-72;-9,-88;-9,-83;-8,-81;-8,-78;-6,-91;-6,-82;-8,-84;-8,-79;-8,-74;-7,-89;-7,-81;-7,-80;-9,-72;-6,-90;-6,-89;-6,-85;-9,-87;-8,-87;-8,-83;-8,-76;-6,-84;-6,-80;-6,-78;-6,-77;-6,-75;-5,-87;-6,-74;-5,-82;-4,-82;-4,-81;-4,-78;-3,-85;-2,-77;-1,-79;0,-86;1,-91;2,-72;3,-80;5,-73;6,-82;6,-73;7,-76;8,-89;9,-86;9,-82;10,-72;-6,-76;-5,-84;-5,-79;-5,-76;-4,-84;-3,-74;-2,-91;-2,-87;-2,-86;-1,-90;-1,-86;-1,-77;-1,-73;0,-85;1,-80;1,-76;2,-91;3,-79;3,-76;3,-72;4,-90;4,-78;4,-77;4,-75;5,-89;5,-84;7,-75;7,-73;8,-73;9,-91;10,-80;-5,-88;-3,-84;0,-81;0,-80;0,-74;1,-89;1,-73;2,-83;3,-86;3,-82;4,-88;7,-81;8,-85;9,-79;-5,-86;-4,-89;-4,-80;0,-87;1,-87;5,-91;5,-87;5,-86;5,-74;6,-89;6,-86;6,-84;6,-75;7,-86;7,-79;8,-75;10,-85;10,-74;-6,-73;-5,-91;-5,-72;-4,-76;-2,-82;-1,-87;-1,-80;0,-90;0,-79;0,-77;1,-88;1,-77;2,-87;2,-74;4,-89;5,-82;6,-87;6,-80;6,-77;7,-89;7,-83;8,-83;9,-73;10,-90;-5,-90;-5,-81;-3,-78;0,-73;1,-86;1,-83;3,-77;4,-74;4,-72;6,-74;7,-84;8,-91;8,-78;10,-79;10,-77;-3,-90;-2,-83;-2,-81;-1,-83;3,-84;5,-85;5,-80;5,-79;5,-78;6,-72;8,-77;9,-83;9,-78;-4,-86;-6,-72;-4,-77;-4,-73;-4,-72;-3,-80;-2,-85;-2,-79;-2,-76;-2,-75;-2,-73;-1,-89;0,-89;2,-88;2,-84;2,-77;2,-76;3,-75;4,-86;4,-84;4,-76;6,-76;7,-87;8,-80;8,-79;8,-76;9,-84;9,-75;10,-89;-5,-89;-5,-75;-5,-77;-5,-85;-5,-83;-4,-83;-4,-79;-3,-82;-3,-75;-2,-78;-1,-91;2,-89;2,-78;3,-85;3,-78;4,-82;4,-81;6,-79;7,-90;7,-80;8,-72;10,-84;10,-82;-3,-91;-4,-88;-4,-87;-4,-74;-3,-83;-3,-79;-3,-77;-2,-90;-1,-75;0,-75;0,-72;1,-82;1,-74;3,-90;3,-88;3,-74;4,-87;4,-80;5,-90;5,-81;5,-75;5,-72;6,-91;8,-81;9,-85;-1,-88;-1,-85;-1,-74;0,-82;1,-84;4,-83;6,-88;8,-87;10,-75;10,-73;-4,-85;-3,-88;-3,-87;-3,-81;-3,-72;-1,-84;-1,-82;-1,-72;1,-81;1,-75;2,-86;2,-73;3,-89;6,-90;6,-81;7,-88;7,-72;-5,-78;-3,-73;-2,-72;-1,-81;-1,-78;0,-83;0,-76;1,-79;2,-79;3,-83;3,-73;5,-76;6,-85;7,-91;7,-78;8,-74;9,-87;9,-80;10,-87;-4,-90;-2,-88;0,-84;0,-78;1,-85;5,-88;6,-78;7,-82;7,-77;7,-74;8,-88;8,-84;10,-78;-5,-80;-5,-73;-5,-74;-4,-75;-3,-89;-3,-86;-2,-89;1,-90;1,-72;2,-82;2,-80;2,-75;3,-87;4,-85;4,-79;4,-73;5,-83;5,-77;7,-85;8,-86;8,-82;9,-90;9,-89;9,-88;9,-81;10,-88;10,-86;10,-76;-4,-91;-3,-76;-2,-84;-2,-80;-2,-74;-1,-76;0,-91;0,-88;1,-78;2,-90;2,-85;2,-81;3,-91;3,-81;4,-91;6,-83;8,-90;9,-77;9,-76;9,-74;9,-72;10,-91;10,-83;10,-81
-6,102;-6,104;-6,101;-7,102;-6,100;-7,104;-7,103;-5,103;-5,104;-6,103;-5,102;-7,101;-7,100;-5,100;-5,101;-4,102;-4,103;-3,104;-4,110;-4,104;-4,105;-4,100;-4,107;-4,108;-4,109;-4,106;-3,110;-4,101;-1,110;-2,110;-1,104;-2,104;0,104;0,110
-3,134;-3,133;-3,132;-2,134;-1,133;-2,133;-1,132;-1,134;-2,132
11,102;9,100;6,100;7,104;8,104;10,104;11,101;5,101;5,102;6,103;6,104;10,103;7,102;11,100;11,104;5,104;5,103;8,102;9,103;10,101;7,100;9,104;7,103;9,101;10,102;9,102;6,101;6,102;7,101;8,101;5,100;8,103;11,103;8,100;10,100
6,99
5,117;6,117;6,118;5,118
22,-75;23,-75
33,97;32,96;30,99;33,96;31,97;32,95;29,98;30,95;31,99;33,98;31,96;33,95;29,96;32,97;29,97;30,98;29,95;30,97;32,98;33,99;29,99;30,96;31,95;31,98;32,99
29,-60
46,-1
49,-41;47,-40;48,-41;48,-40;47,-41;49,-40
68,-54;68,-53;68,-55;69,-53;70,-54;69,-55;70,-53;69,-54;70,-55
55,-42
62,32;63,32;62,31;63,31
65,-125
78,-105
91,54
91,43
91,42
94,42
92,41
92,43
94,43
92,42
93,42
93,41
94,41
91,41
93,43
98,48
96,-114;96,-113;96,-115;97,-115;98,-115;97,-116;97,-113;97,-114;98,-116;98,-114;98,-113;99,-116;100,-115;99,-115;100,-114;100,-113;99,-113;100,-116;99,-114
97,-101;97,-102
101,-111;102,-112;101,-112;102,-111;103,-112;103,-111
104,60
105,50;106,51;106,50;107,50;107,51
109,49
109,50
110,50;110,49
128,-113
136,-16
146,59