-150,20
-145,20
-145,25
-145,125
-145,130
-145,135
-145,140
-145,145
-145,-120
-145,-35
-140,-115
-140,45
-140,-120
-140,-150
-140,-110
-140,-10;-140,-5;-135,-10;-135,-5
-135,-40
-135,-35
-135,110;-135,115;-135,120;-130,110;-130,115;-130,120;-125,110;-125,115;-125,120
-130,-130
-130,10
-130,100
-130,-45
-125,10
-125,15
-125,20
-125,85
-115,130;-120,130;-125,130;-115,135;-120,135;-125,135
-125,-70
-125,-25
-125,125;-120,125;-115,125
-120,-150
-115,-100
-115,-65
-115,-35
-115,10
-115,-55;-110,-55
-110,-45
-110,-15
-110,150;-105,150;-110,145;-105,145
-110,-60
-110,-25
-110,-95
-110,-40;-105,-40
-110,20
-110,25
-105,-95
-105,-25
-105,-80
-105,-45
-105,20
-105,-145;-100,-145
-105,-100
-100,-95
-105,-5
-100,-100
-100,-5
-100,-45
-100,10
-100,-140
-95,125
-95,105;-90,105;-95,100;-90,100
-95,-40
-90,15;-95,15
-95,20;-90,20
-90,25;-95,25
-85,25;-85,35;-85,30;-90,30;-90,35
-95,30
-90,-75
-90,-20
-90,10
-90,-85
-85,-85
-90,-45
-85,15;-85,10
-85,-120
-85,-35
-85,-110
-85,-30
-85,20;-80,20;-80,15;-75,15
-80,-120
-80,-15
-80,-115
-80,-65
-75,-100
-75,-45
-75,-120
-70,-130
-70,-120
-70,75
-70,85;-70,80
-70,115
-70,120;-70,125
-70,-5
-70,0
-70,110
-70,140
-70,-140
-70,35
-65,80
-65,-125
-65,35
-65,125;-65,120;-60,120
-65,130
-65,-130
-65,115
-65,-110;-60,-110
-60,-130
-60,-10
-60,-25
-55,75;-55,80
-55,-125
-55,-80
-55,30
-55,-140
-55,-85
-55,90
-55,100
-55,135;-50,135;-55,130;-50,130
-50,-100
-50,145;-45,145
-50,-105
-50,120
-50,125
-50,150
-50,-115;-50,-110
-50,75
-45,75
-45,-130
-45,5;-45,10
-45,85
-45,-115
-45,45;-45,40
-45,120
-45,150
-45,-50
-45,-30
-45,110
-40,110
-40,70
-40,-25
-40,10
-40,-100
-40,-140
-40,-60
-40,30
-35,25
-35,-65;-35,-60
-30,-60;-35,-55
-30,-65
-30,-55
-30,-5
-30,-30
-30,15
-30,45
-30,140
-30,-110;-30,-105
-30,55
-30,50
-30,60;-25,55;-25,60
-30,90
-25,-45
-25,-20
-25,20;-20,20
-25,-110
-25,90
-25,15
-25,-55;-25,-50
-25,-60;-20,-60
-25,-10
-25,35
-20,35
-20,-135;-20,-130
-20,-120;-20,-125
-20,145
-20,-150
-20,45
-15,150;-10,150;-15,145;-10,145
-10,-20;-10,-15;-10,-10;-5,-20;-5,-15;-5,-10;0,-20;0,-15;0,-10;-15,-35;-15,-30;-15,-25;-15,-20;-10,-35;-10,-30;-10,-25;-5,-35;-5,-30;-5,-25;0,-35;0,-30;0,-25
-15,80;-15,75;-10,75;-10,80
-15,-55
-15,-140
-15,-5
-10,-145
-10,40
-10,140
-10,-130
-10,-120
-10,-5;-10,0;-10,5;-10,10;-5,-5;-5,0;-5,5;-5,10;0,-5;0,0;0,5;0,10;5,-10;5,-5;5,0;5,5;5,10;10,-10;10,-5;10,0;10,5;10,10
-5,-120
-10,-65;-5,-65
-5,-110
-5,-125
-5,35;0,35;-5,40;0,40
-5,50
-5,-105
0,15
0,130
0,-125
0,-55;5,-55
0,-40;5,-40;5,-45;5,-35;10,-40;10,-35
5,20;5,15;0,20
0,50
0,55;5,55
5,115
5,120
5,135
5,-110
5,-150
5,-145
5,-115
10,-140
10,65
10,-50
10,-115
10,-45
10,-125
10,-20;15,-20
10,-15;15,-15
10,50
15,85;15,80;15,75;20,85;20,80;20,75;25,85;25,80;25,75;30,80
15,90;20,90
15,10
15,100;15,105;20,100;20,105
15,-145
15,-115
20,-115
15,65
15,-90;15,-85;20,-90;20,-85
15,-50
15,-10
15,-65;20,-65
20,-140
20,-120
20,-20
20,-15;20,-10
20,-125
20,-35
20,150
20,5;25,5;30,5
25,-120
20,-45
20,70;25,70
25,-140
25,-125
25,140;25,145
25,-90
25,-30
30,-120
25,10
30,-45
30,10
30,-55
30,-115
30,-5
30,25;35,25
30,90;35,90
35,-95
35,-75;35,-70
35,-65
35,-5
35,10
40,95;35,95
40,90
35,120
35,-115
35,0
35,110
35,130;40,130
40,-25
40,25;40,30
40,70
40,105
40,-55
40,-5
40,35;40,40;40,45;45,35;45,40;45,45
40,-110
45,-80
45,-40
45,10
45,-120
45,-45;50,-45
45,-10;50,-10
45,105
50,-85
50,-55
50,50;50,55;50,60;50,65;50,70;50,75;55,50;55,70;55,75;60,50;60,70;60,75;65,50;65,70;65,75;70,50;70,70;70,75;70,55;70,60;70,65;75,50;75,55;75,60;75,65;75,70;75,75
50,-130
50,-120
55,25;50,25
55,55
55,60;55,65;60,55;60,60;60,65;65,55;65,60;65,65
55,-5
55,35;55,40
55,-20
55,120
55,-85
55,45
60,-5
60,-20
60,30;65,30
60,80;60,85;60,90;60,95;60,100
60,-125
65,-110;60,-110
60,-30
60,-25
65,-125
65,-115
65,-135
65,-10
70,-10
65,0
70,-5
70,-25
70,30
70,-40
80,-135;80,-140
85,-135;85,-140
90,-135
90,-140
80,50;75,45;80,45
80,55
80,60;80,65
85,45
85,50;85,55
85,75
90,80;90,75;85,80
90,50
90,55;95,55
85,85
85,90
85,95
85,100
85,105
85,110
85,115
85,-15;85,-10;90,-15;90,-10
95,50;90,45;95,45
85,130;85,135;90,130;90,135;90,125;90,120;95,120;95,125;95,130;95,135;100,120;100,125;100,130;100,135
90,-130
105,-135
95,-35
95,-10;95,-5
95,20;95,25;100,20;100,25
95,30;95,35;100,30;100,35;105,30
95,85
100,85;105,85;95,90;100,90
100,-140
100,80
100,75
100,-35
100,-30
105,-30
105,25
105,90
105,60
105,75
115,-130
120,-120
125,-120
105,-100
110,-100
105,-80;110,-80;115,-80;120,-80;125,-80;105,-85;110,-85;115,-85;120,-85;125,-85;105,-90;110,-90;115,-90;120,-90;125,-90;105,-95;110,-95;115,-95;120,-95;125,-95;105,-75;110,-75;115,-75;120,-75;125,-75
110,75
110,80
110,85
110,90
115,-20
120,-10
115,-5
115,55
120,-5
120,-20
120,30;120,35;125,30;125,35
120,130;120,135
125,-10
125,130;130,130
125,135
130,-125
130,-130
135,-135
125,-105
130,-110
125,-15
125,45;125,50;130,45;130,50
125,65
125,70
130,135
125,75
130,30;130,35
130,65
130,70
130,75
130,-10
130,-5;130,0
130,-140
135,135
135,35
135,65
135,70
135,75
135,-15
135,0;135,-5;140,0;140,-5
140,-145
140,-15
140,-95
140,-75
140,-40
140,-10;145,0;145,-5;145,-10;150,0;150,-5;150,-10
145,-145
145,-150
145,-35
145,-15
145,-45
145,60;145,65;150,60;150,65
150,-115
150,-35
150,-145
150,-85;150,-80
150,-70
150,-60
150,-40
150,5
150,70;150,75