-149,12;-148,12
-144,44
-142,46
-142,47
-141,47
-141,46
-141,48
-142,48
-140,48
-140,46
-140,47
-138,-116
-136,-36
-119,-43;-120,-43
-118,6;-117,6
-116,-30;-116,-31;-117,-30;-117,-31
-113,-38;-113,-36;-113,-37
-109,-32
-109,-95
-109,-93
-107,-94
-103,-98
-95,34;-96,36;-96,35;-95,35;-96,34;-95,36
-98,37;-98,34;-99,37;-97,39;-98,39;-99,38;-99,39;-99,34;-98,38;-98,35;-98,36;-99,36;-99,35;-97,38;-100,38;-100,37;-97,37;-100,39
-93,-98
-94,-98
-95,-99
-94,-100
-95,-98
-94,-99
-95,-100
-93,-100
-93,-99
-90,-150
-89,-85;-88,-86;-87,-84;-87,-86;-89,-86;-87,-85;-89,-84;-88,-84;-88,-85
-86,31
-88,59
-86,-28
-79,-63
-75,-150;-75,-149;-74,-149;-74,-150
-71,33
-70,33
-71,34
-70,32
-70,34
-73,-150;-73,-149;-72,-150;-72,-149
-71,32
-71,-150;-71,-149;-70,-150;-70,-149
-69,-149;-69,-150;-68,-149;-68,-150
-64,-31;-64,-30;-65,-31;-65,-30;-62,-31;-63,-30;-63,-31;-62,-30
-61,-32
-60,-31
-60,125
-57,128
-57,127
-52,-140
-50,149;-49,149
-40,-59
-28,-59;-27,-56;-25,-57;-28,-56;-27,-57;-26,-58;-27,-60;-26,-56;-25,-55;-26,-55;-25,-59;-24,-57;-24,-55;-28,-57;-26,-59;-24,-56;-27,-59;-28,-60;-24,-59;-26,-60;-24,-60;-25,-56;-27,-55;-26,-57;-25,-60;-27,-58;-24,-58;-28,-58;-28,-55;-25,-58
-28,5;-28,4;-27,5
-23,69;-23,70
-13,-6
-9,-85;-9,-81;-9,-77;-7,-91;-7,-90;-7,-85;-9,-89;-9,-80;-9,-76;-8,-89;-8,-75;-9,-91;-9,-90;-9,-84;-8,-73;-7,-82;-6,-87;-9,-74;-8,-91;-8,-88;-7,-78;-7,-77;-6,-86;-8,-90;-8,-72;-7,-73;-9,-75;-7,-87;-9,-73;-7,-84;-7,-83;-7,-76;-6,-81;-8,-86;-8,-85;-8,-80;-6,-88;-6,-83;-6,-79;-9,-86;-9,-78;-8,-82;-8,-77;-7,-88;-7,-74;-7,-86;-7,-79;-7,-75;-9,-82;-9,-79;-7,-72;-9,-88;-9,-83;-8,-81;-8,-78;-6,-91;-6,-82;-8,-84;-8,-79;-8,-74;-7,-89;-7,-81;-7,-80;-9,-72;-6,-90;-6,-89;-6,-85;-9,-87;-8,-87;-8,-83;-8,-76;-6,-84;-6,-80;-6,-78;-6,-77;-6,-75;-5,-87;-6,-74;-5,-82;-4,-82;-4,-81;-4,-78;-3,-85;-2,-77;-1,-79;0,-86;1,-91;2,-72;3,-80;5,-73;6,-82;6,-73;7,-76;8,-89;9,-86;9,-82;10,-72;-6,-76;-5,-84;-5,-79;-5,-76;-4,-84;-3,-74;-2,-91;-2,-87;-2,-86;-1,-90;-1,-86;-1,-77;-1,-73;0,-85;1,-80;1,-76;2,-91;3,-79;3,-76;3,-72;4,-90;4,-78;4,-77;4,-75;5,-89;5,-84;7,-75;7,-73;8,-73;9,-91;10,-80;-5,-88;-3,-84;0,-81;0,-80;0,-74;1,-89;1,-73;2,-83;3,-86;3,-82;4,-88;7,-81;8,-85;9,-79;-5,-86;-4,-89;-4,-80;0,-87;1,-87;5,-91;5,-87;5,-86;5,-74;6,-89;6,-86;6,-84;6,-75;7,-86;7,-79;8,-75;10,-85;10,-74;-6,-73;-5,-91;-5,-72;-4,-76;-2,-82;-1,-87;-1,-80;0,-90;0,-79;0,-77;1,-88;1,-77;2,-87;2,-74;4,-89;5,-82;6,-87;6,-80;6,-77;7,-89;7,-83;8,-83;9,-73;10,-90;-5,-90;-5,-81;-3,-78;0,-73;1,-86;1,-83;3,-77;4,-74;4,-72;6,-74;7,-84;8,-91;8,-78;10,-79;10,-77;-3,-90;-2,-83;-2,-81;-1,-83;3,-84;5,-85;5,-80;5,-79;5,-78;6,-72;8,-77;9,-83;9,-78;-4,-86;-6,-72;-4,-77;-4,-73;-4,-72;-3,-80;-2,-85;-2,-79;-2,-76;-2,-75;-2,-73;-1,-89;0,-89;2,-88;2,-84;2,-77;2,-76;3,-75;4,-86;4,-84;4,-76;6,-76;7,-87;8,-80;8,-79;8,-76;9,-84;9,-75;10,-89;-5,-89;-5,-75;-5,-77;-5,-85;-5,-83;-4,-83;-4,-79;-3,-82;-3,-75;-2,-78;-1,-91;2,-89;2,-78;3,-85;3,-78;4,-82;4,-81;6,-79;7,-90;7,-80;8,-72;10,-84;10,-82;-3,-91;-4,-88;-4,-87;-4,-74;-3,-83;-3,-79;-3,-77;-2,-90;-1,-75;0,-75;0,-72;1,-82;1,-74;3,-90;3,-88;3,-74;4,-87;4,-80;5,-90;5,-81;5,-75;5,-72;6,-91;8,-81;9,-85;-1,-88;-1,-85;-1,-74;0,-82;1,-84;4,-83;6,-88;8,-87;10,-75;10,-73;-4,-85;-3,-88;-3,-87;-3,-81;-3,-72;-1,-84;-1,-82;-1,-72;1,-81;1,-75;2,-86;2,-73;3,-89;6,-90;6,-81;7,-88;7,-72;-5,-78;-3,-73;-2,-72;-1,-81;-1,-78;0,-83;0,-76;1,-79;2,-79;3,-83;3,-73;5,-76;6,-85;7,-91;7,-78;8,-74;9,-87;9,-80;10,-87;-4,-90;-2,-88;0,-84;0,-78;1,-85;5,-88;6,-78;7,-82;7,-77;7,-74;8,-88;8,-84;10,-78;-5,-80;-5,-73;-5,-74;-4,-75;-3,-89;-3,-86;-2,-89;1,-90;1,-72;2,-82;2,-80;2,-75;3,-87;4,-85;4,-79;4,-73;5,-83;5,-77;7,-85;8,-86;8,-82;9,-90;9,-89;9,-88;9,-81;10,-88;10,-86;10,-76;-4,-91;-3,-76;-2,-84;-2,-80;-2,-74;-1,-76;0,-91;0,-88;1,-78;2,-90;2,-85;2,-81;3,-91;3,-81;4,-91;6,-83;8,-90;9,-77;9,-76;9,-74;9,-72;10,-91;10,-83;10,-81
-10,131;-10,132;-10,134;-10,135;-10,133;-10,136;-10,137;-8,131;-9,135;-9,131;-8,135;-7,131;-6,135;-6,131;-7,135;-5,137;-5,131;-3,135;-4,131;-2,137;-4,133;-5,136;-4,135;-3,131;-4,134;-5,135;-4,132;-2,136;-2,131;-1,135;-2,135;-1,131;-1,137;-1,136;0,136;0,132;0,135;0,131;0,137;0,134;0,133
-8,133;-8,132;-9,132;-9,133;-8,134;-9,134
-9,136;-9,137;-8,136;-8,137
-6,132;-7,132;-7,134;-7,133;-6,133;-6,134;-5,134;-5,133;-5,132
-4,-142
-6,136;-7,137;-7,136;-6,137
-3,134;-3,133;-3,132;-2,134;-1,133;-2,133;-1,132;-1,134;-2,132
-4,137;-4,136;-3,137;-3,136
4,117;3,118;4,118;3,117
6,144
6,137;7,137;6,135;7,136;7,135;6,136
5,117;6,117;6,118;5,118
14,103;18,103;18,102;15,104;16,103;18,104;14,101;14,104;15,103;17,103;18,101;16,101;17,100;15,102;16,104;17,101;15,100;17,104;17,102;14,100;15,101;16,102;14,102;16,100
16,106;16,105;17,105;17,106
29,106;30,105;31,107;32,107;33,107;27,106;27,107;31,105;32,109;28,105;28,109;28,110;32,108;27,109;28,108;30,107;29,108;31,110;26,107;27,108;31,108;28,107;29,110;32,105;33,108;26,110;30,108;27,105;32,106;32,110;27,110;29,107;33,105;26,108;29,105;31,106;31,109;26,109;30,110;33,106;26,106;28,106;29,109;30,106;30,109;33,110;26,105;33,109
26,116;28,112;28,113;28,114;29,113;31,111;32,117;33,117;33,113;27,114;28,118;29,117;32,118;26,111;30,115;31,118;27,117;30,114;30,116;30,117;32,112;29,111;29,116;32,113;30,112;31,117;32,114;33,115;27,115;28,116;29,115;29,118;31,115;26,114;28,115;31,116;32,111;26,117;27,112;29,114;33,111;26,113;26,118;30,118;31,112;31,114;33,114;27,116;28,117;32,115;33,116;33,118;27,113;29,112;31,113;27,111;27,118;30,111;30,113;32,116;33,112;26,112;26,115;28,111
36,49
37,-115;37,-114
43,-109;43,-110;45,-110;44,-109;44,-110;45,-109;46,-110;46,-109
45,104
49,-41;47,-40;48,-41;48,-40;47,-41;49,-40
48,-46;47,-45;48,-44;49,-45;48,-43;47,-44;47,-43;49,-46;48,-45;49,-44;49,-43
48,103
57,26;56,27;57,27;56,26;59,26;59,27;58,26;58,27
70,-78
77,-101;77,-102
78,-105
96,-131;96,-132;98,-132;97,-131;98,-131;97,-132
96,-114;96,-113;96,-115;97,-115;98,-115;97,-116;97,-113;97,-114;98,-116;98,-114;98,-113;99,-116;100,-115;99,-115;100,-114;100,-113;99,-113;100,-116;99,-114
94,24
99,51
98,52
100,50
98,51
100,52
98,50
99,54
99,53
98,54
99,52
100,54
98,17
98,53
100,51
99,50
100,53
100,17
99,-131;99,-130;100,-130;100,-131
99,17
100,55;101,55
104,51
104,60
106,41
105,50
106,51;107,51
106,50;107,50
109,49
107,55
116,-26;118,-25;118,-26;121,-26;120,-25;120,-27;117,-26;117,-27;119,-27;120,-26;117,-25;119,-25;121,-27;119,-26;118,-27;121,-25
128,130;128,131
147,61;147,62;147,63;148,60;149,65;145,65;146,61;145,64;148,61;149,63;145,62;147,60;145,60;146,65;149,64;147,65;149,61;148,63;149,60;146,60;147,64;145,63;145,61;146,62;148,62;148,64;146,64;148,65;149,62;146,63