-150,72;-149,72;-148,72;-147,72;-146,72;-145,72;-144,72;-143,72;-142,72;-141,72;-140,72;-139,72;-150,71;-149,71;-148,71;-147,71;-146,71;-145,71;-144,71;-143,71;-142,71;-141,71;-140,71;-139,71;-150,70;-149,70;-148,70;-147,70;-146,70;-145,70;-144,70;-143,70;-142,70;-141,70;-140,70;-139,70;-150,69;-149,69;-148,69;-147,69;-146,69;-145,69;-144,69;-143,69;-142,69;-141,69;-140,69;-139,69;-150,68;-149,68;-148,68;-147,68;-146,68;-145,68;-144,68;-143,68;-142,68;-141,68;-140,68;-139,68;-150,67;-149,67;-148,67;-147,67;-146,67;-145,67;-144,67;-143,67;-142,67;-141,67;-140,67;-139,67;-150,66;-149,66;-148,66;-147,66;-146,66;-145,66;-144,66;-143,66;-142,66;-141,66;-140,66;-139,66;-150,65;-149,65;-148,65;-147,65;-146,65;-145,65;-144,65;-143,65;-142,65;-141,65;-140,65;-139,65;-150,64;-149,64;-148,64;-147,64;-146,64;-145,64;-144,64;-143,64;-142,64;-141,64;-140,64;-139,64
-149,12;-148,12
-138,-116
-131,79;-130,79;-129,79;-131,78;-130,78;-129,78;-131,77;-130,77;-129,77;-131,76;-130,76;-129,76;-128,76;-128,77;-128,78;-128,79;-127,76;-127,77;-127,78;-127,79
-135,-6;-135,-5;-134,-6;-134,-5
-133,-35
-131,-61
-126,84;-126,83
-120,-43;-119,-43
-113,-36;-113,-37;-113,-38
-109,-95
-108,-15
-107,-94
-104,-95
-95,36;-95,35;-95,34;-96,36;-96,35;-96,34;-97,36;-97,35;-97,34
-97,39;-97,38;-97,37;-98,39;-98,38;-98,37;-98,36;-98,35;-98,34;-99,39;-99,38;-99,37;-99,36;-99,35;-99,34;-100,39;-100,38;-100,37
-99,126;-99,127;-99,128;-99,129;-100,126;-100,127;-100,128;-100,129;-101,126;-101,127;-101,128;-101,129;-102,126;-102,127;-102,128;-102,129
-99,98;-99,99;-99,100;-99,101;-99,102;-98,98;-98,99;-98,100;-98,101;-98,102;-97,98;-97,99;-97,100;-97,101;-97,102;-96,98;-96,99;-96,100;-96,101;-96,102;-95,98;-95,99;-95,100;-95,101;-95,102
-96,112;-95,112;-94,112;-93,112;-92,112;-96,111;-95,111;-94,111;-93,111;-92,111;-96,110;-95,110;-94,110;-93,110;-92,110;-96,109;-95,109;-94,109;-93,109;-92,109;-96,108;-95,108;-94,108;-93,108;-92,108
-95,-89;-95,-88;-95,-87;-94,-89;-94,-88;-94,-87
-91,57
-91,58
-91,59
-90,57;-90,58;-90,59;-89,57;-89,58;-89,59;-88,59;-88,58;-88,57
-90,-150
-87,-84;-87,-85;-87,-86;-88,-84;-88,-85;-88,-86;-89,-84;-89,-85;-89,-86
-86,-38
-86,-28
-82,110
-81,110
-80,110
-79,110
-78,110
-82,108
-81,108
-80,108
-79,108
-78,108
-83,116;-83,117;-82,117;-81,117;-82,116;-81,116
-83,115;-83,114;-83,113;-82,115;-81,115;-82,114;-81,114;-82,113;-81,113
-80,117;-79,117;-80,116;-79,116;-78,116;-77,116;-76,116;-78,117;-77,117;-76,117
-75,-150;-75,-149;-74,-150;-74,-149
-73,-150;-73,-149;-72,-150;-72,-149
-71,-150;-71,-149;-70,-150;-70,-149
-64,-68;-64,-69;-64,-70;-64,-71;-63,-68;-63,-69;-63,-70;-63,-71;-62,-68;-62,-69;-62,-70;-62,-71;-61,-68;-61,-69;-61,-70;-61,-71;-60,-68;-60,-69;-60,-70;-60,-71;-59,-68;-59,-69;-59,-70;-59,-71
-60,-56;-60,-57;-60,-58;-60,-59;-59,-56;-59,-57;-59,-58;-59,-59;-58,-56;-58,-57;-58,-58;-58,-59;-57,-56;-57,-57;-57,-58;-57,-59;-56,-57;-56,-58;-56,-59;-56,-56
-69,-150;-69,-149;-68,-150;-68,-149
-61,-32
-60,-31
-50,149;-49,149
-19,-110;-19,-111;-19,-112;-20,-110;-20,-111;-20,-112;-21,-110;-21,-111;-21,-112
-15,-115
-9,-91;-9,-90;-9,-89;-9,-88;-9,-87;-9,-86;-9,-85;-9,-84;-9,-83;-9,-82;-9,-81;-9,-80;-9,-79;-9,-78;-9,-77;-9,-76;-9,-75;-9,-74;-9,-73;-9,-72;-8,-91;-8,-90;-8,-89;-8,-88;-8,-87;-8,-86;-8,-85;-8,-84;-8,-83;-8,-82;-8,-81;-8,-80;-8,-79;-8,-78;-8,-77;-8,-76;-8,-75;-8,-74;-8,-73;-8,-72;-7,-91;-7,-90;-7,-89;-7,-88;-7,-87;-7,-86;-7,-85;-7,-84;-7,-83;-7,-82;-7,-81;-7,-80;-7,-79;-7,-78;-7,-77;-7,-76;-7,-75;-7,-74;-7,-73;-7,-72;-6,-91;-6,-90;-6,-89;-6,-88;-6,-87;-6,-86;-6,-85;-6,-84;-6,-83;-6,-82;-6,-81;-6,-80;-6,-79;-6,-78;-6,-77;-6,-76;-6,-75;-6,-74;-6,-73;-6,-72;-5,-91;-5,-90;-5,-89;-5,-88;-5,-87;-5,-86;-5,-85;-5,-84;-5,-83;-5,-82;-5,-81;-5,-80;-5,-79;-5,-78;-5,-77;-5,-76;-5,-75;-5,-74;-5,-73;-5,-72;-4,-91;-4,-90;-4,-89;-4,-88;-4,-87;-4,-86;-4,-85;-4,-84;-4,-83;-4,-82;-4,-81;-4,-80;-4,-79;-4,-78;-4,-77;-4,-76;-4,-75;-4,-74;-4,-73;-4,-72;-3,-91;-3,-90;-3,-89;-3,-88;-3,-87;-3,-86;-3,-85;-3,-84;-3,-83;-3,-82;-3,-81;-3,-80;-3,-79;-3,-78;-3,-77;-3,-76;-3,-75;-3,-74;-3,-73;-3,-72;-2,-91;-2,-90;-2,-89;-2,-88;-2,-87;-2,-86;-2,-85;-2,-84;-2,-83;-2,-82;-2,-81;-2,-80;-2,-79;-2,-78;-2,-77;-2,-76;-2,-75;-2,-74;-2,-73;-2,-72;-1,-91;-1,-90;-1,-89;-1,-88;-1,-87;-1,-86;-1,-85;-1,-84;-1,-83;-1,-82;-1,-81;-1,-80;-1,-79;-1,-78;-1,-77;-1,-76;-1,-75;-1,-74;-1,-73;-1,-72;0,-91;0,-90;0,-89;0,-88;0,-87;0,-86;0,-85;0,-84;0,-83;0,-82;0,-81;0,-80;0,-79;0,-78;0,-77;0,-76;0,-75;0,-74;0,-73;0,-72;1,-91;1,-90;1,-89;1,-88;1,-87;1,-86;1,-85;1,-84;1,-83;1,-82;1,-81;1,-80;1,-79;1,-78;1,-77;1,-76;1,-75;1,-74;1,-73;1,-72;2,-91;2,-90;2,-89;2,-88;2,-87;2,-86;2,-85;2,-84;2,-83;2,-82;2,-81;2,-80;2,-79;2,-78;2,-77;2,-76;2,-75;2,-74;2,-73;2,-72;3,-91;3,-90;3,-89;3,-88;3,-87;3,-86;3,-85;3,-84;3,-83;3,-82;3,-81;3,-80;3,-79;3,-78;3,-77;3,-76;3,-75;3,-74;3,-73;3,-72;4,-91;4,-90;4,-89;4,-88;4,-87;4,-86;4,-85;4,-84;4,-83;4,-82;4,-81;4,-80;4,-79;4,-78;4,-77;4,-76;4,-75;4,-74;4,-73;4,-72;5,-91;5,-90;5,-89;5,-88;5,-87;5,-86;5,-85;5,-84;5,-83;5,-82;5,-81;5,-80;5,-79;5,-78;5,-77;5,-76;5,-75;5,-74;5,-73;5,-72;6,-91;6,-90;6,-89;6,-88;6,-87;6,-86;6,-85;6,-84;6,-83;6,-82;6,-81;6,-80;6,-79;6,-78;6,-77;6,-76;6,-75;6,-74;6,-73;6,-72;7,-91;7,-90;7,-89;7,-88;7,-87;7,-86;7,-85;7,-84;7,-83;7,-82;7,-81;7,-80;7,-79;7,-78;7,-77;7,-76;7,-75;7,-74;7,-73;7,-72;8,-91;8,-90;8,-89;8,-88;8,-87;8,-86;8,-85;8,-84;8,-83;8,-82;8,-81;8,-80;8,-79;8,-78;8,-77;8,-76;8,-75;8,-74;8,-73;8,-72;9,-91;9,-90;9,-89;9,-88;9,-87;9,-86;9,-85;9,-84;9,-83;9,-82;9,-81;9,-80;9,-79;9,-78;9,-77;9,-76;9,-75;9,-74;9,-73;9,-72;10,-91;10,-90;10,-89;10,-88;10,-87;10,-86;10,-85;10,-84;10,-83;10,-82;10,-81;10,-80;10,-79;10,-78;10,-77;10,-76;10,-75;10,-74;10,-73;10,-72
2,-123
2,-54;3,-54
4,19
5,117;5,118;6,117;6,118
6,137;6,136;6,135;7,137;7,136;7,135
14,-130;13,-130
13,-1
13,85;13,84;13,83;13,82;13,81;13,80;13,79;13,78;13,77;13,76;13,75;14,85;14,84;14,83;14,82;14,81;14,80;14,79;14,78;14,77;14,76;14,75;15,85;15,84;15,83;15,82;15,81;15,80;15,79;15,78;15,77;15,76;15,75;16,85;16,84;16,83;16,82;16,81;16,80;16,79;16,78;16,77;16,76;16,75;17,85;17,84;17,83;17,82;17,81;17,80;17,79;17,78;17,77;17,76;17,75;18,85;18,84;18,83;18,82;18,81;18,80;18,79;18,78;18,77;18,76;18,75;19,85;19,84;19,83;19,82;19,81;19,80;19,79;19,78;19,77;19,76;19,75;20,85;20,84;20,83;20,82;20,81;20,80;20,79;20,78;20,77;20,76;20,75;21,85;21,84;21,83;21,82;21,81;21,80;21,79;21,78;21,77;21,76;21,75;22,85;22,84;22,83;22,82;22,81;22,80;22,79;22,78;22,77;22,76;22,75
14,-135;15,-135
20,-120;20,-119;20,-118
26,-118;27,-118;28,-118;29,-118;29,-119
26,111;26,112;26,113;26,114;26,115;26,116;26,117;26,118;27,111;27,112;27,113;27,114;27,115;27,116;27,117;27,118;28,111;28,112;28,113;28,114;28,115;28,116;28,117;28,118;29,111;29,112;29,113;29,114;29,115;29,116;29,117;29,118;30,111;30,112;30,113;30,114;30,115;30,116;30,117;30,118;31,111;31,112;31,113;31,114;31,115;31,116;31,117;31,118;32,111;32,112;32,113;32,114;32,115;32,116;32,117;32,118;33,111;33,112;33,113;33,114;33,115;33,116;33,117;33,118
35,10;36,10
38,108
43,-110;43,-109;44,-110;44,-109;45,-110;45,-109;46,-110;46,-109
43,84;43,85;44,84;44,85
48,-46;49,-46;47,-45;48,-45;49,-45;47,-44;48,-44;49,-44;47,-43;48,-43;49,-43
72,-9;72,-8;72,-7;72,-6;72,-5;72,-4;72,-3;72,-2;72,-1;72,0;72,1;72,2;72,3;72,4;72,5;72,6;72,7;72,8;72,9;72,10;73,-9;73,-8;73,-7;73,-6;73,-5;73,-4;73,-3;73,-2;73,-1;73,0;73,1;73,2;73,3;73,4;73,5;73,6;73,7;73,8;73,9;73,10;74,-9;74,-8;74,-7;74,-6;74,-5;74,-4;74,-3;74,-2;74,-1;74,0;74,1;74,2;74,3;74,4;74,5;74,6;74,7;74,8;74,9;74,10;75,-9;75,-8;75,-7;75,-6;75,-5;75,-4;75,-3;75,-2;75,-1;75,0;75,1;75,2;75,3;75,4;75,5;75,6;75,7;75,8;75,9;75,10;76,-9;76,-8;76,-7;76,-6;76,-5;76,-4;76,-3;76,-2;76,-1;76,0;76,1;76,2;76,3;76,4;76,5;76,6;76,7;76,8;76,9;76,10;77,-9;77,-8;77,-7;77,-6;77,-5;77,-4;77,-3;77,-2;77,-1;77,0;77,1;77,2;77,3;77,4;77,5;77,6;77,7;77,8;77,9;77,10;78,-9;78,-8;78,-7;78,-6;78,-5;78,-4;78,-3;78,-2;78,-1;78,0;78,1;78,2;78,3;78,4;78,5;78,6;78,7;78,8;78,9;78,10;79,-9;79,-8;79,-7;79,-6;79,-5;79,-4;79,-3;79,-2;79,-1;79,0;79,1;79,2;79,3;79,4;79,5;79,6;79,7;79,8;79,9;79,10;80,-9;80,-8;80,-7;80,-6;80,-5;80,-4;80,-3;80,-2;80,-1;80,0;80,1;80,2;80,3;80,4;80,5;80,6;80,7;80,8;80,9;80,10;81,-9;81,-8;81,-7;81,-6;81,-5;81,-4;81,-3;81,-2;81,-1;81,0;81,1;81,2;81,3;81,4;81,5;81,6;81,7;81,8;81,9;81,10;82,-9;82,-8;82,-7;82,-6;82,-5;82,-4;82,-3;82,-2;82,-1;82,0;82,1;82,2;82,3;82,4;82,5;82,6;82,7;82,8;82,9;82,10;83,-9;83,-8;83,-7;83,-6;83,-5;83,-4;83,-3;83,-2;83,-1;83,0;83,1;83,2;83,3;83,4;83,5;83,6;83,7;83,8;83,9;83,10;84,-9;84,-8;84,-7;84,-6;84,-5;84,-4;84,-3;84,-2;84,-1;84,0;84,1;84,2;84,3;84,4;84,5;84,6;84,7;84,8;84,9;84,10;85,-9;85,-8;85,-7;85,-6;85,-5;85,-4;85,-3;85,-2;85,-1;85,0;85,1;85,2;85,3;85,4;85,5;85,6;85,7;85,8;85,9;85,10;86,-9;86,-8;86,-7;86,-6;86,-5;86,-4;86,-3;86,-2;86,-1;86,0;86,1;86,2;86,3;86,4;86,5;86,6;86,7;86,8;86,9;86,10;87,-9;87,-8;87,-7;87,-6;87,-5;87,-4;87,-3;87,-2;87,-1;87,0;87,1;87,2;87,3;87,4;87,5;87,6;87,7;87,8;87,9;87,10;88,-9;88,-8;88,-7;88,-6;88,-5;88,-4;88,-3;88,-2;88,-1;88,0;88,1;88,2;88,3;88,4;88,5;88,6;88,7;88,8;88,9;88,10;89,-9;89,-8;89,-7;89,-6;89,-5;89,-4;89,-3;89,-2;89,-1;89,0;89,1;89,2;89,3;89,4;89,5;89,6;89,7;89,8;89,9;89,10;90,-9;90,-8;90,-7;90,-6;90,-5;90,-4;90,-3;90,-2;90,-1;90,0;90,1;90,2;90,3;90,4;90,5;90,6;90,7;90,8;90,9;90,10;91,-9;91,-8;91,-7;91,-6;91,-5;91,-4;91,-3;91,-2;91,-1;91,0;91,1;91,2;91,3;91,4;91,5;91,6;91,7;91,8;91,9;91,10
78,-105
90,-111;90,-110
94,-33;95,-33
95,84;95,85;95,86;95,87;95,88;96,86;96,87;96,88;97,86;97,87;97,88;96,84;96,85;97,84;97,85;98,83;99,83;98,84;98,85;98,86;98,87;98,88;98,89;99,89;100,89;99,84;99,85;99,86;99,87;99,88;100,83;100,84;100,85;100,86;101,84;101,85;101,86;102,84;102,85;102,86;103,85;103,86;100,87;100,88;101,87;101,88;102,87;102,88;103,87
96,-132;96,-131;97,-132;97,-131;98,-132;98,-131
96,-115;96,-114;96,-113;97,-116;97,-115;97,-114;97,-113;98,-116;98,-115;98,-114;98,-113;99,-116;99,-115;99,-114;99,-113;100,-116;100,-115;100,-114;100,-113
96,-104
99,-131;99,-130;100,-131;100,-130
100,77;100,78;100,79;101,77;101,78;101,79;102,77;102,78;102,79
103,77;103,78;103,79;103,80;103,81;104,77;104,78;104,79;104,80;104,81;103,76;104,76
104,52;104,53
104,51
105,40
109,49
109,50
116,-26;117,-25;117,-26;117,-27;118,-25;118,-26;118,-27;119,-25;119,-26;119,-27;120,-25;120,-26;120,-27;121,-25;121,-26;121,-27
126,-5
127,-116;128,-116;129,-116
140,-4;140,-5;140,-6;140,-7;140,-8;140,-9;140,-10;140,-11;141,-4;141,-5;141,-6;141,-7;141,-8;141,-9;141,-10;141,-11;142,-2;142,-3;142,-4;142,-5;142,-6;142,-7;142,-8;142,-9;142,-10;142,-11;143,-2;143,-3;143,-4;143,-5;143,-6;143,-7;143,-8;143,-9;143,-10;143,-11;144,-2;144,-3;144,-4;144,-5;144,-6;144,-7;144,-8;144,-9;144,-10;144,-11;145,-2;145,-3;145,-4;145,-5;145,-6;145,-7;145,-8;145,-9;145,-10;145,-11;146,-2;146,-3;146,-4;146,-5;146,-6;146,-7;146,-8;146,-9;146,-10;146,-11;147,-2;147,-3;147,-4;147,-5;147,-6;147,-7;147,-8;147,-9;147,-10;147,-11;148,-2;148,-3;148,-4;148,-5;148,-6;148,-7;148,-8;148,-9;148,-10;148,-11;149,-2;149,-3;149,-4;149,-5;149,-6;149,-7;149,-8;149,-9;149,-10;149,-11;141,-2;141,-3;140,-2;140,-3
142,-146;143,-146;142,-145;143,-145;142,-144;143,-144
144,44