-150,125;-150,130
-150,135
-145,125
-140,125
-135,125
-145,150
-145,145
-145,140
-145,135
-145,130
-150,145
-140,145
-140,140
-150,20
-145,25
-145,45
-145,-115
-145,-35
-145,50;-140,50
-140,45
-140,-150
-140,95;-140,100;-135,95;-135,100
-140,-10;-135,-10
-140,-5
-135,-5
-135,-35
-135,30
-130,-60
-130,-35
-125,15
-125,20
-125,85
-125,-20
-120,90
-120,-45
-120,25
-115,-55;-110,-55
-110,-45
-110,150;-105,150;-110,145;-105,145
-110,-10;-110,-5
-110,20
-105,-95
-105,-30
-105,-45
-105,-145;-100,-145
-100,-95
-105,-5
-100,125;-100,130
-100,10
-100,15
-100,-5
-100,-140
-95,125
-95,-40
-95,105;-90,105;-95,100;-90,100
-90,15;-95,15
-90,-75
-90,-85;-85,-85
-90,-80
-90,-20
-85,15;-85,10
-85,30
-85,-125
-80,-120
-75,-20
-75,30;-70,30
-75,-30
-70,45
-70,120;-70,125
-70,-140
-70,115
-70,35
-65,30
-65,-130
-60,-10
-60,-25
-60,-140
-60,-115;-55,-115
-55,75;-55,80
-55,-125
-55,-15
-55,90
-55,135;-50,135;-55,130;-50,130
-50,-100
-50,145;-45,145
-50,120
-50,125
-45,-130
-45,-50
-45,-30
-45,150
-40,125
-40,10
-40,80
-40,110
-40,-60
-40,130
-40,30
-35,25
-35,75
-35,145
-35,-65
-35,-60;-30,-65;-30,-60
-35,-55
-35,45
-35,50;-30,50
-30,-55
-30,-5
-30,140
-30,15
-30,45
-30,-110;-30,-105
-30,55
-30,-25
-25,-120
-25,-110
-25,90
-25,-55;-25,-50
-25,-130;-20,-130
-25,70
-20,-55
-20,145
-15,-55
-15,0
-15,-140
-15,-110
-10,20;-10,10;-10,15;-5,10;-5,15;-5,20
-10,-130
-5,-125
-5,-35;0,-35
0,-55;5,-55
0,-40;5,-40;5,-45;5,-35;10,-40;10,-35
5,20;5,15;0,20;0,15
5,135
5,-20
5,115
5,-145
10,20
15,10
15,85;15,80;15,75;20,85;20,80;20,75;25,85;25,80;25,75;30,80
15,-145
15,-115
15,65
15,-90;15,-85;20,-90;20,-85
15,145
15,-65;20,-65
20,90
20,-125;20,-120
20,140
20,-70
20,5;25,5;30,5
25,-120
20,125;25,125
25,-90
30,-120
30,10
30,25;35,25
30,90;35,90
30,-85;35,-85
35,-65
35,-60
35,-20;35,-15
35,-5
35,10
40,95;35,95
40,90
35,-115
40,70
40,-50;40,-45
40,35;40,40;40,45;45,35;45,40;45,45
40,145
45,10
45,60
45,-45;50,-45
45,-40;50,-40
50,60
45,125;45,130;50,125;50,130
50,-145;50,-150
50,-85
50,-55
50,50;50,55;50,65;50,70;50,75;55,50;55,70;55,75;60,50;60,70;60,75;65,50;65,70;65,75;70,50;70,70;70,75;70,55;70,60;70,65;75,50;75,55;75,60;75,65;75,70;75,75
50,95;50,90
50,25;55,25;60,25;50,20;55,20;60,20
55,55;55,60;55,65;60,55;60,60;60,65;65,55;65,60;65,65
55,35;55,40
55,30
55,100;60,100
55,-25
55,110
60,30;65,30
60,80;60,85;60,90;60,95
65,-125
65,-50
65,-140;65,-135;70,-140;70,-135
75,15
75,-125
80,-125
85,-125
80,-135
80,-140
85,-110
90,-110
75,-65;80,-65;85,-65;90,-65;75,-60;80,-60;85,-60;90,-60
75,-70;80,-70;85,-70;90,-70;75,-75;80,-75;85,-75;90,-75
80,50;75,45;80,45
80,55
75,-25
80,60;80,65
85,45
85,50;85,55
90,50
90,55;95,55
95,50;90,45;95,45
85,130;85,135;90,130;90,135;90,125;90,120;95,120;95,125;95,130;95,135;100,120;100,125;100,130;100,135
105,-135
95,-110;95,-115
105,-125
95,25
95,30
95,35
100,30
100,35
105,30;105,25
100,25
105,35
115,-120
105,-100
110,-150;110,-145;115,-150;115,-145
110,-140
115,-20
120,-10
115,-5
125,-15
130,30;130,35
130,-10
130,130;130,135
130,65
140,-145
140,-120;140,-115;145,-120;145,-115
140,-75
140,-70
140,0;140,-5;140,-10;145,0;145,-5;145,-10;150,0;150,-5;150,-10
140,30
145,-145
145,-150
145,-15
145,45
150,-35
150,-145
150,-70
150,65;150,70;150,75