-150,-143
-150,72;-149,72;-148,72;-147,72;-146,72;-145,72;-144,72;-143,72;-142,72;-141,72;-140,72;-139,72;-150,71;-149,71;-148,71;-147,71;-146,71;-145,71;-144,71;-143,71;-142,71;-141,71;-140,71;-139,71;-150,70;-149,70;-148,70;-147,70;-146,70;-145,70;-144,70;-143,70;-142,70;-141,70;-140,70;-139,70;-150,69;-149,69;-148,69;-147,69;-146,69;-145,69;-144,69;-143,69;-142,69;-141,69;-140,69;-139,69;-150,68;-149,68;-148,68;-147,68;-146,68;-145,68;-144,68;-143,68;-142,68;-141,68;-140,68;-139,68;-150,67;-149,67;-148,67;-147,67;-146,67;-145,67;-144,67;-143,67;-142,67;-141,67;-140,67;-139,67;-150,66;-149,66;-148,66;-147,66;-146,66;-145,66;-144,66;-143,66;-142,66;-141,66;-140,66;-139,66;-150,65;-149,65;-148,65;-147,65;-146,65;-145,65;-144,65;-143,65;-142,65;-141,65;-140,65;-139,65;-150,64;-149,64;-148,64;-147,64;-146,64;-145,64;-144,64;-143,64;-142,64;-141,64;-140,64;-139,64
-150,126;-149,126;-150,127;-149,127;-150,128;-149,128;-150,129;-149,129;-150,130;-149,130
-150,150
-146,31
-143,-7
-138,-116
-137,-13
-136,64;-136,65;-136,66;-124,66;-124,67;-124,68;-124,69;-136,67;-136,68;-136,73;-136,72;-136,71;-136,70;-136,69;-136,75;-136,74;-135,64;-134,64;-133,64;-132,64;-131,64;-130,64;-129,64;-128,64;-127,64;-126,64;-125,64;-124,64;-124,65;-124,70;-124,71;-124,72;-124,73;-124,74;-124,75
-135,66;-134,66;-133,66;-135,73;-135,72;-135,71;-135,70;-135,69;-135,65;-134,65;-133,65;-135,67;-135,68;-134,67;-134,68;-134,72;-133,72;-134,71;-134,70;-134,69;-134,73;-133,73;-133,67;-133,68;-133,71;-133,70;-133,69
-132,66;-131,66;-132,65;-131,65;-132,69;-132,67;-132,68;-131,67;-131,68;-131,69
-130,66;-130,65;-130,67;-130,68;-129,68;-128,68;-127,68;-126,68;-125,68
-129,66;-128,66;-129,65;-128,65;-129,67;-128,67
-127,66;-126,66;-125,66;-127,65;-126,65;-125,65;-127,67;-126,67;-125,67
-135,75;-135,74;-134,75;-133,75;-134,74;-133,74
-135,-13
-132,72;-131,72;-132,73;-131,73;-132,71;-132,70;-131,71;-131,70
-130,72;-129,72;-129,74;-130,73;-129,73;-130,71;-129,71;-130,70;-129,70;-130,69;-129,69;-128,69;-128,70;-128,71;-128,72;-128,73;-128,74;-127,69;-125,74;-125,73;-125,72;-125,71;-125,70;-126,74;-126,73;-126,72;-126,71;-126,70;-127,74;-127,73;-127,72;-127,71;-127,70;-126,69;-125,69
-132,75;-131,75;-130,75;-129,75;-132,74;-131,74;-130,74;-128,75;-127,75;-126,75;-125,75
-130,-54
-129,-77
-129,-54
-126,15
-125,-85
-125,-83
-125,94;-125,95;-124,94;-124,95;-123,94;-123,95
-123,7;-124,7;-123,6;-124,6
-124,25
-115,132;-116,132;-117,132;-118,132;-119,132;-120,132;-121,132;-122,132;-123,132;-124,132;-115,133;-116,133;-117,133;-118,133;-119,133;-120,133;-121,133;-122,133;-123,133;-124,133;-115,134;-116,134;-117,134;-118,134;-119,134;-120,134;-121,134;-122,134;-123,134;-124,134;-115,135;-116,135;-117,135;-118,135;-119,135;-120,135;-121,135;-122,135;-123,135;-124,135;-117,136;-118,136;-119,136;-120,136;-121,136;-122,136;-117,137;-118,137;-119,137;-120,137;-121,137;-122,137
-124,144;-124,145;-124,146;-124,147;-124,148;-124,149;-123,144;-123,145;-123,146;-123,147;-123,148;-123,149;-122,144;-122,145;-122,146;-122,147;-122,148;-122,149;-121,144;-121,145;-121,146;-121,147;-121,148;-121,149;-120,144;-120,145;-120,146;-120,147;-120,148;-120,149;-124,150;-123,150;-122,150;-121,150;-120,150;-119,144;-119,145;-119,146;-119,147;-119,148;-119,149;-119,150;-118,144;-118,145;-118,146;-118,147;-118,148;-118,149;-118,150
-123,25;-122,25
-123,140;-123,141;-123,142;-123,143;-122,140;-122,141;-122,142;-122,143;-121,140;-121,141;-120,140;-120,141;-121,142;-121,143;-120,142;-120,143
-122,-149;-122,-148;-122,-147;-122,-146;-122,-145;-122,-144;-122,-143;-122,-142;-122,-141;-122,-140;-121,-149;-121,-148;-121,-147;-121,-146;-121,-145;-121,-144;-121,-143;-121,-142;-121,-141;-121,-140;-120,-149;-120,-148;-120,-147;-120,-146;-120,-145;-120,-144;-120,-143;-120,-142;-120,-141;-120,-140;-119,-149;-119,-148;-119,-147;-119,-146;-119,-145;-119,-144;-119,-143;-119,-142;-119,-141;-119,-140;-118,-149;-118,-148;-118,-147;-118,-146;-118,-145;-118,-144;-118,-143;-118,-142;-118,-141;-118,-140;-117,-149;-117,-148;-117,-147;-117,-146;-117,-145;-117,-144;-117,-143;-117,-142;-117,-141;-117,-140;-116,-149;-116,-148;-116,-147;-116,-146;-116,-145;-116,-144;-116,-143;-116,-142;-116,-141;-116,-140;-115,-149;-115,-148;-115,-147;-115,-146;-115,-145;-115,-144;-115,-143;-115,-142;-115,-141;-115,-140;-114,-149;-114,-148;-114,-147;-114,-146;-114,-145;-114,-144;-114,-143;-114,-142;-114,-141;-114,-140;-113,-149;-113,-148;-113,-147;-113,-146;-113,-145;-113,-144;-113,-143;-113,-142;-113,-141;-113,-140
-122,6;-122,7;-121,6;-121,7
-122,26
-120,4
-120,5
-119,20;-119,21
-120,20;-120,21
-119,-104;-118,-104;-119,-103;-118,-103
-119,4
-119,5
-117,-35;-117,-34;-116,-35;-116,-34
-116,-43
-115,-19;-115,-18;-115,-17;-115,-16;-115,-15;-114,-19;-114,-18;-114,-17;-114,-16;-114,-15;-113,-19;-113,-18;-113,-17;-113,-16;-113,-15;-112,-19;-112,-18;-112,-17;-111,-17;-112,-16;-112,-15;-111,-19;-111,-18
-114,-43
-114,-41
-114,10
-113,-45
-113,9
-113,10
-112,9;-112,10;-111,9;-111,10
-112,22
-111,22
-111,23
-109,-32;-110,-32
-110,-25
-110,22
-110,23
-107,36;-107,35;-107,34;-108,36;-108,35;-108,34;-106,34;-106,35;-106,36
-109,34;-110,34
-109,-25
-109,-6;-109,-5;-109,-4;-108,-6;-108,-5;-108,-4;-107,-6;-107,-5;-107,-4
-109,21
-109,22
-107,-94
-106,-97
-106,37
-105,-143;-105,-144;-105,-145;-105,-146;-105,-147;-104,-142;-104,-143;-104,-144;-104,-145;-104,-146;-104,-147;-103,-142;-103,-143;-103,-144;-103,-145;-103,-146;-103,-147;-102,-144;-102,-143;-102,-145;-102,-146;-102,-147
-105,-52
-104,28
-104,138;-104,132;-104,133;-104,134;-104,135;-104,136;-104,137;-103,138;-103,132;-103,133;-103,134;-103,135;-103,136;-103,137;-102,138;-102,132;-102,133;-102,134;-102,135;-102,136;-102,137;-101,138;-101,132;-101,133;-101,134;-101,135;-101,136;-101,137;-100,138;-100,132;-100,133;-100,134;-100,135;-100,136;-100,137;-99,138;-99,132;-99,133;-99,134;-99,135;-99,136;-99,137;-98,138;-98,132;-98,133;-98,134;-98,135;-98,136;-98,137
-103,-21
-95,41
-95,39;-95,38;-96,39;-96,38
-96,41
-96,40
-97,41
-97,39;-97,38;-97,37;-98,39;-98,38;-98,37;-98,36;-98,35;-98,34;-99,39;-99,38;-99,37;-99,36;-99,35;-99,34;-100,39;-100,38;-100,37
-99,126;-99,127;-99,128;-99,129;-100,126;-100,127;-100,128;-100,129;-101,126;-101,127;-101,128;-101,129;-102,126;-102,127;-102,128;-102,129
-101,-29
-101,14;-101,15;-100,14;-100,15
-100,-94
-100,30
-99,-95
-99,-94
-95,57;-95,58;-95,59;-95,60;-94,57;-94,58;-94,59;-94,60
-96,112;-95,112;-94,112;-93,112;-92,112;-96,111;-95,111;-94,111;-93,111;-92,111;-96,110;-95,110;-94,110;-93,110;-92,110;-96,109;-95,109;-94,109;-93,109;-92,109;-96,108;-95,108;-94,108;-93,108;-92,108
-95,-40
-94,-40
-94,-39
-93,56
-93,57
-93,58
-92,56
-92,57
-92,58
-93,59
-93,60
-92,-84
-92,-77;-92,-76;-91,-77;-91,-76;-92,-75;-91,-75
-92,59
-89,60
-90,60
-91,60
-92,60
-91,-22
-91,56
-90,56
-91,57
-91,58
-91,59
-90,57
-90,58
-90,59
-89,57
-89,58
-89,59
-90,108
-90,109
-89,108
-89,109
-88,108
-88,109
-90,110
-90,111
-87,-84;-87,-85;-87,-86;-88,-84;-88,-85;-88,-86;-89,-84;-89,-85;-89,-86
-89,56
-89,110
-89,111
-88,-20
-88,110
-88,111
-75,140
-76,140
-77,140
-77,141
-78,141
-79,141
-80,141
-80,142
-81,142
-82,142
-83,142
-84,142
-84,143
-84,144
-85,144
-86,144
-87,144
-87,145
-87,146
-87,147
-86,-126
-86,-28
-82,83;-82,84;-82,85;-82,86;-83,83;-83,84;-83,85;-83,86;-84,83;-84,84;-84,85;-84,86;-85,83;-85,84;-85,85;-85,86
-83,-104
-79,56;-79,57;-79,58;-79,59;-79,60;-78,56;-78,57;-78,58;-78,59;-78,60;-77,56;-77,57;-77,58;-77,59;-77,60;-76,56;-76,57;-76,58;-76,59;-76,60;-75,56;-75,57;-75,58;-75,59;-75,60;-74,56;-74,57;-74,58;-74,59;-74,60
-78,-66
-74,31
-73,26
-73,28
-73,29
-73,31
-72,28
-72,29
-72,30
-72,31
-71,-107
-71,28
-71,29
-71,30
-71,31
-71,91;-71,90;-71,89;-70,91;-70,90;-70,89;-69,91;-69,90;-69,89
-71,116
-71,117
-70,28
-70,29
-70,31
-70,125
-69,28;-69,29;-69,30;-69,31;-68,28;-68,29;-68,30;-68,31;-67,28;-67,29;-67,30;-67,31;-66,28;-66,29;-66,30;-66,31;-65,28;-65,29;-65,30;-65,31;-64,28;-64,29;-64,30;-64,31;-63,28;-63,29;-63,30;-63,31;-62,28;-62,29;-62,30;-62,31;-61,28;-61,29;-61,30;-61,31
-65,125
-64,125
-62,128;-62,129;-61,128;-61,129
-61,-19
-59,-140
-59,128;-58,128;-59,127;-58,127
-56,127;-56,128;-55,127;-55,128
-57,127;-57,128
-56,-24
-53,-22
-53,-23
-54,-22
-54,-23
-55,-22
-55,-23
-56,-22
-56,-23
-55,46;-54,46;-53,46;-55,47;-54,47;-53,47;-55,48;-54,48;-53,48;-56,48;-56,47;-56,46
-54,-140
-54,-30
-54,128;-53,128;-54,127;-53,127
-53,-139
-53,91
-52,-98
-52,-22
-51,-140
-51,98
-50,149;-49,149
-48,33;-48,34
-46,-130
-46,88
-45,106;-45,107;-45,108;-44,106;-44,107;-44,108
-43,104;-42,104;-41,104;-40,104;-39,104;-38,104;-43,103;-42,103;-41,103;-40,103;-39,103;-38,103;-43,102;-42,102;-41,102;-40,102;-39,102
-43,150
-40,-59
-39,-150
-39,-3;-38,-3;-37,-3;-36,-3
-39,2
-38,-15
-38,-14
-37,78
-37,147
-37,148
-37,149
-36,147
-36,148
-36,149
-35,-60;-35,-59;-34,-60;-34,-59;-33,-60;-33,-59;-32,-60;-32,-59;-31,-60;-31,-59;-35,-58;-35,-57;-34,-58;-34,-57;-33,-57;-33,-58
-35,-10
-29,106;-29,107;-29,108;-29,109;-28,106;-28,107;-28,108;-28,109;-29,110;-28,110;-27,106;-27,107;-27,108;-27,109;-27,110;-26,109;-26,110;-25,109;-25,110;-24,109;-24,110;-26,106;-26,107;-26,108;-25,106;-25,107;-25,108;-24,106;-24,107;-24,108
-33,-56;-33,-55
-31,-27
-31,-4;-31,-3;-30,-4;-30,-3
-30,-113
-30,-112
-30,-111
-30,-110
-29,-113
-29,-112
-29,-111
-29,-110
-30,-22
-30,-21
-29,80;-29,81;-29,82;-29,83;-29,84;-29,85;-28,80;-28,81;-28,82;-28,83;-28,84;-28,85;-27,80;-27,81;-27,82;-27,83;-27,84;-27,85;-26,80;-26,81;-26,82;-26,83;-26,84;-26,85;-25,80;-25,81;-25,82;-25,83;-25,84;-25,85;-24,80;-24,81;-24,82;-24,83;-24,84;-24,85
-26,-110
-26,-111
-26,-112
-26,-113
-27,-110
-27,-111
-27,-112
-27,-113
-28,-110
-28,-111
-28,-112
-28,-113
-28,-9;-28,-8;-28,-7;-27,-9;-27,-8;-27,-7;-26,-9;-26,-8;-26,-7
-27,19;-27,20;-26,19;-26,20;-25,19;-25,20;-24,19;-24,20;-23,19;-23,20;-22,19;-22,20;-21,19
-26,88;-26,89;-26,90;-26,91;-26,92;-25,88;-25,89;-25,90;-25,91;-25,92;-24,88;-24,89;-24,90;-24,91;-24,92;-23,88;-23,89;-23,90;-23,91;-23,92
-25,25
-25,26
-25,27
-25,28
-25,34;-25,35
-23,23
-22,-140
-22,28
-17,-110;-17,-111;-17,-112;-17,-113;-17,-114;-17,-115;-18,-110;-18,-111;-18,-112;-18,-113;-18,-114;-18,-115;-19,-110;-19,-111;-19,-112;-19,-113;-19,-114;-19,-115;-20,-110;-20,-111;-20,-112;-20,-113;-20,-114;-20,-115;-21,-110;-21,-111;-21,-112;-21,-113;-21,-114;-21,-115
-17,-41;-17,-40;-17,-39;-17,-38;-17,-37;-16,-39;-16,-38;-16,-37;-15,-39;-15,-38;-15,-37;-14,-39;-14,-38;-14,-37;-13,-39;-13,-38;-13,-37;-16,-41;-16,-40;-15,-41;-15,-40;-14,-41;-14,-40;-13,-41;-13,-40;-12,-41;-12,-40;-12,-39;-12,-38;-12,-37
-21,148
-20,-143
-19,-143
-20,-133
-20,-32
-19,-133
-19,-132
-19,-32
-19,31
-18,-32
-17,-137
-17,-127
-17,-32
-16,-111
-16,-108
-16,-32
-16,-29
-16,-28
-11,-18;-11,-17;-11,-16;-11,-15;-11,-14;-11,-13;-11,-12;-10,-18;-10,-17;-10,-16;-10,-15;-10,-14;-10,-13;-10,-12;-9,-18;-9,-17;-9,-16;-9,-15;-9,-14;-9,-13;-9,-12;-8,-18;-8,-17;-8,-16;-8,-15;-8,-14;-8,-13;-8,-12;-7,-18;-7,-17;-7,-16;-7,-15;-7,-14;-7,-13;-7,-12;-6,-18;-6,-17;-6,-16;-6,-15;-6,-14;-6,-13;-6,-12;-5,-18;-5,-17;-5,-16;-5,-15;-5,-14;-5,-13;-5,-12;-4,-18;-4,-17;-4,-16;-4,-15;-4,-14;-4,-13;-4,-12;-3,-18;-3,-17;-3,-16;-3,-15;-3,-14;-3,-13;-3,-12;-2,-18;-2,-17;-2,-16;-2,-15;-2,-14;-2,-13;-2,-12;-1,-18;-1,-17;-1,-16;-1,-15;-1,-14;-1,-13;-1,-12;-15,-33;-15,-32;-15,-31;-15,-30;-15,-29;-15,-28;-15,-27;-15,-26;-15,-25;-15,-24;-15,-23;-15,-22;-15,-21;-15,-20;-15,-19;-14,-33;-14,-32;-14,-31;-14,-30;-14,-29;-14,-28;-14,-27;-14,-26;-14,-25;-14,-24;-14,-23;-14,-22;-14,-21;-14,-20;-14,-19;-13,-33;-13,-32;-13,-31;-13,-30;-13,-29;-13,-28;-13,-27;-13,-26;-13,-25;-13,-24;-13,-23;-13,-22;-13,-21;-13,-20;-13,-19;-12,-33;-12,-32;-12,-31;-12,-30;-12,-29;-12,-28;-12,-27;-12,-26;-12,-25;-12,-24;-12,-23;-12,-22;-12,-21;-12,-20;-12,-19;-11,-33;-11,-32;-11,-31;-11,-30;-11,-29;-11,-28;-11,-27;-11,-26;-11,-25;-11,-24;-11,-23;-11,-22;-11,-21;-11,-20;-11,-19;-10,-33;-10,-32;-10,-31;-10,-30;-10,-29;-10,-28;-10,-27;-10,-26;-10,-25;-10,-24;-10,-23;-10,-22;-10,-21;-10,-20;-10,-19;-9,-33;-9,-32;-9,-31;-9,-30;-9,-29;-9,-28;-9,-27;-9,-26;-9,-25;-9,-24;-9,-23;-9,-22;-9,-21;-9,-20;-9,-19;-8,-33;-8,-32;-8,-31;-8,-30;-8,-29;-8,-28;-8,-27;-8,-26;-8,-25;-8,-24;-8,-23;-8,-22;-8,-21;-8,-20;-8,-19;-7,-33;-7,-32;-7,-31;-7,-30;-7,-29;-7,-28;-7,-27;-7,-26;-7,-25;-7,-24;-7,-23;-7,-22;-7,-21;-7,-20;-7,-19;-6,-33;-6,-32;-6,-31;-6,-30;-6,-29;-6,-28;-6,-27;-6,-26;-6,-25;-6,-24;-6,-23;-6,-22;-6,-21;-6,-20;-6,-19;-5,-33;-5,-32;-5,-31;-5,-30;-5,-29;-5,-28;-5,-27;-5,-26;-5,-25;-5,-24;-5,-23;-5,-22;-5,-21;-5,-20;-5,-19;-4,-33;-4,-32;-4,-31;-4,-30;-4,-29;-4,-28;-4,-27;-4,-26;-4,-25;-4,-24;-4,-23;-4,-22;-4,-21;-4,-20;-4,-19;-3,-33;-3,-32;-3,-31;-3,-30;-3,-29;-3,-28;-3,-27;-3,-26;-3,-25;-3,-24;-3,-23;-3,-22;-3,-21;-3,-20;-3,-19;-2,-33;-2,-32;-2,-31;-2,-30;-2,-29;-2,-28;-2,-27;-2,-26;-2,-25;-2,-24;-2,-23;-2,-22;-2,-21;-2,-20;-2,-19;-1,-33;-1,-32;-1,-31;-1,-30;-1,-29;-1,-28;-1,-27;-1,-26;-1,-25;-1,-24;-1,-23;-1,-22;-1,-21;-1,-20;-1,-19
-13,-108
-12,-145
-12,-120
-11,-120
-10,-120
-10,-132
-10,-131
-9,-91;-9,-90;-9,-89;-9,-88;-9,-87;-9,-86;-9,-85;-9,-84;-9,-83;-9,-82;-9,-81;-9,-80;-9,-79;-9,-78;-9,-77;-9,-76;-9,-75;-9,-74;-9,-73;-9,-72;-8,-91;-8,-90;-8,-89;-8,-88;-8,-87;-8,-86;-8,-85;-8,-84;-8,-83;-8,-82;-8,-81;-8,-80;-8,-79;-8,-78;-8,-77;-8,-76;-8,-75;-8,-74;-8,-73;-8,-72;-7,-91;-7,-90;-7,-89;-7,-88;-7,-87;-7,-86;-7,-85;-7,-84;-7,-83;-7,-82;-7,-81;-7,-80;-7,-79;-7,-78;-7,-77;-7,-76;-7,-75;-7,-74;-7,-73;-7,-72;-6,-91;-6,-90;-6,-89;-6,-88;-6,-87;-6,-86;-6,-85;-6,-84;-6,-83;-6,-82;-6,-81;-6,-80;-6,-79;-6,-78;-6,-77;-6,-76;-6,-75;-6,-74;-6,-73;-6,-72;-5,-91;-5,-90;-5,-89;-5,-88;-5,-87;-5,-86;-5,-85;-5,-84;-5,-83;-5,-82;-5,-81;-5,-80;-5,-79;-5,-78;-5,-77;-5,-76;-5,-75;-5,-74;-5,-73;-5,-72;-4,-91;-4,-90;-4,-89;-4,-88;-4,-87;-4,-86;-4,-85;-4,-84;-4,-83;-4,-82;-4,-81;-4,-80;-4,-79;-4,-78;-4,-77;-4,-76;-4,-75;-4,-74;-4,-73;-4,-72;-3,-91;-3,-90;-3,-89;-3,-88;-3,-87;-3,-86;-3,-85;-3,-84;-3,-83;-3,-82;-3,-81;-3,-80;-3,-79;-3,-78;-3,-77;-3,-76;-3,-75;-3,-74;-3,-73;-3,-72;-2,-91;-2,-90;-2,-89;-2,-88;-2,-87;-2,-86;-2,-85;-2,-84;-2,-83;-2,-82;-2,-81;-2,-80;-2,-79;-2,-78;-2,-77;-2,-76;-2,-75;-2,-74;-2,-73;-2,-72;-1,-91;-1,-90;-1,-89;-1,-88;-1,-87;-1,-86;-1,-85;-1,-84;-1,-83;-1,-82;-1,-81;-1,-80;-1,-79;-1,-78;-1,-77;-1,-76;-1,-75;-1,-74;-1,-73;-1,-72;0,-91;0,-90;0,-89;0,-88;0,-87;0,-86;0,-85;0,-84;0,-83;0,-82;0,-81;0,-80;0,-79;0,-78;0,-77;0,-76;0,-75;0,-74;0,-73;0,-72;1,-91;1,-90;1,-89;1,-88;1,-87;1,-86;1,-85;1,-84;1,-83;1,-82;1,-81;1,-80;1,-79;1,-78;1,-77;1,-76;1,-75;1,-74;1,-73;1,-72;2,-91;2,-90;2,-89;2,-88;2,-87;2,-86;2,-85;2,-84;2,-83;2,-82;2,-81;2,-80;2,-79;2,-78;2,-77;2,-76;2,-75;2,-74;2,-73;2,-72;3,-91;3,-90;3,-89;3,-88;3,-87;3,-86;3,-85;3,-84;3,-83;3,-82;3,-81;3,-80;3,-79;3,-78;3,-77;3,-76;3,-75;3,-74;3,-73;3,-72;4,-91;4,-90;4,-89;4,-88;4,-87;4,-86;4,-85;4,-84;4,-83;4,-82;4,-81;4,-80;4,-79;4,-78;4,-77;4,-76;4,-75;4,-74;4,-73;4,-72;5,-91;5,-90;5,-89;5,-88;5,-87;5,-86;5,-85;5,-84;5,-83;5,-82;5,-81;5,-80;5,-79;5,-78;5,-77;5,-76;5,-75;5,-74;5,-73;5,-72;6,-91;6,-90;6,-89;6,-88;6,-87;6,-86;6,-85;6,-84;6,-83;6,-82;6,-81;6,-80;6,-79;6,-78;6,-77;6,-76;6,-75;6,-74;6,-73;6,-72;7,-91;7,-90;7,-89;7,-88;7,-87;7,-86;7,-85;7,-84;7,-83;7,-82;7,-81;7,-80;7,-79;7,-78;7,-77;7,-76;7,-75;7,-74;7,-73;7,-72;8,-91;8,-90;8,-89;8,-88;8,-87;8,-86;8,-85;8,-84;8,-83;8,-82;8,-81;8,-80;8,-79;8,-78;8,-77;8,-76;8,-75;8,-74;8,-73;8,-72;9,-91;9,-90;9,-89;9,-88;9,-87;9,-86;9,-85;9,-84;9,-83;9,-82;9,-81;9,-80;9,-79;9,-78;9,-77;9,-76;9,-75;9,-74;9,-73;9,-72;10,-91;10,-90;10,-89;10,-88;10,-87;10,-86;10,-85;10,-84;10,-83;10,-82;10,-81;10,-80;10,-79;10,-78;10,-77;10,-76;10,-75;10,-74;10,-73;10,-72
-6,-118
-4,-34;-3,-34;-4,-35;-3,-35;-2,-34;-2,-35;-1,-35;-1,-34
-3,-105
-2,-122
-2,-107
-1,-97
2,-54;3,-54
2,16;3,16;4,16;5,16;2,17;3,17;4,17;5,17;2,18;3,18;4,18;5,18
2,19
2,20
2,21
2,22
2,23
3,19
3,20
3,21
3,22
3,23
3,-42
3,-35
3,117;3,118;4,117;4,118
4,61
6,62
6,99
7,-15
8,-142
10,-114
13,-112
13,23
13,85;13,84;13,83;13,82;13,81;13,80;13,79;13,78;13,77;13,76;13,75;14,85;14,84;14,83;14,82;14,81;14,80;14,79;14,78;14,77;14,76;14,75;15,85;15,84;15,83;15,82;15,81;15,80;15,79;15,78;15,77;15,76;15,75;16,85;16,84;16,83;16,82;16,81;16,80;16,79;16,78;16,77;16,76;16,75;17,85;17,84;17,83;17,82;17,81;17,80;17,79;17,78;17,77;17,76;17,75;18,85;18,84;18,83;18,82;18,81;18,80;18,79;18,78;18,77;18,76;18,75;19,85;19,84;19,83;19,82;19,81;19,80;19,79;19,78;19,77;19,76;19,75;20,85;20,84;20,83;20,82;20,81;20,80;20,79;20,78;20,77;20,76;20,75;21,85;21,84;21,83;21,82;21,81;21,80;21,79;21,78;21,77;21,76;21,75;22,85;22,84;22,83;22,82;22,81;22,80;22,79;22,78;22,77;22,76;22,75
14,-91
14,100;14,101;14,102;14,103;14,104;15,100;15,101;15,102;15,103;15,104;16,100;16,101;16,102;16,103;16,104;17,100;17,101;17,102;17,103;17,104;18,101;18,102;18,103;18,104
15,105
16,105;17,105;16,106;17,106
18,111;18,112;18,113;18,114;18,115;18,116;18,117;18,118;19,111;19,112;19,113;19,114;19,115;19,116;19,117;19,118;19,119;20,111;20,112;20,113;20,114;20,115;20,116;20,117;20,118;20,119;21,111;21,112;21,113;21,114;21,115;21,116;21,117;21,118;21,119;22,111;22,112;22,113;22,114;22,115;22,116;22,117;22,118;22,119;23,111;23,112;23,113;23,114;23,115;23,116;23,117;23,118;23,119;24,111;24,112;24,113;24,114;24,115;24,116;24,117;24,118;24,119;25,113;25,114;25,115;25,116;25,117;25,118;25,119
19,-119
20,-118
20,-35;20,-34
21,5;22,5;23,5;24,5;25,5;26,5;27,5;28,5;29,5;21,6;22,6;23,6;24,6;25,6;26,6;27,6;28,6;29,6
23,19
23,20
23,85;23,84;23,83;24,85;24,84;24,83;25,85;25,84;25,83;26,85;26,84;26,83;27,85;27,84;27,83
24,-137
24,-52
25,-121
25,95;25,96;25,97;25,98;26,95;26,96;26,97;26,98;27,95;27,96;27,97;27,98;28,95;28,96;28,97;28,98
25,99;25,100;25,101;26,99;26,100;26,101;27,99;27,100;27,101;28,99;28,100;28,101
25,102;25,103;25,104;26,102;26,103;26,104;27,102;27,103;27,104;28,102;28,103;28,104
25,111;25,112
26,-118;27,-118;28,-118;29,-118;29,-119
26,105;26,106;26,107;26,108;26,109;26,110;27,105;27,106;27,107;27,108;27,109;27,110;28,105;28,106;28,107;28,108;28,109;28,110;29,105;29,106;29,107;29,108;29,109;29,110;30,105;30,106;30,107;30,108;30,109;30,110;31,105;31,106;31,107;31,108;31,109;31,110;32,105;32,106;32,107;32,108;32,109;32,110;33,105;33,106;33,107;33,108;33,109;33,110
26,111;26,112;26,113;26,114;26,115;26,116;26,117;26,118;27,111;27,112;27,113;27,114;27,115;27,116;27,117;27,118;28,111;28,112;28,113;28,114;28,115;28,116;28,117;28,118;29,111;29,112;29,113;29,114;29,115;29,116;29,117;29,118;30,111;30,112;30,113;30,114;30,115;30,116;30,117;30,118;31,111;31,112;31,113;31,114;31,115;31,116;31,117;31,118;32,111;32,112;32,113;32,114;32,115;32,116;32,117;32,118;33,111;33,112;33,113;33,114;33,115;33,116;33,117;33,118
29,-96
29,-95
29,95;29,96;29,97;29,98;29,99;30,95;30,96;30,97;30,98;30,99;31,95;31,96;31,97;31,98;31,99;32,95;32,96;32,97;32,98;32,99;33,95;33,96;33,97;33,98;33,99
29,100;29,101;29,102;29,103;29,104;30,100;30,101;30,102;30,103;30,104;31,100;31,101;31,102;31,103;31,104;32,100;32,101;32,102;32,103;32,104;33,100;33,101;33,102;33,103;33,104
30,-138
30,-112;30,-111
30,-73
32,10
35,-122
38,-80;38,-81;38,-82;38,-83;37,-80;37,-81;37,-82;37,-83;36,-80;36,-81;36,-82;36,-83;35,-80;35,-81;35,-82;35,-83
35,-66
36,-63
36,8;37,8;36,9;37,9
38,103
40,-42;40,-41;40,-40;41,-41;41,-42;41,-40;42,-42;42,-41;42,-40
40,36;40,37;40,38;40,39;40,40;40,41;40,42;40,43;40,44;41,36;41,37;41,38;41,39;41,40;41,41;41,42;41,43;41,44;42,36;42,37;42,38;42,39;42,40;42,41;42,42;42,43;43,36;43,37;43,38;43,39;43,40;43,41;43,42;43,43
47,-46;48,-46;49,-46;47,-45;48,-45;49,-45;47,-44;48,-44;49,-44;47,-43;48,-43;49,-43
47,-41;47,-40;48,-41;48,-40;49,-41;49,-40
48,-87
49,94
56,112
57,-32;58,-32;59,-32
57,133;57,134;58,134;58,133
59,134
59,133
59,-21;59,-22;60,-21;60,-22
61,-123
61,-111
62,-111
63,-111
64,-111
65,-111
66,-111
61,-112
62,-112
63,-112
66,-112
61,28;61,29;61,30;62,28;62,29;63,28;63,29;62,30;63,30
69,-147
69,-146
70,-147
70,-146
71,-147
71,-146
69,-123
69,-3
69,31
77,-102;77,-101
78,-105
79,-137
88,-129
94,-14;94,-13;95,-14;95,-13;96,-14;96,-13
95,98;96,98;97,98;98,98;95,99;96,99;97,99;98,99;95,100;96,100;97,100;98,100;95,101;96,101;97,101;98,101
96,-132;96,-131;97,-132;97,-131;98,-132;98,-131
99,-111
100,-111
98,-115;98,-114;98,-113;99,-115;99,-114;99,-113;100,-115;100,-114;100,-113
99,-131;99,-130;100,-131;100,-130
99,-112
99,35
100,-112
100,35
101,-132;101,-131;101,-130;102,-132;102,-131;102,-130;103,-132;103,-131;103,-130
104,-112
104,-111
104,-109
105,-112
105,-111
105,-109
105,-107
107,-135
111,-142
111,-129
117,-8
118,-8
118,-124
123,-101;123,-100;124,-101;124,-100
123,130;123,131;124,130;124,131;125,130;125,131;126,130;126,131;127,130;127,131
124,-58;125,-58;126,-58;127,-58;128,-58;129,-58;130,-58;131,-58;132,-58;133,-58;134,-58;135,-58;136,-58;137,-58;138,-58;124,-59;125,-59;126,-59;127,-59;128,-59;129,-59;130,-59;131,-59;132,-59;133,-59;134,-59;135,-59;136,-59;137,-59;138,-59;124,-60;125,-60;126,-60;127,-60;128,-60;129,-60;130,-60;131,-60;132,-60;133,-60;134,-60;135,-60;136,-60;137,-60;138,-60;124,-61;125,-61;126,-61;127,-61;128,-61;129,-61;130,-61;131,-61;132,-61;133,-61;134,-61;135,-61;136,-61;137,-61;138,-61;124,-62;125,-62;126,-62;127,-62;128,-62;129,-62;130,-62;131,-62;132,-62;133,-62;134,-62;135,-62;136,-62;137,-62;138,-62;124,-63;125,-63;126,-63;127,-63;128,-63;129,-63;130,-63;131,-63;132,-63;133,-63;134,-63;135,-63;136,-63;137,-63;138,-63;124,-64;125,-64;126,-64;127,-64;128,-64;129,-64;130,-64;131,-64;132,-64;133,-64;134,-64;135,-64;136,-64;137,-64;138,-64;124,-65;125,-65;126,-65;127,-65;128,-65;129,-65;130,-65;131,-65;132,-65;133,-65;134,-65;135,-65;136,-65;137,-65;138,-65;124,-66;125,-66;126,-66;127,-66;128,-66;129,-66;130,-66;131,-66;132,-66;133,-66;134,-66;135,-66;136,-66;137,-66;138,-66;124,-67;125,-67;126,-67;127,-67;128,-67;129,-67;130,-67;131,-67;132,-67;133,-67;134,-67;135,-67;136,-67;137,-67;138,-67;124,-68;125,-68;126,-68;127,-68;128,-68;129,-68;130,-68;131,-68;132,-68;133,-68;134,-68;135,-68;136,-68;137,-68;138,-68;124,-69;125,-69;126,-69;127,-69;128,-69;129,-69;130,-69;131,-69;132,-69;133,-69;134,-69;135,-69;136,-69;137,-69;138,-69;124,-70;125,-70;126,-70;127,-70;128,-70;129,-70;130,-70;131,-70;132,-70;133,-70;134,-70;135,-70;136,-70;137,-70;138,-70;124,-71;125,-71;126,-71;127,-71;128,-71;129,-71;130,-71;131,-71;132,-71;133,-71;134,-71;135,-71;136,-71;137,-71;138,-71;124,-72;125,-72;126,-72;127,-72;128,-72;129,-72;130,-72;131,-72;132,-72;133,-72;134,-72;135,-72;136,-72;137,-72;138,-72;124,-73;125,-73;126,-73;127,-73;128,-73;129,-73;130,-73;131,-73;132,-73;133,-73;134,-73;135,-73;136,-73;137,-73;138,-73;124,-74;125,-74;126,-74;127,-74;128,-74;129,-74;130,-74;131,-74;132,-74;133,-74;134,-74;135,-74;136,-74;137,-74;138,-74;124,-75;125,-75;126,-75;127,-75;128,-75;129,-75;130,-75;131,-75;132,-75;133,-75;134,-75;135,-75;136,-75;137,-75;138,-75
124,-35;125,-35
126,-125;126,-124;126,-123;127,-125;127,-124;127,-123
126,-122
126,44;126,45;126,46;126,47;126,48;126,49;126,50;127,44;127,45;127,46;127,47;127,48;127,49;127,50;128,44;128,45;128,46;128,47;128,48;128,49;128,50;129,44;129,45;129,46;129,47;129,48;129,49;129,50;130,44;130,45;130,46;130,47;130,48;130,49;130,50;131,44;131,45;131,46;131,47;131,48;131,49;131,50;132,44;132,45;132,46;132,47;132,48;132,49;132,50
127,-14
128,-15
128,130;128,131
129,-9
131,40
133,-37
135,-37
138,8
140,-37;140,-36;140,-35;141,-37;141,-36;141,-35;142,-37;142,-36;142,-35
140,-4;140,-5;140,-6;140,-7;140,-8;140,-9;140,-10;140,-11;141,-4;141,-5;141,-6;141,-7;141,-8;141,-9;141,-10;141,-11;142,-2;142,-3;142,-4;142,-5;142,-6;142,-7;142,-8;142,-9;142,-10;142,-11;143,-2;143,-3;143,-4;143,-5;143,-6;143,-7;143,-8;143,-9;143,-10;143,-11;144,-2;144,-3;144,-4;144,-5;144,-6;144,-7;144,-8;144,-9;144,-10;144,-11;145,-2;145,-3;145,-4;145,-5;145,-6;145,-7;145,-8;145,-9;145,-10;145,-11;146,-2;146,-3;146,-4;146,-5;146,-6;146,-7;146,-8;146,-9;146,-10;146,-11;147,-2;147,-3;147,-4;147,-5;147,-6;147,-7;147,-8;147,-9;147,-10;147,-11;148,-2;148,-3;148,-4;148,-5;148,-6;148,-7;148,-8;148,-9;148,-10;148,-11;149,-2;149,-3;149,-4;149,-5;149,-6;149,-7;149,-8;149,-9;149,-10;149,-11;141,-2;141,-3;140,-2;140,-3
142,-146;143,-146;142,-145;143,-145;142,-144;143,-144
143,-14
144,44
145,60;145,61;145,62;145,63;145,64;145,65;146,60;146,61;146,62;146,63;146,64;146,65;147,60;147,61;147,62;147,63;147,64;148,60;147,65;148,61;148,62;148,63;148,64;148,65;149,60;149,61;149,62;149,63;149,64;149,65
149,91;149,92;149,93;150,91;150,92
149,-72