-142,72;-146,71;-141,71;-149,70;-142,68;-139,68;-145,66;-148,65;-145,65;-142,65;-144,64;-145,72;-141,72;-150,70;-150,69;-145,67;-140,72;-139,72;-139,70;-146,66;-140,65;-147,64;-146,64;-140,64;-149,72;-146,72;-143,71;-140,71;-148,70;-146,70;-149,64;-148,69;-143,69;-147,68;-140,68;-147,67;-147,66;-141,65;-148,72;-143,72;-150,71;-140,70;-146,69;-139,69;-143,67;-141,66;-146,65;-147,70;-145,69;-140,66;-141,64;-147,71;-145,71;-139,66;-150,65;-144,65;-147,72;-142,71;-143,68;-150,66;-148,66;-150,64;-144,69;-140,69;-150,67;-142,69;-150,68;-144,68;-141,68;-149,66;-139,65;-145,64;-142,64;-139,64;-144,72;-146,67;-142,67;-140,67;-142,66;-148,64;-143,64;-150,72;-141,70;-149,69;-147,69;-144,67;-149,65;-149,71;-148,71;-144,71;-145,70;-148,67;-141,67;-139,67;-144,66;-143,66;-147,65;-144,70;-142,70;-148,68;-146,68;-149,67;-139,71;-143,70;-141,69;-149,68;-145,68;-143,65
-149,-19;-149,-15;-149,-17;-149,-16;-149,-18
-149,-5;-149,-7;-149,-9;-149,-6;-149,-8
-149,-13;-149,-11;-149,-10;-149,-12;-149,-14
-143,-14
-144,-14
-145,-14
-142,-14;-142,-11;-142,-13;-142,-12;-142,-10
-141,-14
-142,-18;-142,-19;-142,-15;-142,-16;-142,-17
-142,-9;-142,-8;-142,-7;-142,-6;-142,-5
-142,-4
-131,-21
-122,-146;-122,-143;-122,-142;-122,-145;-122,-149;-122,-144;-122,-140;-122,-148;-122,-141;-122,-147;-120,-144;-121,-145;-121,-143;-120,-140;-120,-141;-121,-140;-121,-144;-120,-146;-120,-143;-120,-149;-120,-148;-121,-142;-121,-141;-121,-146;-121,-147;-120,-147;-120,-145;-120,-142;-121,-148;-121,-149;-119,-145;-119,-141;-119,-142;-119,-144;-119,-149;-119,-140;-119,-148;-119,-147;-119,-143;-119,-146;-118,-143;-117,-142;-118,-148;-117,-149;-117,-143;-117,-141;-118,-149;-117,-146;-117,-145;-117,-144;-118,-146;-118,-144;-118,-142;-117,-148;-118,-141;-118,-140;-117,-140;-118,-145;-117,-147;-118,-147;-116,-149;-116,-148;-115,-140;-116,-144;-115,-148;-116,-140;-116,-146;-116,-142;-115,-143;-116,-143;-115,-147;-116,-147;-116,-141;-115,-149;-115,-146;-115,-141;-115,-142;-116,-145;-115,-144;-115,-145;-114,-149;-114,-143;-114,-142;-113,-147;-114,-144;-113,-140;-114,-145;-113,-146;-113,-144;-114,-147;-114,-140;-113,-149;-113,-148;-113,-141;-114,-146;-113,-142;-113,-145;-113,-143;-114,-148;-114,-141
-120,-69;-121,-69;-122,-69
-119,-45;-120,-45
-112,-41
-110,150;-109,149;-111,148;-107,147;-111,146;-107,144;-108,149;-110,147;-111,150;-109,147;-108,144;-109,150;-107,150;-110,148;-108,147;-110,146;-104,145;-104,149;-105,147;-110,149;-106,148;-104,148;-105,145;-109,144;-108,150;-111,147;-108,146;-111,144;-107,148;-105,148;-106,144;-106,149;-106,146;-107,145;-105,144;-107,149;-105,149;-105,146;-104,144;-105,150;-108,148;-109,146;-109,145;-106,145;-111,145;-110,144;-111,149;-109,148;-106,147;-104,147;-107,146;-106,150;-104,150;-104,146;-110,145;-108,145
-109,-32
-110,34
-107,-94
-104,-95
-98,37;-98,34;-99,37;-101,40;-101,38;-97,39;-98,39;-99,40;-99,38;-96,37;-97,40;-99,39;-99,34;-100,40;-98,38;-98,35;-96,39;-98,36;-99,36;-99,35;-101,37;-96,40;-96,38;-97,38;-100,38;-100,37;-98,40;-101,39;-97,37;-100,39
-96,112;-93,112;-96,111;-94,111;-92,111;-95,111;-95,110;-92,112;-93,111;-95,112;-94,110;-93,110;-92,110;-94,112;-96,110;-93,108;-95,108;-94,108;-92,109;-94,109;-93,109;-96,109;-95,109;-96,108;-92,108
-94,-89;-94,-88;-94,-87;-95,-88;-95,-89;-95,-87
-89,-85;-88,-86;-87,-84;-87,-86;-89,-86;-87,-85;-89,-84;-88,-84;-88,-85
-76,91
-60,3;-60,7;-62,7;-60,2;-60,8;-62,2;-61,4;-61,9;-60,5;-61,1;-61,6;-62,5;-61,8;-62,4;-61,3;-62,6;-61,5;-61,7;-62,3;-60,4;-60,1;-62,9;-62,1;-61,2;-60,6;-62,8;-60,9;-58,1;-58,3;-58,2;-58,8;-57,3;-59,3;-59,7;-59,4;-59,8;-58,4;-57,2;-57,6;-59,2;-58,5;-57,8;-58,6;-58,9;-59,9;-59,5;-59,6;-57,9;-57,1;-57,4;-57,7;-58,7;-59,1;-57,5;-56,1
-60,-31
-58,-139
-55,130
-38,31
-35,130;-35,128;-35,127;-35,131;-35,126;-35,129;-33,127;-33,131;-34,131;-34,130;-34,127;-33,128;-34,129;-33,129;-34,128;-34,126;-33,126;-33,130;-31,126;-31,131;-30,130;-30,131;-31,128;-32,126;-32,129;-32,131;-32,130;-30,128;-32,127;-30,127;-30,129;-32,128;-30,126;-31,127;-31,129;-31,130
-32,68
-25,66
-25,65
-21,148
-20,-30
-19,-20
-17,-21
-9,-128
-8,-55
-2,-66;-2,-65;-1,-65;-1,-66
-2,-122
3,-54;2,-54
6,99
10,65
14,-135;15,-135
22,-75;23,-75
23,-52;24,-52
39,72;38,72
40,-5
45,104
49,-41;47,-40;48,-41;48,-40;47,-41;49,-40
48,-46;47,-45;48,-44;49,-45;48,-43;47,-44;47,-43;49,-46;48,-45;49,-44;49,-43
68,-54;68,-53;68,-55;69,-53;70,-54;69,-55;70,-53;69,-54;70,-55
57,-111
62,32;63,32;62,31;63,31
65,-125
67,-29
78,-105
85,52
90,52;89,52;90,51;89,51;91,51;92,51;91,52;92,52
88,53
85,53
87,52
86,55
88,54
85,54
86,52
86,54
87,54
86,53
88,52
87,53
85,55
88,-129
98,48
99,48
99,47
99,-111;100,-111;100,-112;99,-112
96,-104
101,41
102,56;103,56
105,50;106,50;107,50
106,55;107,55
111,-101;111,-102;111,-100;112,-100;113,-101;113,-102;112,-101;113,-100;112,-102
111,-142
116,-26;118,-25;118,-26;121,-26;120,-25;120,-27;117,-26;117,-27;119,-27;120,-26;117,-25;119,-25;121,-27;119,-26;118,-27;121,-25
118,-124
124,46;124,48;124,53;124,50;124,47;125,44;124,42;124,45;124,51;124,43;125,48;125,51;125,54;124,44;124,49;125,43;125,45;125,52;125,42;124,52;125,49;124,54;125,46;124,55;125,41;125,53;125,47;125,50;125,55;126,51;127,45;128,48;128,50;131,45;131,50;127,53;126,43;130,47;130,49;126,55;130,45;132,44;127,44;127,49;129,49;128,46;131,44;131,47;132,45;132,47;130,46;126,45;126,48;130,50;131,49;126,54;127,52;127,54;126,47;126,44;126,46;127,41;127,43;132,49;127,48;131,46;131,48;132,46;132,50;127,51;127,46;128,44;128,47;126,41;129,47;129,48;126,53;127,50;128,49;129,45;126,49;127,47;129,44;130,44;132,48;126,42;126,50;129,46;130,48;127,42;128,45;129,50;126,52;127,55;129,43;129,51;129,55;128,52;129,52;128,54;128,41;128,43;129,54;128,51;128,53;128,42;128,55;129,42;129,53;129,41;131,52;131,53;132,42;130,52;131,42;132,52;131,41;130,51;130,53;131,43;132,51;132,55;130,42;130,55;132,54;130,43;131,51;132,43;132,53;131,55;130,41;130,54;131,54;132,41;133,50;133,44;133,46;133,48;133,49;133,43;133,51;133,41;133,47;133,52;133,42;133,55;133,53;133,54;133,45
139,-142;137,-141;139,-141;136,-143;136,-144;137,-142;138,-142;137,-144;137,-143;136,-142;136,-141;138,-141
137,-2;138,-3;137,-3;138,-2
142,-3;146,-7;149,-7;141,-10;144,-2;145,-5;146,-5;148,-10;142,-8;142,-10;146,-10;149,-9;149,-11;140,-3;140,-6;141,-11;144,-11;146,-3;147,-2;148,-9;140,-8;141,-5;141,-9;143,-4;143,-9;144,-5;144,-6;148,-2;140,-10;141,-6;143,-10;145,-7;147,-5;147,-9;149,-4;149,-10;140,-2;141,-8;142,-9;143,-6;147,-3;149,-3;149,-8;140,-7;144,-7;146,-6;147,-6;141,-2;143,-7;140,-4;141,-7;144,-3;145,-4;147,-11;148,-4;149,-6;145,-9;145,-10;146,-9;148,-11;149,-2;142,-7;143,-8;145,-8;146,-8;140,-5;140,-9;141,-4;142,-4;143,-5;144,-4;144,-8;145,-3;145,-6;146,-4;146,-11;147,-10;148,-6;143,-2;145,-11;148,-7;142,-5;142,-11;143,-3;143,-11;144,-10;146,-2;147,-4;147,-7;148,-3;140,-11;142,-6;145,-2;147,-8;148,-8;141,-3;142,-2;144,-9;148,-5;149,-5
147,61;147,62;147,63;148,60;149,65;145,65;146,61;145,64;148,61;149,63;145,62;147,60;145,60;146,65;149,64;147,65;149,61;148,63;149,60;146,60;147,64;145,63;145,61;146,62;148,62;148,64;146,64;148,65;149,62;146,63
147,56
149,-59;149,-60