-148,116
-145,45
-145,43
-145,48
-145,44
-145,47
-145,46
-141,44
-144,48
-144,45
-144,44
-143,46
-143,47
-142,45
-142,46
-143,44
-142,44
-141,45
-144,46
-143,45
-142,47
-144,43
-141,47
-144,47
-141,46
-142,43
-141,48
-142,48
-143,48
-143,43
-140,43
-140,44
-140,48
-140,45
-140,-117
-140,46
-140,47
-141,43
-139,-147
-131,-117;-130,-118;-130,-116;-129,-116;-127,-118;-127,-112;-124,-113;-129,-114;-131,-115;-127,-115;-125,-115;-125,-118;-124,-118;-130,-117;-126,-117;-126,-118;-130,-112;-130,-113;-130,-114;-126,-115;-128,-117;-125,-113;-129,-115;-124,-115;-131,-111;-128,-112;-126,-112;-131,-116;-128,-118;-129,-113;-131,-114;-127,-114;-127,-116;-125,-116;-131,-118;-130,-111;-125,-112;-131,-113;-126,-116;-129,-117;-127,-117;-128,-111;-129,-112;-128,-113;-126,-113;-124,-116;-129,-111;-128,-114;-128,-115;-129,-118;-126,-111;-128,-116;-124,-117;-124,-111;-124,-112;-126,-114;-125,-114;-130,-115;-125,-117;-127,-111;-125,-111;-131,-112;-127,-113;-124,-114
-130,-67
-116,132;-121,134;-115,135;-122,135;-119,132;-117,134;-120,134;-119,137;-118,132;-120,132;-117,135;-120,136;-117,132;-121,133;-124,134;-119,136;-122,137;-118,133;-122,134;-117,136;-122,132;-123,132;-117,133;-123,133;-119,135;-116,134;-118,134;-117,137;-121,137;-121,132;-115,132;-116,133;-124,135;-118,136;-119,133;-122,133;-124,133;-122,136;-120,137;-120,133;-121,135;-123,134;-124,132;-115,134;-120,135;-121,136;-118,137;-118,135;-119,134;-123,135;-115,133;-116,135
-123,148;-121,149;-123,147;-120,146;-124,148;-123,149;-124,146;-123,144;-122,146;-120,148;-124,149;-122,145;-121,144;-121,145;-120,149;-122,148;-121,148;-120,144;-124,150;-121,146;-124,147;-123,146;-120,147;-122,147;-121,147;-123,145;-122,149;-122,144;-124,145;-120,145;-124,144;-123,150;-121,150;-122,150;-120,150;-119,144;-118,144;-118,149;-118,148;-118,146;-119,145;-119,148;-119,150;-119,146;-118,147;-119,149;-118,145;-118,150;-119,147
-123,143;-123,141;-123,140;-123,142;-122,140;-122,141;-122,142;-120,140;-121,142;-121,143;-122,143;-121,140;-121,141;-120,141;-120,143;-120,142
-119,-43;-120,-43
-106,132;-108,136;-110,132;-107,134;-109,136;-106,136;-111,135;-105,131;-105,135;-106,137;-108,133;-109,132;-108,137;-109,131;-111,137;-109,133;-105,137;-107,137;-110,133;-111,136;-107,131;-110,136;-110,137;-111,133;-107,133;-107,135;-107,136;-108,131;-108,132;-109,135;-109,137;-111,132;-111,134;-105,132;-106,135;-110,131;-110,135;-105,133;-106,134;-105,134;-106,131;-108,134;-109,134;-110,134;-111,131;-107,132;-105,136;-106,133;-108,135
-104,134;-104,136;-101,138;-104,135;-98,134;-99,138;-98,132;-103,137;-101,136;-98,136;-100,132;-102,137;-100,138;-103,133;-103,135;-102,134;-100,135;-98,135;-103,134;-103,136;-98,138;-104,133;-102,135;-102,136;-99,137;-104,138;-101,134;-100,136;-99,134;-98,137;-103,132;-102,133;-103,138;-101,132;-101,135;-101,137;-100,137;-99,133;-104,132;-104,137;-102,132;-99,135;-102,138;-100,133;-99,132;-101,133;-100,134;-99,136;-98,133
-102,-97;-103,-97
-95,34;-96,36;-96,35;-95,35;-96,34;-95,36
-98,37;-98,34;-99,37;-101,40;-101,38;-97,39;-98,39;-99,40;-99,38;-96,37;-97,40;-99,39;-99,34;-100,40;-98,38;-98,35;-96,39;-98,36;-99,36;-99,35;-101,37;-96,40;-96,38;-97,38;-100,38;-100,37;-98,40;-101,39;-97,37;-100,39
-100,127;-101,126;-99,128;-101,127;-100,128;-99,129;-100,129;-99,126;-100,126;-99,127;-101,128;-102,126;-102,128;-101,129;-102,127;-102,129
-91,-89
-88,-63;-88,-66;-88,-64;-89,-66;-89,-64;-88,-65;-89,-65;-89,-63
-86,-77
-88,-20
-85,-102
-82,84;-83,83;-82,85;-85,83;-85,86;-84,84;-82,86;-83,85;-82,83;-84,86;-84,83;-83,86;-85,85;-83,84;-84,85;-85,84
-75,72;-75,74;-80,76;-76,78;-78,76;-75,76;-75,75;-79,76;-80,77;-75,73;-76,76;-80,78;-75,77;-80,74;-77,76;-80,75;-76,77;-75,71;-75,78
-75,-150;-75,-149;-74,-149;-74,-150
-73,-150;-73,-149;-72,-150;-72,-149
-71,-150;-71,-149;-70,-150;-70,-149
-71,116;-71,117
-70,-7
-67,-7
-65,-9
-69,-149;-69,-150;-68,-149;-68,-150
-69,-6
-67,-8
-68,-9
-66,-6
-68,-6
-68,-7
-66,-9
-65,-6
-70,-6
-70,-9
-69,-9
-67,-6
-66,-8
-66,-7
-69,-8
-67,-9
-70,-8
-69,-7
-68,-8
-65,-7
-65,-8
-67,-23
-64,116
-60,3;-60,7;-62,7;-60,2;-60,8;-62,2;-61,4;-61,9;-60,5;-61,1;-61,6;-62,5;-61,8;-62,4;-61,3;-62,6;-61,5;-61,7;-62,3;-60,4;-60,1;-62,9;-62,1;-61,2;-60,6;-62,8;-60,9;-58,1;-58,3;-58,2;-58,8;-57,3;-59,3;-59,7;-59,4;-59,8;-58,4;-57,2;-57,6;-59,2;-58,5;-57,8;-58,6;-58,9;-59,9;-59,5;-59,6;-57,9;-57,1;-57,4;-57,7;-58,7;-59,1;-57,5;-56,1
-62,-75
-50,149;-49,149
-45,-31
-43,74
-32,68
-25,66
-21,148
5,19
11,102;9,100;6,100;7,104;8,104;10,104;11,101;5,101;5,102;6,103;6,104;10,103;7,102;11,100;11,104;5,104;5,103;8,102;9,103;10,101;7,100;9,104;7,103;9,101;10,102;9,102;6,101;6,102;7,101;8,101;5,100;8,103;11,103;8,100;10,100
6,99
9,-133
15,78;16,75;17,83;17,81;21,81;21,80;22,83;13,78;13,76;14,78;17,85;19,85;22,85;15,85;15,82;17,79;17,78;18,80;19,75;22,84;22,80;22,77;22,76;13,80;14,83;14,79;15,77;16,85;16,78;17,75;19,83;19,82;20,84;20,76;21,82;21,77;15,80;16,83;16,79;18,81;18,78;19,76;21,85;21,75;14,85;14,84;19,78;21,76;13,84;13,79;13,75;14,80;15,83;15,81;16,82;16,77;18,75;15,84;18,76;20,81;20,75;13,83;16,84;16,80;16,76;17,77;18,85;18,77;19,84;19,77;20,79;21,84;21,79;22,82;15,76;17,82;18,82;18,79;20,77;13,82;13,81;14,82;15,79;20,82;21,83;14,76;14,75;18,83;22,79;22,78;19,81;21,78;15,75;16,81;14,81;14,77;17,84;18,84;19,79;20,85;20,83;20,80;22,81;22,75;13,85;13,77;17,80;17,76;19,80;20,78
14,-135;15,-135
22,-75;23,-75
24,-28
35,34
37,70
38,102
49,-41;47,-40;48,-41;48,-40;47,-41;49,-40
68,-54;68,-53;68,-55;69,-53;70,-54;69,-55;70,-53;69,-54;70,-55
71,53;61,58;52,59;57,59;66,59;64,60;57,61;55,63;53,64;69,52;65,54;54,57;64,62;55,66;62,52;67,52;68,52;61,54;63,54;55,57;71,59;71,61;55,64;68,64;68,66;63,69;55,52;70,52;71,57;52,58;65,59;64,61;56,64;52,67;61,68;62,68;64,54;63,59;59,61;57,62;59,63;62,64;71,64;61,52;66,52;71,56;71,58;54,63;71,63;60,69;60,52;64,53;54,58;53,59;67,59;59,60;63,64;53,65;55,65;61,65;71,68;57,69;62,53;66,53;69,66;60,53;59,54;62,54;66,54;52,56;60,59;52,61;58,61;52,63;69,63;70,64;71,65;52,66;54,66;71,67;63,53;52,55;61,59;55,60;70,60;53,63;52,64;58,64;69,64;70,65;53,52;54,52;71,52;70,59;52,60;53,60;52,62;65,64;52,68;52,69;63,52;52,53;60,54;69,57;70,58;58,62;57,64;52,65;52,52;61,53;71,54;62,58;58,59;69,59;71,62;64,63;60,64;61,64;54,65;70,66;71,66;59,69;52,57;68,57;70,57;53,58;55,58;68,58;56,59;68,59;69,60;66,64;56,52;52,54;58,54;71,55;62,59;54,60;71,60;59,62;62,65;57,52;57,53;57,54;55,59;70,63;67,64;68,65;58,69;66,69;59,71;68,71;52,71;60,71;53,71;54,71;61,71;64,71;53,57;65,69;71,69;57,71;62,71;69,71;58,71;64,69;52,70;71,71;54,64;65,71;63,70;57,70;71,70;55,71;56,71;70,71;63,71;66,71;67,71;53,66;54,59;60,70;66,70;57,57;57,55;58,55;56,62;56,65;56,58;59,58;55,61;56,57;59,55;58,57;56,61;59,57;57,56;55,62;59,56;58,58;58,56;57,65;58,68;58,67;59,67;56,66;57,67;57,66;59,65;57,68;59,68;59,66;58,52;59,53;58,66;59,52;58,65;59,70;61,60;62,57;60,61;63,62;63,61;61,69;62,69;61,57;61,70;62,70;61,62;60,62;61,66;62,60;62,63;61,55;61,61;63,63;62,56;62,67;62,61;62,62;63,60;60,63;62,66;60,60;61,63;62,55;61,56;61,67;66,57;67,57;64,56;65,68;65,61;68,60;65,56;66,58;68,63;65,52;64,65;64,66;66,66;64,67;65,67;64,70;65,62;67,62;66,61;64,57;67,58;68,62;66,56;66,62;64,58;65,65;68,61;66,65;67,61;65,55;67,65;65,66;64,68;64,55;64,52;65,58;66,55;65,57;67,66;66,67;66,68;69,65;69,58
67,53;69,56;70,56;67,54;68,56;67,55;67,56;70,54;70,55;69,55;68,53;68,54;69,54;68,55;70,53;69,53
54,-147;54,-148;55,-147;55,-148
62,32;63,32;62,31;63,31
66,-125
78,-105
85,34
99,-131;99,-130;100,-130;100,-131
104,52;104,53
104,51
104,150
103,150
105,50;106,50;107,50;107,51
107,-123;107,-122;107,-121;109,-123;108,-123;109,-121;109,-122;108,-122;108,-121
106,51
109,49
121,-9
124,46;124,48;124,53;124,50;124,47;125,44;124,42;124,45;124,51;124,43;125,48;125,51;125,54;124,44;124,49;125,43;125,45;125,52;125,42;124,52;125,49;124,54;125,46;124,55;125,41;125,53;125,47;125,50;125,55;126,51;127,45;128,48;128,50;131,45;131,50;127,53;126,43;130,47;130,49;126,55;130,45;132,44;127,44;127,49;129,49;128,46;131,44;131,47;132,45;132,47;130,46;126,45;126,48;130,50;131,49;126,54;127,52;127,54;126,47;126,44;126,46;127,41;127,43;132,49;127,48;131,46;131,48;132,46;132,50;127,51;127,46;128,44;128,47;126,41;129,47;129,48;126,53;127,50;128,49;129,45;126,49;127,47;129,44;130,44;132,48;126,42;126,50;129,46;130,48;127,42;128,45;129,50;126,52;127,55;129,43;129,51;129,55;128,52;129,52;128,54;128,41;128,43;129,54;128,51;128,53;128,42;128,55;129,42;129,53;129,41;131,52;131,53;132,42;130,52;131,42;132,52;131,41;130,51;130,53;131,43;132,51;132,55;130,42;130,55;132,54;130,43;131,51;132,43;132,53;131,55;130,41;130,54;131,54;132,41;133,50;133,44;133,46;133,48;133,49;133,43;133,51;133,41;133,47;133,52;133,42;133,55;133,53;133,54;133,45
137,130;136,130;138,130
142,-3;146,-7;149,-7;141,-10;144,-2;145,-5;146,-5;148,-10;142,-8;142,-10;146,-10;149,-9;149,-11;140,-3;140,-6;141,-11;144,-11;146,-3;147,-2;148,-9;140,-8;141,-5;141,-9;143,-4;143,-9;144,-5;144,-6;148,-2;140,-10;141,-6;143,-10;145,-7;147,-5;147,-9;149,-4;149,-10;140,-2;141,-8;142,-9;143,-6;147,-3;149,-3;149,-8;140,-7;144,-7;146,-6;147,-6;141,-2;143,-7;140,-4;141,-7;144,-3;145,-4;147,-11;148,-4;149,-6;145,-9;145,-10;146,-9;148,-11;149,-2;142,-7;143,-8;145,-8;146,-8;140,-5;140,-9;141,-4;142,-4;143,-5;144,-4;144,-8;145,-3;145,-6;146,-4;146,-11;147,-10;148,-6;143,-2;145,-11;148,-7;142,-5;142,-11;143,-3;143,-11;144,-10;146,-2;147,-4;147,-7;148,-3;140,-11;142,-6;145,-2;147,-8;148,-8;141,-3;142,-2;144,-9;148,-5;149,-5
147,61;147,62;147,63;148,60;149,65;145,65;146,61;145,64;148,61;149,63;145,62;147,60;145,60;146,65;149,64;147,65;149,61;148,63;149,60;146,60;147,64;145,63;145,61;146,62;148,62;148,64;146,64;148,65;149,62;146,63