-150,-143
-150,83;-150,80;-150,78;-150,79;-150,76;-150,82;-150,75;-150,77;-150,81;-149,79;-149,83;-149,80;-149,78;-149,75;-149,81;-149,82;-149,77;-149,76;-148,76;-148,81;-148,78;-148,79;-148,83;-148,75;-148,80;-148,77;-148,82;-147,81;-146,80;-147,75;-146,81;-146,77;-146,83;-147,76;-147,82;-146,76;-147,80;-146,78;-147,78;-146,79;-147,77;-146,75;-147,83;-146,82;-147,79;-145,81;-145,82;-145,83;-144,77;-145,77;-144,75;-144,82;-145,79;-144,83;-145,76;-144,80;-145,80;-145,78;-144,79;-144,81;-144,76;-145,75;-144,78;-143,80;-142,79;-142,75;-142,80;-142,83;-143,81;-143,82;-143,83;-142,82;-143,79;-142,77;-143,77;-143,76;-142,76;-143,75;-143,78;-142,78;-142,81
-140,107;-132,107;-131,106;-148,107;-131,107;-126,106;-125,106;-124,107;-136,107;-134,107;-126,107;-123,106;-135,106;-133,106;-150,106;-149,106;-147,106;-139,107;-144,107;-142,106;-136,106;-134,106;-133,107;-125,107;-146,107;-145,106;-137,106;-130,107;-124,106;-149,107;-144,106;-138,106;-132,106;-128,107;-150,107;-147,107;-138,107;-137,107;-143,106;-130,106;-127,106;-148,106;-141,107;-140,106;-143,107;-142,107;-135,107;-129,106;-129,107;-127,107;-123,107;-146,106;-145,107;-141,106;-139,106;-128,106
-150,-6;-150,-7;-150,-5
-149,126;-150,129;-149,127;-150,128;-150,126;-150,127;-150,130;-149,129;-149,128;-149,130
-139,123;-138,123;-144,138;-144,130;-144,126;-140,123;-143,125;-139,125;-136,125;-144,148;-144,146;-144,137;-144,128;-146,144;-139,124;-141,125;-138,125;-136,123;-137,125;-144,136;-144,144;-144,142;-144,141;-144,139;-142,141;-137,123;-144,133;-137,124;-144,124;-144,147;-140,124;-142,125;-135,125;-149,144;-138,124;-143,123;-144,145;-144,129;-145,144;-143,144;-141,124;-135,124;-144,125;-148,144;-142,124;-142,123;-143,141;-144,123;-141,123;-135,123;-144,149;-144,127;-140,125;-144,135;-144,131;-150,144;-142,144;-144,140;-144,132;-147,144;-136,124;-144,150;-144,143;-144,134;-143,124
-148,139;-146,142;-149,139;-149,140;-146,143;-149,143;-149,142;-146,140;-146,139;-149,141;-147,139;-146,141
-149,150
-150,148;-149,147;-150,147;-149,148;-148,147;-148,148
-148,150
-147,128;-147,127;-148,129;-148,126;-148,128;-147,129;-147,130;-148,130;-148,127;-147,126
-146,130;-146,128;-146,127;-146,129;-146,126;-145,127;-145,129;-145,128;-145,130;-145,126
-145,22
-144,12
-143,19
-143,-7
-143,127;-142,129;-142,126;-142,128;-143,128;-143,126;-143,129;-143,130;-142,127;-142,130
-139,148;-142,149;-139,149;-142,146;-143,149;-140,149;-140,146;-141,149;-141,146;-139,147;-139,146;-143,146
-131,131;-129,131;-139,144;-133,144;-132,144;-141,142;-141,137;-136,131;-130,131;-128,131;-126,131;-141,136;-134,131;-138,144;-141,135;-138,131;-136,144;-141,140;-141,138;-141,133;-135,131;-128,144;-141,139;-141,131;-137,131;-129,144;-141,134;-141,132;-132,131;-127,131;-137,144;-135,144;-130,144;-127,144;-140,131;-139,131;-126,144;-141,143;-141,144;-140,144;-134,144;-131,144;-141,141;-133,131
-140,-4;-140,-6;-141,-6;-141,-5;-140,-5;-141,-4;-139,-6;-139,-4;-139,-5
-131,133;-139,139;-138,139;-131,139;-136,139;-131,138;-139,138;-139,137;-139,133;-135,139;-131,132;-139,136;-137,139;-133,139;-139,134;-139,132;-131,134;-139,135;-131,137;-134,139;-132,139;-131,136;-131,135
-140,141;-134,141;-131,140;-137,141;-139,141;-138,141;-136,141;-133,141;-135,141;-131,141;-132,141
-127,148;-137,148;-131,146;-127,147;-137,150;-130,148;-137,149;-134,146;-133,146;-129,148;-132,146;-137,146;-137,147;-136,146;-131,147;-131,148;-135,146;-128,148;-127,145;-127,146
-136,66;-136,72;-136,75;-136,73;-136,65;-136,68;-136,64;-124,67;-124,69;-136,71;-124,68;-136,69;-136,74;-124,66;-136,67;-136,70;-128,64;-132,64;-125,64;-133,64;-129,64;-126,64;-131,64;-124,64;-124,65;-135,64;-127,64;-134,64;-130,64;-124,71;-124,74;-124,72;-124,70;-124,73;-124,75
-133,80;-119,85;-128,86;-123,82;-119,90;-134,80;-124,82;-119,82;-122,87;-128,85;-129,80;-128,81;-136,84;-136,81;-135,80;-128,83;-119,91;-136,87;-136,83;-128,84;-115,82;-119,87;-136,80;-122,84;-119,95;-119,89;-125,82;-121,82;-118,82;-119,86;-136,86;-128,80;-119,88;-132,80;-116,82;-117,82;-122,85;-119,84;-119,96;-119,93;-119,83;-136,85;-136,82;-130,80;-128,82;-127,82;-126,82;-122,82;-120,82;-119,94;-131,80;-128,87;-122,86;-122,83;-119,92
-135,127;-136,127;-135,126;-136,126
-134,122;-134,126;-125,123;-125,121;-134,124;-126,120;-125,128;-125,124;-125,122;-125,120;-135,129;-135,128;-128,120;-134,127;-132,120;-129,120;-126,130;-134,128;-127,120;-136,129;-126,129;-125,130;-125,125;-134,130;-134,125;-134,121;-131,120;-125,126;-130,120;-135,130;-136,128;-125,129;-125,127;-136,130;-134,129;-134,123;-134,120;-133,120
-135,73;-135,72;-134,66;-135,71;-135,70;-135,69;-135,66;-133,66;-134,65;-135,68;-133,72;-135,65;-134,71;-134,72;-134,69;-133,65;-134,67;-134,68;-135,67;-134,70;-133,73;-134,73;-133,70;-133,68;-133,71;-133,67;-133,69
-130,88;-126,88;-124,88;-133,88;-131,88;-129,88;-134,88;-125,88;-123,88;-135,88;-128,88;-121,88;-127,88;-120,88;-132,88;-122,88;-136,88
-125,66;-127,66;-126,66;-126,65;-125,65;-127,65;-127,67;-126,67;-125,67
-135,75;-135,74;-134,74;-133,75;-134,75;-133,74
-131,66;-132,66;-131,65;-132,65;-132,69;-132,67;-132,68;-131,68;-131,67;-131,69
-129,66;-128,66;-129,65;-128,65;-129,67;-128,67
-130,66;-130,65;-130,68;-130,67;-128,68;-129,68;-127,68;-126,68;-125,68
-132,74;-131,75;-130,75;-129,75;-132,75;-130,74;-131,74;-128,75;-126,75;-127,75;-125,75
-129,72;-130,72;-129,73;-130,73;-129,74;-129,70;-130,69;-129,69;-129,71;-130,71;-130,70;-128,74;-128,73;-128,71;-128,69;-128,72;-128,70;-126,74;-127,69;-125,71;-127,71;-125,72;-127,73;-126,69;-125,73;-127,70;-125,70;-126,71;-126,73;-127,72;-125,74;-126,72;-127,74;-126,70;-125,69
-132,72;-131,72;-132,71;-132,70;-131,73;-132,73;-131,71;-131,70
-134,-31
-134,90;-134,95;-134,102;-134,97;-134,99;-134,98;-134,100;-134,89;-134,104;-134,91;-134,93;-134,103;-134,94;-134,96;-134,101;-134,92;-134,105
-128,100;-127,100;-126,100;-133,100;-125,100;-131,100;-129,100;-130,100;-123,100;-124,100;-132,100
-127,127;-133,125;-127,125;-127,124;-127,126;-131,125;-132,125;-129,125;-128,125;-127,128;-127,130;-130,125;-127,129
-128,123;-127,123;-133,123;-129,123;-131,123;-130,123;-126,123;-132,123
-132,94;-133,94
-133,-33;-132,-34;-132,-33
-133,89
-132,89
-125,-123;-128,-124;-126,-125;-126,-120;-129,-122;-131,-122;-130,-125;-124,-121;-125,-122;-131,-123;-125,-124;-127,-125;-124,-120;-124,-122;-124,-119;-127,-119;-127,-123;-125,-126;-129,-119;-130,-120;-130,-122;-131,-124;-128,-126;-128,-119;-129,-120;-129,-121;-128,-122;-128,-123;-127,-126;-130,-126;-125,-119;-131,-119;-130,-121;-124,-124;-127,-122;-130,-119;-129,-123;-130,-124;-128,-125;-129,-125;-128,-120;-127,-121;-126,-122;-129,-124;-131,-126;-128,-121;-131,-121;-126,-123;-131,-125;-126,-119;-126,-124;-126,-121;-130,-123;-127,-124;-129,-126;-125,-120;-127,-120;-131,-120;-125,-121;-124,-123;-125,-125;-126,-126;-124,-125;-124,-126;-123,-119;-120,-122;-118,-124;-121,-124;-123,-125;-122,-121;-123,-121;-121,-122;-120,-123;-119,-120;-116,-122;-119,-123;-121,-123;-117,-120;-117,-121;-122,-123;-116,-125;-119,-125;-116,-126;-119,-119;-123,-120;-118,-123;-118,-126;-118,-119;-120,-119;-118,-122;-123,-122;-116,-123;-123,-124;-122,-125;-120,-126;-121,-121;-123,-123;-119,-126;-117,-119;-116,-121;-117,-123;-118,-120;-122,-122;-116,-124;-121,-125;-121,-126;-121,-120;-116,-119;-118,-121;-119,-121;-119,-122;-120,-124;-122,-126;-122,-120;-117,-122;-121,-119;-120,-121;-119,-124;-117,-125;-118,-125;-123,-126;-122,-119;-120,-120;-116,-120;-117,-124;-122,-124;-120,-125;-117,-126
-127,133;-127,132;-129,139;-127,137;-128,139;-127,139;-130,139;-127,134;-127,142;-127,136;-127,135;-127,141;-127,143;-127,140;-127,138
-129,94;-130,94
-129,97;-130,97
-127,-82;-126,-82
-128,94;-128,99;-128,97;-128,95;-128,98;-128,96
-126,98;-126,96;-126,99;-126,95;-126,89;-126,91;-126,90;-126,94;-126,93;-126,92;-126,97
-125,-83
-127,97
-126,15
-113,131;-113,137;-115,131;-114,131;-113,143;-124,131;-118,131;-113,146;-123,131;-113,148;-113,141;-113,140;-113,136;-113,150;-113,149;-113,145;-113,139;-125,131;-113,144;-113,138;-113,134;-117,131;-116,131;-113,142;-113,133;-113,147;-113,132;-121,131;-120,131;-119,131;-122,131;-113,135
-113,121;-117,116;-115,116;-114,123;-113,120;-124,123;-117,123;-114,116;-119,123;-116,116;-121,123;-113,123;-113,122;-113,117;-118,116;-113,116;-123,123;-120,123;-119,116;-118,123;-116,123;-113,118;-122,123;-113,119;-120,116;-115,123
-124,85;-123,85
-124,25
-122,-141;-122,-143;-122,-140;-122,-147;-122,-144;-122,-146;-122,-142;-122,-149;-122,-145;-122,-148;-121,-144;-120,-141;-121,-140;-121,-147;-120,-145;-120,-149;-120,-140;-120,-146;-121,-142;-121,-149;-120,-147;-120,-144;-121,-148;-120,-148;-121,-143;-121,-141;-121,-145;-120,-143;-121,-146;-120,-142;-119,-144;-119,-140;-119,-147;-119,-146;-119,-142;-119,-149;-119,-148;-119,-143;-119,-145;-119,-141;-118,-144;-117,-147;-117,-144;-117,-141;-117,-140;-118,-146;-118,-142;-117,-149;-118,-149;-118,-148;-118,-145;-118,-143;-117,-142;-118,-141;-118,-140;-117,-145;-117,-146;-118,-147;-117,-148;-117,-143;-115,-147;-115,-145;-116,-148;-116,-142;-115,-143;-115,-141;-116,-146;-115,-148;-116,-149;-116,-144;-116,-140;-116,-145;-115,-140;-116,-143;-115,-149;-116,-147;-116,-141;-115,-146;-115,-144;-115,-142;-114,-147;-114,-148;-113,-149;-113,-147;-113,-146;-113,-145;-114,-145;-114,-143;-114,-142;-113,-140;-114,-146;-114,-144;-113,-144;-113,-143;-114,-149;-113,-142;-113,-148;-113,-141;-114,-141;-114,-140
-122,91;-122,94;-122,114;-121,105;-121,114;-115,97;-122,89;-122,96;-122,99;-122,103;-122,106;-122,108;-122,109;-121,101;-121,110;-121,115;-122,92;-118,97;-122,97;-122,102;-122,111;-122,113;-121,97;-121,109;-122,93;-122,112;-122,115;-121,102;-121,107;-121,112;-120,97;-122,95;-121,104;-119,98;-122,98;-122,104;-121,100;-121,113;-122,107;-122,110;-121,108;-122,101;-121,98;-122,90;-122,116;-121,111;-119,97;-121,116;-118,98;-117,97;-122,105;-121,99;-120,98;-116,97;-122,100;-121,103;-121,106;-114,97
-120,91;-121,91
-120,115;-101,113;-96,116;-94,121;-97,129;-97,127;-95,133;-89,125;-91,120;-118,115;-116,115;-114,115;-113,115;-103,115;-94,122;-96,125;-106,115;-99,113;-94,123;-94,120;-93,133;-91,111;-89,128;-89,126;-90,125;-91,118;-91,117;-108,115;-104,115;-94,118;-94,133;-91,110;-117,115;-89,132;-89,129;-89,127;-119,115;-102,113;-97,116;-91,123;-91,116;-91,112;-112,115;-103,114;-97,130;-91,109;-91,108;-109,115;-94,116;-91,124;-95,116;-94,117;-97,128;-111,115;-98,113;-95,125;-91,125;-115,115;-105,115;-103,113;-100,113;-97,115;-97,114;-97,125;-110,115;-98,116;-94,124;-94,119;-97,133;-97,132;-96,133;-91,119;-91,115;-91,113;-89,133;-89,131;-89,130;-91,122;-91,121;-97,113;-94,125;-97,131;-92,133;-91,133;-90,133;-107,115;-97,126;-91,114
-119,-150
-115,7;-115,6;-114,6;-114,7
-115,-101
-116,-43
-113,81;-112,63;-113,82;-113,83;-112,79;-112,78;-112,76;-112,67;-113,68;-113,71;-114,85;-114,84;-113,77;-113,66;-113,67;-113,85;-112,85;-112,72;-112,65;-114,81;-113,78;-113,80;-113,79;-114,80;-113,69;-112,81;-112,77;-112,82;-112,74;-112,73;-113,75;-114,82;-112,68;-112,66;-113,72;-113,76;-114,83;-114,79;-112,75;-112,64;-113,70;-112,83;-113,74;-112,84;-112,80;-112,70;-113,73;-113,84;-112,71;-112,69
-114,-43
-114,-41
-113,125;-113,128;-113,127;-113,126;-113,129;-113,130;-113,124
-113,94;-113,89;-113,96;-113,93;-113,88;-113,95;-113,90;-113,87;-113,86;-113,92;-113,91;-113,97
-112,96;-108,97;-103,104;-92,106;-112,95;-112,90;-105,97;-75,106;-103,106;-74,106;-103,105;-103,98;-103,97;-98,106;-101,106;-95,106;-86,106;-85,106;-112,89;-90,106;-88,106;-112,92;-111,97;-103,100;-91,106;-82,106;-78,106;-112,94;-112,86;-109,97;-112,91;-110,97;-103,99;-102,106;-97,106;-94,106;-112,97;-99,106;-96,106;-77,106;-76,106;-112,88;-104,97;-87,106;-84,106;-81,106;-80,106;-79,106;-106,97;-83,106;-112,93;-112,87;-103,103;-103,102;-89,106;-107,97;-103,101;-100,106;-93,106
-112,-43
-112,142;-112,121;-112,147;-112,145;-112,128;-112,122;-111,116;-109,116;-112,123;-112,118;-112,137;-112,131;-112,116;-112,149;-112,148;-112,139;-112,120;-110,116;-112,138;-112,136;-112,134;-112,125;-112,146;-112,130;-112,144;-112,141;-112,140;-112,133;-112,129;-112,127;-112,132;-112,126;-112,124;-112,135;-112,119;-112,150;-112,143;-112,117;-108,116;-106,130;-106,120;-106,118;-106,121;-106,127;-106,128;-106,125;-106,124;-106,116;-106,119;-106,117;-106,129;-107,116;-106,126;-106,123;-106,122
-107,63;-104,63;-81,71;-98,63;-96,63;-81,89;-106,90;-85,90;-97,63;-81,82;-81,67;-93,90;-108,63;-86,63;-104,90;-102,90;-96,90;-90,90;-110,63;-101,63;-81,65;-100,63;-91,63;-85,63;-83,63;-81,76;-103,90;-89,90;-111,63;-81,80;-81,73;-93,63;-84,63;-81,88;-81,87;-81,78;-81,69;-110,90;-94,90;-91,90;-81,90;-109,63;-89,63;-105,63;-81,85;-81,77;-81,75;-81,68;-81,66;-97,90;-92,90;-82,63;-87,90;-86,90;-84,90;-106,63;-95,63;-92,63;-87,63;-81,83;-81,79;-81,72;-109,90;-99,90;-98,90;-94,63;-90,63;-81,74;-81,70;-111,90;-105,90;-101,90;-102,63;-81,63;-81,64;-107,90;-95,90;-88,90;-83,90;-88,63;-108,90;-82,90;-103,63;-99,63;-81,86;-81,84;-81,81;-100,90
-107,143;-94,148;-93,148;-88,148;-101,148;-100,148;-98,148;-87,148;-110,143;-96,148;-95,148;-90,148;-89,148;-106,143;-91,148;-103,147;-97,148;-109,143;-105,143;-103,148;-92,148;-103,143;-103,145;-102,148;-103,144;-104,143;-99,148;-111,143;-108,143;-103,146
-109,37;-109,36;-110,35;-107,34;-109,34;-107,35;-108,36;-108,35;-109,35;-110,37;-110,34;-108,34;-107,37;-108,37;-110,36;-107,36
-109,96;-110,96;-108,92;-108,95;-110,93;-108,93;-108,96;-109,93;-109,92;-108,94;-109,95;-109,94;-110,94;-110,92;-110,95
-103,82;-86,88;-85,87;-107,82;-91,82;-100,75;-86,84;-86,77;-88,75;-95,83;-95,81;-97,82;-94,82;-100,77;-109,82;-105,82;-103,84;-100,83;-100,81;-89,75;-87,75;-96,81;-101,82;-100,82;-98,82;-88,82;-86,82;-86,76;-92,82;-100,87;-86,79;-103,88;-91,89;-91,83;-86,81;-90,82;-103,89;-103,87;-103,83;-100,85;-100,78;-86,87;-86,80;-84,87;-87,82;-103,85;-100,89;-100,76;-82,87;-99,75;-97,81;-92,75;-100,88;-86,89;-86,85;-86,78;-97,83;-89,82;-103,86;-91,84;-86,83;-83,87;-93,82;-100,84;-91,87;-91,85;-86,75;-106,82;-104,82;-102,82;-99,82;-100,80;-90,75;-96,82;-100,86;-91,86;-86,86;-96,83;-108,82;-95,82;-100,79;-91,88;-91,75
-108,-4;-109,-6;-107,-6;-107,-5;-109,-4;-109,-5;-107,-4;-108,-6;-108,-5
-107,-64
-104,35;-103,34;-104,34;-104,37;-103,35;-105,35;-103,36;-105,36;-105,37;-104,36;-103,37;-105,34;-102,34;-102,35;-102,37;-102,36
-105,-143;-104,-143;-104,-145;-103,-142;-103,-144;-103,-145;-105,-147;-104,-147;-105,-144;-104,-144;-102,-145;-102,-146;-103,-143;-103,-146;-102,-143;-105,-145;-102,-144;-105,-146;-104,-142;-104,-146;-103,-147;-102,-147
-101,131;-103,126;-103,124;-103,122;-99,114;-103,119;-99,124;-99,120;-99,117;-103,116;-99,125;-99,123;-99,121;-98,131;-104,116;-103,131;-102,125;-99,122;-99,131;-103,130;-103,127;-99,115;-102,131;-103,120;-99,119;-103,121;-105,125;-101,125;-104,125;-99,118;-99,116;-98,125;-103,128;-103,125;-103,117;-103,129;-105,116;-100,125;-103,118;-104,131;-103,123;-100,131
-100,94;-100,92;-95,94;-92,94;-100,91;-93,94;-103,94;-100,100;-100,95;-91,104;-91,97;-100,96;-91,100;-100,103;-100,93;-91,105;-100,99;-91,103;-91,95;-96,94;-94,94;-91,92;-103,96;-91,99;-91,102;-103,95;-103,92;-100,105;-91,98;-103,93;-100,102;-100,101;-103,91;-100,104;-100,98;-102,94;-99,94;-98,94;-97,94;-100,97;-91,101;-91,96;-91,94;-91,91;-91,93;-101,94
-94,107;-103,107;-103,112;-103,111;-92,107;-88,107;-83,107;-100,107;-97,107;-85,107;-82,107;-87,107;-96,107;-101,107;-93,107;-84,107;-99,107;-95,107;-89,107;-103,110;-98,107;-86,107;-91,107;-90,107;-103,109;-103,108;-102,107;-74,141;-80,107;-74,145;-74,112;-74,128;-74,125;-74,115;-79,107;-76,107;-74,132;-74,131;-74,126;-74,110;-81,107;-74,150;-75,107;-74,122;-74,116;-74,147;-74,136;-74,134;-74,130;-74,111;-74,109;-74,143;-74,129;-74,144;-74,124;-74,114;-74,107;-78,107;-74,127;-74,118;-74,148;-74,119;-74,117;-74,133;-74,139;-74,138;-74,137;-74,135;-74,123;-74,120;-74,108;-74,149;-74,140;-74,113;-77,107;-74,146;-74,142;-74,121
-104,-95
-106,34
-102,-97;-103,-97
-106,35
-106,36
-104,28
-103,-21
-102,-136;-102,-133;-102,-135;-102,-139;-102,-138;-102,-134;-102,-137;-102,-132;-102,-131;-102,-130;-101,-136;-101,-135;-100,-138;-100,-131;-101,-133;-101,-137;-100,-132;-101,-138;-101,-132;-101,-139;-100,-134;-100,-130;-100,-137;-100,-135;-100,-133;-100,-136;-101,-134;-100,-139;-101,-131;-101,-130;-99,-136;-98,-138;-98,-137;-97,-138;-97,-131;-97,-130;-99,-137;-98,-136;-98,-133;-97,-139;-99,-133;-97,-135;-99,-139;-99,-134;-98,-132;-99,-132;-99,-131;-98,-139;-97,-132;-98,-131;-98,-135;-98,-130;-97,-137;-97,-134;-97,-133;-99,-135;-99,-130;-97,-136;-99,-138;-98,-134;-96,-137;-96,-130;-96,-131;-96,-139;-96,-132;-96,-138;-96,-136;-96,-135;-96,-134;-96,-133;-95,-131;-94,-139;-95,-130;-94,-132;-94,-130;-94,-135;-95,-137;-94,-138;-94,-136;-95,-139;-95,-136;-94,-137;-95,-134;-94,-134;-95,-133;-95,-132;-95,-135;-94,-133;-95,-138;-94,-131;-93,-139;-93,-133;-93,-134;-93,-132;-93,-137;-93,-135;-93,-130;-93,-138;-93,-136;-93,-131
-98,112;-99,110;-101,110;-100,108;-99,111;-98,108;-98,111;-100,109;-98,109;-101,111;-98,110;-102,108;-102,109;-102,111;-102,110;-100,111;-101,109;-101,108;-102,112;-101,112;-100,110;-99,109;-100,112;-99,112;-99,108
-95,66;-96,68;-97,66;-101,68;-99,66;-96,66;-100,66;-101,66;-98,66;-95,67;-98,68;-98,69;-101,67;-95,68;-97,68;-101,69
-84,71;-85,70;-98,81;-98,77;-98,73;-84,73;-98,70;-90,70;-98,80;-98,79;-84,82;-85,82;-93,75;-93,74;-91,73;-90,73;-96,70;-91,70;-89,70;-98,71;-84,80;-93,80;-92,73;-89,73;-83,70;-98,76;-93,78;-101,70;-100,70;-99,70;-97,70;-93,70;-84,72;-83,73;-93,76;-84,70;-98,74;-98,72;-84,78;-93,81;-95,70;-93,77;-93,73;-98,75;-84,79;-87,73;-85,73;-86,70;-88,73;-88,70;-87,70;-82,70;-98,78;-84,81;-84,77;-82,73;-86,73;-92,70;-94,70;-84,76;-84,75;-84,74;-93,79
-101,-21
-101,146;-100,146
-95,-91;-96,-92;-96,-91;-95,-92;-97,-92;-97,-91;-95,-90;-97,-90;-96,-90
-96,75;-95,75;-94,75;-97,75
-95,113;-94,113;-96,113;-93,113;-92,113
-94,105;-94,104;-93,105;-93,104;-92,105;-92,104
-89,12;-89,13;-90,14;-91,16;-89,14;-91,18;-91,17;-86,14;-87,14;-93,16;-91,20;-85,14;-91,21;-91,22;-91,23;-92,16;-91,14;-88,14;-91,15;-91,19
-92,24;-85,26;-84,31;-91,24;-91,26;-91,28;-90,32;-84,30;-88,24;-88,26;-84,29;-88,23;-91,27;-88,27;-88,30;-85,32;-88,22;-93,27;-88,28;-85,28;-85,31;-85,33;-84,32;-85,24;-86,27;-89,32;-88,29;-84,26;-84,33;-91,29;-91,30;-85,30;-86,24;-91,32;-85,25;-88,25;-88,32;-87,24;-89,24;-90,33;-89,33;-84,24;-92,27;-90,27;-89,27;-84,25;-87,27;-91,25;-85,27;-93,24;-90,24;-85,29;-84,28;-91,31;-88,31;-84,27
-83,68;-85,65;-88,66;-93,67;-84,68;-93,68;-85,68;-87,66;-86,65;-91,66;-86,66;-82,65;-93,66;-84,65;-92,66;-89,66;-83,65;-86,67;-93,69;-90,66;-86,68;-82,68
-93,56
-93,12;-92,13;-93,13;-92,12
-92,20;-93,20
-92,-94
-90,16;-89,15;-87,17;-85,15;-90,15;-89,18;-85,16;-90,17;-90,18;-90,19;-88,15;-88,18;-86,17;-85,20;-89,17;-87,16;-87,21;-86,19;-85,21;-87,19;-90,20;-89,19;-86,18;-88,19;-88,21;-85,17;-89,16;-88,20;-86,15;-86,21;-89,20;-87,15;-89,21;-87,18;-87,20;-85,19;-90,21;-88,17;-86,16;-86,20;-88,16;-85,18
-91,-22
-88,109;-89,108;-89,109;-90,110;-89,110;-90,108;-90,111;-89,111;-90,109;-88,108;-88,111;-88,110
-87,-84;-88,-85;-88,-86;-87,-86;-89,-86;-89,-84;-88,-84;-87,-85;-89,-85
-89,87;-88,87;-90,87;-87,87
-87,58;-85,56;-85,57;-83,56;-86,57;-87,59;-87,60;-86,58;-84,57;-82,58;-83,57;-82,59;-82,56;-87,56;-87,57;-84,60;-83,60;-83,59;-86,56;-84,58;-84,59;-82,57;-86,60;-85,60;-84,56;-83,58;-85,59;-82,60;-86,59;-85,58
-88,-20
-87,146
-86,-28
-79,15;-79,18;-75,14;-79,16;-79,21;-76,14;-79,17;-83,22;-77,14;-79,19;-82,22;-84,22;-84,23;-79,22;-79,14;-78,14;-80,22;-79,20;-81,22
-74,101;-74,97;-74,74;-74,71;-79,63;-74,88;-74,104;-74,90;-74,69;-74,105;-74,82;-74,81;-74,79;-74,65;-77,63;-74,99;-74,87;-74,78;-80,63;-74,94;-74,92;-74,75;-74,100;-74,93;-74,86;-74,84;-78,63;-76,63;-74,102;-74,98;-74,95;-74,83;-74,77;-74,89;-74,68;-74,96;-74,70;-74,63;-75,63;-74,103;-74,91;-74,80;-74,64;-74,73;-74,72;-74,67;-74,85;-74,76;-74,66
-79,58;-78,57;-78,56;-76,58;-76,60;-74,59;-74,58;-74,60;-75,58;-77,60;-77,58;-76,59;-78,60;-79,56;-79,57;-77,57;-76,56;-74,56;-79,60;-78,58;-75,56;-75,59;-74,57;-79,59;-78,59;-76,57;-77,56;-77,59;-75,57;-75,60
-78,-66
-74,31
-73,29
-72,29
-72,28
-72,31
-71,-130
-72,30
-71,30
-71,29
-71,76;-71,77;-70,77;-69,76;-70,76;-69,77
-71,117
-71,116
-65,29;-65,28;-61,28;-61,29;-68,28;-67,29;-66,31;-69,29;-66,28;-63,31;-69,28;-68,31;-67,30;-65,30;-63,30;-67,31;-66,30;-65,31;-64,29;-62,30;-62,29;-69,31;-68,29;-66,29;-67,28;-64,30;-61,31;-68,30;-63,28;-62,31;-69,30;-64,28;-63,29;-62,28;-64,31;-61,30
-70,-3;-70,-2;-69,-2;-69,-3
-69,-139
-69,112;-69,113;-70,112;-70,113
-70,28
-70,31
-69,-142
-67,122
-68,123
-67,2;-67,1
-68,122
-67,123
-63,-129;-62,-129;-62,-130;-63,-130;-62,-128;-61,-129;-63,-128;-61,-130;-61,-128
-64,125
-65,125
-64,-8
-64,-9
-62,126;-62,125
-61,-32
-60,-18
-61,126
-59,125
-59,127;-58,127;-58,128;-59,128
-58,126
-56,127;-56,128;-55,127;-55,128
-54,-23
-56,-24
-57,125;-56,125;-56,126;-57,126;-55,126;-55,125
-56,-23
-55,-23
-53,-23
-55,-22
-56,-22
-54,-22
-53,-22
-54,128;-54,127;-53,127;-53,128
-54,-30
-52,-98
-52,-22
-51,91;-50,91;-51,92;-50,92
-48,73;-47,73;-49,73
-44,135;-43,134;-44,136;-44,137;-47,136;-45,136;-44,134;-43,135;-47,133;-46,136;-45,137;-47,137;-45,135;-45,133;-45,134;-44,133;-43,133;-47,134;-46,135;-46,137;-43,136;-46,133;-46,134;-47,135;-43,137
-44,106;-45,106;-45,108;-45,107;-44,107;-44,108
-41,134;-40,136;-42,137;-39,134;-39,136;-40,133;-38,135;-38,136;-42,136;-41,136;-42,134;-41,133;-40,137;-39,135;-41,135;-39,137;-38,133;-41,137;-39,133;-38,137;-42,133;-40,135;-42,135;-40,134;-38,134
-41,113;-41,114
-40,111
-40,112
-39,-3;-37,-3;-38,-3;-36,-3
-38,112
-41,112
-41,111
-39,111
-39,112
-38,111
-39,2
-38,-14
-38,-142
-38,102
-38,-15
-38,31
-37,7;-37,8;-37,9
-37,78
-37,77
-35,-10
-32,-53
-33,-56;-33,-55
-31,20;-31,19
-31,-29
-30,-22
-30,-21
-29,48;-29,49
-24,20;-23,19;-26,19;-24,19;-27,20;-23,20;-25,20;-25,19;-27,19;-22,19;-26,20;-21,19;-22,20
-28,-45
-26,91;-25,88;-26,88;-26,92;-23,88;-24,90;-24,92;-25,92;-23,89;-23,90;-25,91;-26,90;-24,91;-23,91;-25,90;-24,89;-23,92;-24,88;-26,89;-25,89
-22,-100
-23,23
-17,-110;-17,-115;-21,-112;-18,-114;-18,-111;-19,-110;-20,-110;-21,-110;-20,-111;-19,-114;-20,-114;-17,-111;-17,-114;-18,-110;-19,-115;-19,-111;-17,-112;-21,-115;-17,-113;-18,-113;-20,-112;-20,-115;-21,-113;-21,-111;-19,-112;-19,-113;-20,-113;-18,-112;-18,-115;-21,-114
-19,-143
-20,-143
-21,148
-19,-32
-20,-32
-19,31
-19,-150
-19,-132
-18,-32
-16,-32
-16,-29
-16,-111
-16,-28
-16,-108
-17,-32
-17,-127
-15,-60
-14,33;-14,34
-13,-108
-11,-120
-10,-120
-12,-120
-11,146
-10,146
-9,145
-11,143
-11,141
-9,146
-8,145
-11,144
-10,-132
-8,146
-9,144
-10,145
-8,143
-10,38;-10,40;-10,39
-10,143
-9,141
-9,142
-8,142
-10,141
-11,145
-8,141
-10,-131
-8,144
-9,143
-10,142
-10,144
-11,142
-9,2;-9,7;-7,-5;-7,-4;-7,8;-6,5;-3,-5;-9,-7;-9,3;-8,-4;-7,-6;-6,0;-4,1;-3,-3;-3,4;-2,-8;-9,-8;-8,1;-8,8;-5,-6;-5,-1;-5,1;-4,-8;-4,-2;-4,7;-2,-4;-9,9;-7,-7;-7,-1;-7,0;-6,-9;-6,3;-5,-3;-4,-4;-4,0;-3,0;-2,-9;-8,-9;-7,2;-6,2;-5,-8;-5,-7;-5,8;-4,-5;-3,-8;-3,2;-3,7;-9,-3;-9,-1;-9,8;-8,-3;-8,2;-5,5;-4,5;-2,-3;-8,3;-7,-9;-6,-6;-5,-9;-5,-5;-4,-6;-4,9;-3,-9;-9,5;-9,6;-8,7;-6,1;-5,0;-4,4;-3,-4;-3,8;-8,-2;-8,0;-8,6;-6,-7;-2,-7;-9,-2;-9,4;-8,9;-6,-5;-6,8;-5,2;-5,7;-5,9;-4,-3;-4,6;-9,-5;-9,0;-8,-8;-7,-8;-7,3;-6,9;-5,3;-3,5;-9,-6;-8,4;-8,5;-7,6;-7,9;-6,-4;-6,-3;-6,6;-4,2;-3,-7;-3,-6;-9,-9;-7,-2;-7,4;-7,7;-5,-2;-5,4;-4,-9;-4,-7;-4,3;-3,3;-3,6;-2,-5;-2,0;-9,1;-7,-3;-6,-2;-6,7;-5,6;-4,8;-8,-5;-7,5;-6,-8;-6,-1;-6,4;-4,-1;-3,-2;-3,-1;-3,1;-2,-2;-9,-4;-8,-7;-8,-6;-8,-1;-7,1;-5,-4;-3,9;-2,-6;-2,-1;-2,2;0,-6;-2,1;-1,-1;0,7;1,-3;1,3;3,1;3,2;4,9;6,7;7,-5;8,-1;8,3;8,9;10,2;-2,5;-2,9;-1,0;0,1;1,-1;2,-8;6,2;8,-7;9,-5;9,1;10,1;-1,-8;-1,-7;-1,-2;-1,7;0,0;0,5;1,-5;1,4;2,-4;2,7;5,7;6,5;7,-1;8,-3;9,-9;9,0;10,0;-1,8;2,0;2,8;3,0;5,4;6,-3;7,-3;8,6;-1,-3;-1,-5;-2,7;-1,1;-1,4;0,6;1,-7;1,6;4,-9;4,-7;4,7;5,-1;6,9;7,0;7,7;8,8;9,-3;9,5;-1,9;0,-8;0,-3;2,-7;2,5;3,-7;4,0;5,-4;6,-2;7,-8;7,-6;7,4;9,-4;9,6;-1,5;-1,6;0,-9;0,8;0,9;1,-6;1,-2;1,2;2,4;3,-6;4,5;5,-6;5,-3;5,5;6,-9;7,3;8,-2;8,7;10,-9;10,3;-1,-6;-2,4;-2,6;-1,3;0,-7;0,4;1,-9;1,9;2,-1;2,9;3,3;4,6;5,8;6,6;8,1;10,-4;-2,8;-1,2;2,-9;3,-2;6,-8;6,0;6,3;7,6;8,-9;9,-1;10,-6;10,-3;2,-5;2,-2;3,-5;4,-8;4,-2;4,3;5,-5;5,2;6,-5;7,-2;7,1;8,4;9,-8;9,-6;10,-5;-1,-4;0,-5;0,-1;0,2;1,8;3,-8;3,-3;3,7;8,-4;8,2;8,5;10,-7;10,4;10,8;0,-2;3,4;3,6;3,9;4,-5;5,6;5,9;6,-6;7,2;7,5;8,-6;10,6;10,9;1,-4;0,-4;1,0;2,-6;3,5;4,2;7,-7;7,-4;7,8;9,-2;9,9;1,5;3,-9;3,-4;3,8;4,-1;6,-7;6,1;7,9;8,-8;8,0;9,7;10,-1;3,-1;-2,3;4,-3;4,1;4,4;5,-9;5,-8;5,-7;5,0;6,-4;6,-1;6,4;9,-7;9,2;9,3;-1,-9;0,3;1,-8;1,1;1,7;2,-3;2,1;2,2;2,3;2,6;4,-6;4,-4;4,8;5,-2;5,1;5,3;6,8;7,-9;8,-5;9,4;9,8;10,-8;10,-2;10,5;10,7
-5,47
-6,-118
-5,46
-4,45;-5,45;-5,44;-1,44;-3,45;-2,45;-4,44;-3,44;-2,44;-1,45
-3,46
-5,49
-2,46
-4,46
-4,47
-1,-38
-3,-39
-1,-40
-3,-40
-4,-35;-2,-35;-1,-35;-2,-34;-3,-35;-1,-34;-4,-34;-3,-34
-3,-38
-2,-38
-2,-40
-4,-39
-4,-40
-4,-38
-2,-39
-1,-39
-1,-97
3,114;3,116;6,112;9,114;2,114;3,115;2,112;4,116;8,115;9,113;2,113;3,113;6,113;7,113;8,114;2,115;6,114;7,114;1,116;5,113;6,115;2,116;5,114;7,115;9,112;5,112;5,116;8,113;9,115;8,116;1,113;4,115;6,116;7,116;8,112;4,113;5,115;7,112;9,116;3,112;4,114;1,112;1,114;1,115;4,112
4,17;3,16;4,16;3,18;4,18;2,18;2,17;3,17;2,16
3,-42
3,-35
5,17
5,18
5,16
5,35;6,33;5,34;7,34;6,34;7,33;6,35;5,33;7,35
5,110;7,106;5,105;7,109;5,108;7,105;7,108;7,110;4,110;5,109;6,106;6,108;5,107;6,111;4,109;5,106;6,105;6,110;4,106;4,107;4,111;5,111;6,109;4,108;7,107;6,107;7,111
3,104;4,105;4,103;3,103;3,105;4,104
3,117;4,117;3,118;4,118
5,-46
7,99;10,97;8,97;11,99;8,98;10,99;11,97;8,99;9,97;10,98;7,98;11,98;7,97;9,99;9,98
6,104;7,102;8,103;5,104;9,103;10,102;11,102;11,103;6,100;9,100;9,102;5,103;6,101;11,100;8,101;5,100;6,103;7,103;10,100;7,100;8,100;9,101;7,101;7,104;8,104;10,101;10,103;10,104;11,101;5,102;6,102;8,102;5,101;9,104;11,104
9,24
6,99
6,-130
8,108;9,105;10,110;14,109;8,105;8,106;8,110;9,108;11,107;14,106;9,106;10,109;11,109;11,110;12,109;10,105;10,106;11,105;13,109;9,107;12,110;14,105;13,110;14,107;14,108;12,108;14,110;10,108;11,108;13,106;8,107;12,107;13,107;8,111;9,110;8,109;11,106;12,105;13,108;10,107;12,106;13,105;9,109;9,111
8,-111;8,-110
10,-45
10,-114
11,-43
10,-48
12,-19;13,-19;14,-19;12,-18;13,-18;14,-18
12,99;13,101;14,98;15,98;12,103;13,99;13,103;13,98;12,100;12,104;12,102;13,100;14,99;13,104;13,102;15,99;12,101
11,95;11,96
14,-15;13,-16;14,-16;13,-15;12,-16;12,-15
17,-19;15,-18;16,-19;15,-19;16,-18;17,-18
13,-86
13,-90
12,-31
13,-13;13,-12;14,-13;14,-12
16,76;17,78;19,85;14,81;15,85;15,84;17,83;18,85;18,79;19,84;19,83;14,78;15,77;18,84;21,85;21,81;21,79;22,79;15,82;15,79;18,83;18,78;19,77;20,78;22,82;22,78;13,83;13,76;14,85;14,82;17,85;17,80;18,77;19,82;19,76;20,85;20,84;22,85;13,81;13,79;15,83;15,81;16,85;16,80;19,80;14,84;14,77;15,75;17,77;20,76;21,80;21,76;14,80;14,79;15,80;15,76;16,81;17,76;18,76;20,81;17,81;18,81;20,77;16,78;16,75;17,79;19,81;21,82;22,84;22,81;13,85;13,80;21,77;13,84;13,78;16,83;16,79;18,82;19,78;20,80;13,82;13,77;14,83;14,75;15,78;16,77;17,84;17,82;19,79;20,83;20,75;21,78;22,83;22,80;22,77;17,75;18,75;19,75;20,82;21,75;22,76;22,75;13,75;14,76;16,84;21,84;21,83;16,82;18,80;20,79
14,-66;14,-65;15,-65;15,-66;16,-65;16,-66
14,-70
14,100;17,104;15,102;16,102;18,102;14,101;18,103;14,104;15,104;16,103;17,102;17,103;14,102;15,100;16,101;16,104;17,100;16,100;18,104;15,101;15,103;14,103;17,101;18,101
15,-100
15,-110
16,-16;17,-16;16,-15;17,-15
17,-53
18,-66;18,-65;17,-66;17,-65
16,-11;17,-13;17,-11;16,-12;17,-12;16,-13
18,116;20,116;21,114;22,118;23,113;24,112;25,118;20,117;22,117;20,115;21,119;21,117;22,119;23,117;24,119;25,117;18,114;20,114;21,116;22,113;23,116;18,118;19,117;21,111;22,111;22,115;24,111;25,114;18,115;21,115;24,116;25,113;20,111;21,112;23,115;23,119;24,113;18,111;19,114;19,119;20,119;23,114;24,115;24,117;25,115;25,116;22,112;23,118;19,111;20,113;20,118;19,113;20,112;22,116;23,111;18,112;19,115;21,113;21,118;23,112;24,118;25,119;19,112;19,118;24,114;18,113;18,117;19,116;22,114
19,-12;20,-12;20,-13;19,-13;20,-11;19,-11
20,-14;19,-15;19,-16;20,-16;20,-15;19,-14
19,-18;19,-19;20,-18;20,-19
19,-119
20,-118;20,-119;20,-120
20,-35;20,-34
26,6;21,6;29,5;27,6;23,6;24,6;23,5;24,5;22,6;28,6;22,5;25,5;29,6;26,5;25,6;21,5;27,5;28,5
22,4
23,-140
23,-139
21,92
23,20
23,143;23,142;24,142;24,143
24,-140
23,19
24,-139
24,-137
26,99;28,100;28,101;26,101;27,101;28,99;25,99;26,100;25,101;25,100;27,100;27,99
25,103;27,102;25,104;28,102;26,104;27,103;25,102;26,103;28,104;28,103;26,102;27,104
26,96;28,95;28,98;26,97;26,98;27,97;28,96;25,97;25,98;25,95;25,96;27,98;28,97;26,95;27,95;27,96
26,-84
25,112;25,111
32,105;29,110;33,106;26,106;26,105;26,107;30,110;31,106;32,109;27,109;28,108;30,105;30,106;31,109;32,106;33,105;26,108;31,110;31,105;33,108;29,107;32,107;27,105;30,108;27,106;27,107;28,109;33,109;28,107;31,108;32,108;28,110;29,105;30,107;30,109;32,110;33,110;26,109;26,110;28,105;29,108;29,109;31,107;27,108;28,106;27,110;29,106;33,107
27,116;28,112;29,113;30,112;31,118;33,111;26,117;30,118;26,115;31,111;31,113;32,114;26,112;28,113;28,114;28,118;29,112;32,117;32,118;33,113;33,118;28,115;30,116;31,112;31,115;31,117;26,116;28,111;30,113;32,113;26,114;32,111;26,118;32,116;33,116;26,113;27,118;30,114;32,112;28,117;29,111;29,115;26,111;27,113;27,115;30,111;31,116;27,111;30,117;31,114;33,115;33,117;27,117;29,114;29,118;29,117;33,112;33,114;27,112;27,114;28,116;29,116;30,115;32,115
29,-56;30,-56;29,-55;30,-55
29,95;33,95;31,97;31,98;30,97;30,99;31,99;33,97;33,99;31,95;33,96;29,99;30,95;31,96;32,97;32,98;29,97;30,98;32,95;29,96;32,96;33,98;30,96;29,98;32,99
31,101;32,101;33,101;30,104;32,100;33,100;29,100;31,100;33,103;31,104;31,102;33,102;30,100;30,103;33,104;32,103;30,102;32,104;29,103;29,104;29,101;29,102;30,101;31,103;32,102
28,4
28,-45
29,-96
29,74
29,-95
30,-111;30,-112
30,-73
35,142;33,142;35,141;34,141;34,142;33,141
34,22
35,-122
35,10;36,10
36,-63
39,72;38,72
38,-59
40,-116
41,-71;40,-70;40,-71;41,-70
38,103
41,11;40,11;41,9;40,9;41,10;40,10;42,10;42,9;42,11
46,-122
48,-46;49,-46;48,-43;47,-45;49,-45;48,-44;47,-43;49,-44;49,-43;47,-44;47,-46;48,-45
48,-40;49,-41;47,-41;47,-40;48,-41;49,-40
52,-120;51,-121;51,-120;52,-121
51,-130
56,-134;56,-135
55,-12
61,-111
64,-111
61,-26;62,-27;61,-27;62,-26
61,30;61,29;61,28;62,30;63,30;63,28;62,29;62,28;63,29
62,-111
61,-112
66,-111
62,-112
66,-112
63,-111
65,-111
63,-112
61,-123
64,28;65,28;64,29;65,29;66,28;66,29
64,-102
66,-11;69,-11;67,-9;68,-11;69,-9;66,-8;66,-10;68,-9;67,-10;66,-9;67,-11;67,-8;68,-10;69,-10;68,-8
69,-147
71,-146
70,-147
69,-146
69,-143
69,-5
70,-146
71,-147
69,-3
77,-102;77,-101
80,-138
78,-104
79,-137
78,-105
82,-106
86,-12
88,-110
98,100;97,101;98,99;95,98;97,99;95,100;97,100;95,101;97,98;98,98;96,99;96,100;96,98;98,101;96,101;95,99
100,37
101,37
99,-130;99,-131;100,-131;100,-130
99,38
100,38
99,36
102,36
99,37
101,36
102,37
101,38
99,35
100,36
100,35
102,38
102,-108;101,-110;103,-110;101,-109;102,-110;103,-109;101,-108;102,-109;103,-108
107,-103
105,-106
110,-102;109,-103;110,-103;109,-102
108,-103
108,-102
110,-26;111,-26
111,-129
111,-142
117,-27;118,-26;118,-27;119,-26;119,-27;117,-25;120,-25;121,-26;120,-26;121,-27;121,-25;117,-26;119,-25;120,-27;118,-25
117,-8
118,-8
117,55
126,-12;124,-12;128,-11;129,-10;125,-11;127,-12;127,-11;128,-10;124,-10;129,-12;122,-12;124,-11;123,-12;126,-10;123,-11;129,-11;122,-11;126,-11;127,-10;125,-12;122,-10;125,-10;123,-10;128,-12
122,-108
123,130;123,131;125,130;124,131;125,131;124,130;126,131;127,130;127,131;126,130
125,-35;124,-35
126,44;127,47;128,44;129,47;126,46;126,49;128,46;129,49;130,44;131,46;127,46;131,49;128,47;129,50;132,47;126,47;127,48;127,50;128,50;131,45;128,48;128,49;130,47;132,46;127,45;129,48;127,49;128,45;130,45;130,46;131,48;130,48;126,45;129,44;129,45;131,50;126,50;129,46;131,44;132,50;127,44;131,47;132,44;132,45;132,49;130,49;130,50;132,48;126,48
129,111;127,110;128,108;128,110;129,106;129,107;126,105;126,107;127,109;128,105;128,107;128,109;129,105;127,105;127,106;127,112;128,106;128,112;126,109;126,111;127,107;127,108;126,108;129,110;128,111;129,109;127,111;129,112;126,106;126,112;129,108;126,110
129,131;130,133;131,132;129,130;131,131;129,132;131,130;131,133;132,133;130,131;132,131;130,132;132,132;132,130;129,133;130,130
128,130;128,131
131,-140;131,-139;132,-139;132,-140
134,37
133,-23
133,-37
136,1;135,1
136,-145
135,-37
138,8
141,-118;139,-118;139,-117;140,-116;141,-117;141,-116;140,-117;139,-116;140,-118
139,-42
140,-8;141,-9;143,-7;144,-10;145,-4;145,-8;149,-6;140,-7;140,-10;142,-3;147,-5;149,-4;141,-3;141,-8;142,-2;142,-5;142,-7;144,-3;145,-3;145,-7;146,-7;147,-3;141,-4;142,-4;142,-9;145,-11;147,-4;140,-11;141,-6;142,-10;143,-10;144,-9;146,-2;148,-8;148,-11;140,-2;141,-7;147,-2;147,-6;148,-4;149,-9;141,-2;140,-9;142,-11;144,-6;146,-3;146,-8;149,-2;140,-5;144,-5;145,-2;146,-5;146,-6;148,-5;148,-10;149,-10;141,-11;143,-11;146,-10;147,-10;148,-3;148,-7;148,-9;141,-10;144,-7;146,-4;146,-9;148,-6;149,-5;142,-6;144,-11;147,-7;140,-4;145,-6;146,-11;148,-2;149,-7;141,-5;143,-2;143,-3;143,-5;143,-6;143,-8;144,-8;145,-10;147,-9;140,-3;143,-4;147,-8;149,-8;149,-11;144,-4;147,-11;140,-6;142,-8;143,-9;144,-2;145,-5;145,-9;149,-3
144,44
149,62;146,62;148,63;149,65;145,60;147,60;149,64;145,61;147,62;148,61;149,61;145,65;148,65;146,60;146,61;147,64;145,62;147,61;145,64;146,64;146,63;147,63;148,62;148,64;147,65;146,65;148,60;149,60;145,63;149,63
148,-37;146,-37;145,-37;147,-37
149,91;149,92;149,93;150,92;150,91
149,-41