-150,-150
-150,72;-149,72;-148,72;-147,72;-146,72;-145,72;-144,72;-143,72;-142,72;-141,72;-140,72;-139,72;-150,71;-149,71;-148,71;-147,71;-146,71;-145,71;-144,71;-143,71;-142,71;-141,71;-140,71;-139,71;-150,70;-149,70;-148,70;-147,70;-146,70;-145,70;-144,70;-143,70;-142,70;-141,70;-140,70;-139,70;-150,69;-149,69;-148,69;-147,69;-146,69;-145,69;-144,69;-143,69;-142,69;-141,69;-140,69;-139,69;-150,68;-149,68;-148,68;-147,68;-146,68;-145,68;-144,68;-143,68;-142,68;-141,68;-140,68;-139,68;-150,67;-149,67;-148,67;-147,67;-146,67;-145,67;-144,67;-143,67;-142,67;-141,67;-140,67;-139,67;-150,66;-149,66;-148,66;-147,66;-146,66;-145,66;-144,66;-143,66;-142,66;-141,66;-140,66;-139,66;-150,65;-149,65;-148,65;-147,65;-146,65;-145,65;-144,65;-143,65;-142,65;-141,65;-140,65;-139,65;-150,64;-149,64;-148,64;-147,64;-146,64;-145,64;-144,64;-143,64;-142,64;-141,64;-140,64;-139,64
-150,126;-149,126;-150,127;-149,127;-150,128;-149,128;-150,129;-149,129;-150,130;-149,130
-150,131;-149,131;-150,132;-149,132;-150,133;-149,133;-150,134;-149,134;-150,135;-149,135
-148,126;-147,126;-148,127;-147,127;-148,128;-147,128;-148,129;-147,129;-148,130;-147,130
-148,131;-147,131;-148,132;-147,132;-148,133;-147,133;-148,134;-147,134;-148,135;-147,135
-146,126;-146,127;-146,128;-146,129;-146,130;-145,126;-145,127;-145,128;-145,129;-145,130
-144,12
-143,-7
-141,-8
-141,-7
-141,-6;-141,-5;-141,-4;-140,-6;-140,-5;-140,-4;-139,-6;-139,-5;-139,-4
-140,-8;-140,-7
-139,-8
-139,-7
-138,-116
-133,-33;-132,-34;-132,-33
-127,-82;-126,-82
-126,15
-125,-83
-122,-149;-122,-148;-122,-147;-122,-146;-122,-145;-122,-144;-122,-143;-122,-142;-122,-141;-122,-140;-121,-149;-121,-148;-121,-147;-121,-146;-121,-145;-121,-144;-121,-143;-121,-142;-121,-141;-121,-140;-120,-149;-120,-148;-120,-147;-120,-146;-120,-145;-120,-144;-120,-143;-120,-142;-120,-141;-120,-140;-119,-149;-119,-148;-119,-147;-119,-146;-119,-145;-119,-144;-119,-143;-119,-142;-119,-141;-119,-140;-118,-149;-118,-148;-118,-147;-118,-146;-118,-145;-118,-144;-118,-143;-118,-142;-118,-141;-118,-140;-117,-149;-117,-148;-117,-147;-117,-146;-117,-145;-117,-144;-117,-143;-117,-142;-117,-141;-117,-140;-116,-149;-116,-148;-116,-147;-116,-146;-116,-145;-116,-144;-116,-143;-116,-142;-116,-141;-116,-140;-115,-149;-115,-148;-115,-147;-115,-146;-115,-145;-115,-144;-115,-143;-115,-142;-115,-141;-115,-140;-114,-149;-114,-148;-114,-147;-114,-146;-114,-145;-114,-144;-114,-143;-114,-142;-114,-141;-114,-140;-113,-149;-113,-148;-113,-147;-113,-146;-113,-145;-113,-144;-113,-143;-113,-142;-113,-141;-113,-140
-122,6;-122,7;-121,6;-121,7
-120,91;-121,91
-120,-53
-120,5
-119,-150
-119,-104;-118,-104;-119,-103;-118,-103
-116,-67
-116,-43
-115,-19;-115,-18;-115,-17;-115,-16;-115,-15;-114,-19;-114,-18;-114,-17;-114,-16;-114,-15;-113,-19;-113,-18;-113,-17;-113,-16;-113,-15;-112,-19;-112,-18;-112,-17;-111,-17;-112,-16;-112,-15;-111,-19;-111,-18
-115,6;-115,7;-114,6;-114,7
-114,-108;-114,-107;-113,-108;-113,-107;-112,-108;-112,-107
-114,-43
-114,-41
-113,-36;-113,-37;-113,-38
-111,-44
-109,-32;-110,-32
-109,-93
-109,-6;-109,-5;-109,-4;-108,-6;-108,-5;-108,-4;-107,-6;-107,-5;-107,-4
-107,-64
-105,-143;-105,-144;-105,-145;-105,-146;-105,-147;-104,-142;-104,-143;-104,-144;-104,-145;-104,-146;-104,-147;-103,-142;-103,-143;-103,-144;-103,-145;-103,-146;-103,-147;-102,-144;-102,-143;-102,-145;-102,-146;-102,-147
-105,-95
-103,-98
-102,-98
-103,-97;-102,-97
-103,-21
-102,-100
-102,-99
-101,-100
-101,-99
-101,-98
-101,-21
-101,146;-100,146
-100,-98
-100,-94
-96,126;-96,127;-96,128;-96,129;-96,130;-95,126;-95,127;-95,128;-95,129;-95,130;-94,126;-94,127;-94,128;-94,129;-94,130;-93,126;-93,127;-93,128;-93,129;-93,130;-92,126;-92,127;-92,128;-92,129;-92,130
-93,56;-93,57;-93,58;-92,56;-92,57;-92,58;-93,59;-93,60;-92,59;-89,60;-90,60;-91,60;-92,60;-91,56;-90,56;-91,57;-91,58;-91,59;-90,57;-90,58;-90,59;-89,57;-89,58;-89,59;-89,56;-88,56;-88,60;-88,59;-88,58;-88,57
-92,-10;-92,-9;-92,-8;-92,-7;-92,-6;-92,-5;-92,-4;-92,-3;-92,-2;-92,-1;-92,0;-92,1;-92,2;-92,3;-92,4;-92,5;-92,6;-92,7;-92,8;-92,9;-91,-10;-91,-9;-91,-8;-91,-7;-91,-6;-91,-5;-91,-4;-91,-3;-91,-2;-91,-1;-91,0;-91,1;-91,2;-91,3;-91,4;-91,5;-91,6;-91,7;-91,8;-91,9;-90,-10;-90,-9;-90,-8;-90,-7;-90,-6;-90,-5;-90,-4;-90,-3;-90,-2;-90,-1;-90,0;-90,1;-90,2;-90,3;-90,4;-90,5;-90,6;-90,7;-90,8;-90,9;-89,-10;-89,-9;-89,-8;-89,-7;-89,-6;-89,-5;-89,-4;-89,-3;-89,-2;-89,-1;-89,0;-89,1;-89,2;-89,3;-89,4;-89,5;-89,6;-89,7;-89,8;-89,9;-88,-10;-88,-9;-88,-8;-88,-7;-88,-6;-88,-5;-88,-4;-88,-3;-88,-2;-88,-1;-88,0;-88,1;-88,2;-88,3;-88,4;-88,5;-88,6;-88,7;-88,8;-88,9;-87,-10;-87,-9;-87,-8;-87,-7;-87,-6;-87,-5;-87,-4;-87,-3;-87,-2;-87,-1;-87,0;-87,1;-87,2;-87,3;-87,4;-87,5;-87,6;-87,7;-87,8;-87,9;-86,-10;-86,-9;-86,-8;-86,-7;-86,-6;-86,-5;-86,-4;-86,-3;-86,-2;-86,-1;-86,0;-86,1;-86,2;-86,3;-86,4;-86,5;-86,6;-86,7;-86,8;-86,9;-85,-10;-85,-9;-85,-8;-85,-7;-85,-6;-85,-5;-85,-4;-85,-3;-85,-2;-85,-1;-85,0;-85,1;-85,2;-85,3;-85,4;-85,5;-85,6;-85,7;-85,8;-85,9;-84,-10;-84,-9;-84,-8;-84,-7;-84,-6;-84,-5;-84,-4;-84,-3;-84,-2;-84,-1;-84,0;-84,1;-84,2;-84,3;-84,4;-84,5;-84,6;-84,7;-84,8;-84,9;-83,-10;-83,-9;-83,-8;-83,-7;-83,-6;-83,-5;-83,-4;-83,-3;-83,-2;-83,-1;-83,0;-83,1;-83,2;-83,3;-83,4;-83,5;-83,6;-83,7;-83,8;-83,9;-82,-10;-82,-9;-82,-8;-82,-7;-82,-6;-82,-5;-82,-4;-82,-3;-82,-2;-82,-1;-82,0;-82,1;-82,2;-82,3;-82,4;-82,5;-82,6;-82,7;-82,8;-82,9;-81,-10;-81,-9;-81,-8;-81,-7;-81,-6;-81,-5;-81,-4;-81,-3;-81,-2;-81,-1;-81,0;-81,1;-81,2;-81,3;-81,4;-81,5;-81,6;-81,7;-81,8;-81,9;-80,-10;-80,-9;-80,-8;-80,-7;-80,-6;-80,-5;-80,-4;-80,-3;-80,-2;-80,-1;-80,0;-80,1;-80,2;-80,3;-80,4;-80,5;-80,6;-80,7;-80,8;-80,9;-79,-10;-79,-9;-79,-8;-79,-7;-79,-6;-79,-5;-79,-4;-79,-3;-79,-2;-79,-1;-79,0;-79,1;-79,2;-79,3;-79,4;-79,5;-79,6;-79,7;-79,8;-79,9;-78,-10;-78,-9;-78,-8;-78,-7;-78,-6;-78,-5;-78,-4;-78,-3;-78,-2;-78,-1;-78,0;-78,1;-78,2;-78,3;-78,4;-78,5;-78,6;-78,7;-78,8;-78,9;-77,-10;-77,-9;-77,-8;-77,-7;-77,-6;-77,-5;-77,-4;-77,-3;-77,-2;-77,-1;-77,0;-77,1;-77,2;-77,3;-77,4;-77,5;-77,6;-77,7;-77,8;-77,9;-76,-10;-76,-9;-76,-8;-76,-7;-76,-6;-76,-5;-76,-4;-76,-3;-76,-2;-76,-1;-76,0;-76,1;-76,2;-76,3;-76,4;-76,5;-76,6;-76,7;-76,8;-76,9;-75,-10;-75,-9;-75,-8;-75,-7;-75,-6;-75,-5;-75,-4;-75,-3;-75,-2;-75,-1;-75,0;-75,1;-75,2;-75,3;-75,4;-75,5;-75,6;-75,7;-75,8;-75,9;-74,-10;-74,-9;-74,-8;-74,-7;-74,-6;-74,-5;-74,-4;-74,-3;-74,-2;-74,-1;-74,0;-74,1;-74,2;-74,3;-74,4;-74,5;-74,6;-74,7;-74,8;-74,9;-73,-10;-73,-9;-73,-8;-73,-7;-73,-6;-73,-5;-73,-4;-73,-3;-73,-2;-73,-1;-73,0;-73,1;-73,2;-73,3;-73,4;-73,5;-73,6;-73,7;-73,8;-73,9
-91,-22
-87,-84;-87,-85;-87,-86;-88,-84;-88,-85;-88,-86;-89,-84;-89,-85;-89,-86
-87,56;-87,57;-87,58;-87,59;-87,60;-86,56;-86,57;-86,58;-86,59;-86,60;-85,56;-85,57;-85,58;-85,59;-85,60;-84,56;-84,57;-84,58;-84,59;-84,60;-83,56;-83,57;-83,58;-83,59;-83,60;-82,56;-82,57;-82,58;-82,59;-82,60
-87,146
-86,-110
-86,-28
-73,-32
-71,-125;-71,-124;-70,-124;-70,-125
-71,116
-69,-139
-68,141
-67,-111;-67,-110;-67,-109;-66,-110;-66,-109;-65,-111;-65,-110;-65,-109;-64,-111;-64,-110;-64,-109
-62,126;-62,125
-61,125;-61,126;-60,126;-60,125
-59,-13;-59,-12
-59,128;-58,128;-59,127;-58,127
-58,-116;-58,-115;-58,-114;-57,-116;-57,-115;-57,-114;-56,-116;-56,-115;-56,-114
-57,-12
-57,125
-56,127;-56,128;-55,127;-55,128
-56,-24
-53,-22
-53,-23
-54,-22
-54,-23
-55,-22
-55,-23
-56,-22
-56,-23
-56,44
-54,-140
-54,100
-54,128;-53,128;-54,127;-53,127
-52,-22
-52,147;-51,147;-50,147;-49,147;-48,147;-47,147
-49,-4
-49,-3
-49,-2
-49,73;-48,73;-47,73
-48,-4
-48,-3
-48,-2
-47,-4
-47,-3
-47,-2
-47,112
-46,-3
-46,-2
-46,87
-45,-2
-45,81
-44,114
-44,113
-40,-59
-40,124
-39,-3;-38,-3;-37,-3;-36,-3
-37,26;-36,26
-32,-65;-32,-64;-32,-63;-32,-62;-32,-61;-31,-65;-31,-64;-31,-63;-31,-62;-31,-61;-30,-62;-29,-62;-28,-62;-27,-62;-26,-62;-25,-62;-30,-63;-29,-63;-28,-63;-27,-63;-26,-63;-25,-63;-30,-64;-29,-64;-28,-64;-27,-64;-26,-64;-25,-64;-30,-65;-29,-65;-28,-65;-27,-65;-26,-65;-25,-65;-30,-61;-29,-61;-28,-61;-27,-61;-26,-61;-25,-61
-35,-34
-32,-53
-32,140;-31,140
-31,-4;-31,-3;-30,-4;-30,-3
-30,-108;-30,-107;-29,-108;-29,-107
-29,80;-29,81;-29,82;-29,83;-29,84;-29,85;-28,80;-28,81;-28,82;-28,83;-28,84;-28,85;-27,80;-27,81;-27,82;-27,83;-27,84;-27,85;-26,80;-26,81;-26,82;-26,83;-26,84;-26,85;-25,80;-25,81;-25,82;-25,83;-25,84;-25,85;-24,80;-24,81;-24,82;-24,83;-24,84;-24,85
-28,-45
-27,144;-28,144
-27,-40;-27,-39;-26,-40;-26,-39
-27,19;-27,20;-26,19;-26,20;-25,19;-25,20;-24,19;-24,20;-23,19;-23,20;-22,19;-22,20;-21,19
-25,34;-25,35
-24,55;-24,56;-24,57;-24,58;-24,59;-24,60
-22,78;-22,79;-22,80;-22,81;-22,82;-21,78;-21,79;-21,80;-21,81;-21,82;-20,78;-20,79;-20,80;-20,81;-20,82;-19,78;-19,79;-19,80;-19,81;-19,82;-18,78;-18,79;-18,80;-18,81;-18,82
-21,148
-20,-143
-19,-143
-19,-132
-17,-127
-17,-21
-16,-111
-14,33;-14,34
-12,-120
-11,-120
-10,-120
-9,146
-8,146
-9,145
-8,145
-9,144
-8,144
-7,144
-7,145
-7,146
-6,143
-4,-125
-4,-34;-3,-34;-4,-35;-3,-35;-2,-34;-2,-35;-1,-35;-1,-34
-1,-97
2,-55
2,-54;3,-54
2,16;3,16;4,16;5,16;2,17;3,17;4,17;5,17;2,18;3,18;4,18;5,18
3,-35
3,117;3,118;4,117;4,118
4,52;4,53;5,52;5,53;4,54;4,55;5,54;5,55;4,56;4,57;5,56;5,57;6,52;6,53;6,54;6,55;7,52;7,53;7,54;7,55;6,56;6,57;7,56;7,57;8,52;8,53;8,54;8,55;9,52;9,53;9,54;9,55;8,56;8,57;9,56;9,57
6,-130
11,-43
12,-19;12,-18;13,-19;13,-18;14,-19;14,-18
15,-117;16,-117;17,-117
15,55
15,56
16,55
16,56
16,-13;17,-13;17,-11;17,-12;16,-11;16,-12
18,9
19,-119
19,-19;19,-18;20,-19;20,-18
20,-120;20,-119;20,-118
22,-118;23,-118
26,-143
29,-96
29,-95
33,141;33,142;34,141;34,142;35,141;35,142
35,-122
35,-28;35,-29;36,-29;36,-28
35,80;35,81;36,80;36,81
37,-114
38,72;39,72
38,103
40,9;40,10;40,11;41,9;41,10;41,11;42,9;42,10;42,11
41,-118
47,-46;48,-46;49,-46;47,-45;48,-45;49,-45;47,-44;48,-44;49,-44;47,-43;48,-43;49,-43
47,-41;47,-40;48,-41;48,-40;49,-41;49,-40
55,-135;55,-134;56,-135;56,-134
55,107
56,-126
56,-32
56,-26
61,-111
62,-111
63,-111
64,-111
65,-111
66,-111
61,-112
62,-112
63,-112
66,-112
61,-27;61,-26;62,-27;62,-26
61,-13
67,29
69,-148
69,-147
69,-146
70,-147
70,-146
71,-147
71,-146
75,-141;75,-142;74,-141;74,-142
75,-103
76,-103
74,40;74,41;74,42;74,43;74,44;74,45;74,46;75,46;78,46;78,45;79,46;79,45;80,46;80,45;75,40;75,41;75,42;75,43;75,44;75,45;76,40;76,41;76,42;76,43;76,44;76,45;76,46;77,40;77,41;77,42;77,43;77,44;77,45;77,46;78,40;78,41;78,42;78,43;78,44;79,40;79,41;79,42;79,43;79,44;80,40;80,41;80,42;80,43;80,44;81,40;81,41;81,42;81,43;81,44;81,45;81,46
74,48;75,48;76,50;74,50;75,50;74,49;75,49;76,49;76,48;77,48;77,49;77,50;78,50;78,49;78,48;74,47;75,47;76,47;77,47;78,47;81,47;80,47;79,47;81,51;79,50;79,49;79,48;80,51;81,50;81,49;81,48;80,50;80,49;80,48;80,52;80,53;81,53;81,52;80,54;81,56;80,55;81,55;80,56;81,54
74,51;75,56;75,55;75,54;75,53;75,52;75,51;74,56;74,55;74,54;74,53;74,52;76,56;76,55;76,54;76,53;76,52;76,51;77,56;77,55;77,54;77,53;77,52;77,51;78,56;78,55;78,54;78,53;78,52;78,51;79,56;79,55;79,54;79,53;79,52;79,51
76,36
77,-102;77,-101
78,-105
79,-138
83,46;84,46;82,40;82,41;82,42;82,43;82,44;82,45;82,46;83,41;83,42;83,43;83,44;83,45;84,41;84,42;84,43;84,44;84,45;83,40;84,40;85,40;85,41;85,42;85,43;86,41;86,42;86,43;87,41;87,42;87,43;88,41;88,42;88,43;89,41;89,42;89,43;90,41;90,42;90,43;85,44;86,44;87,44;88,44;89,44;90,44;85,45;86,45;87,45;88,45;89,45;90,45;85,46;86,46;86,40;87,40;87,46;88,46;89,46;90,46;88,40;89,40;90,40
83,-130
84,-16
88,-110
94,21;95,21;96,21;97,21;94,22;94,23;95,22;95,23;96,22;96,23;97,22;97,23;98,22;98,23;99,22;99,23;98,21;99,21
95,98;96,98;97,98;98,98;95,99;96,99;97,99;98,99;95,100;96,100;97,100;98,100;95,101;96,101;97,101;98,101
96,-132;96,-131;97,-132;97,-131;98,-132;98,-131
96,-102
99,-131;99,-130;100,-131;100,-130
101,-132;101,-131;101,-130;102,-132;102,-131;102,-130;103,-132;103,-131;103,-130
101,-108;101,-109;101,-110;102,-110;102,-109;102,-108;103,-110;103,-109;103,-108
105,-109
108,-103
108,-102
109,-103
109,-102
110,-103
110,-102
110,-26;111,-26
114,-104
116,-26;117,-25;117,-26;117,-27;118,-25;118,-26;118,-27;119,-25;119,-26;119,-27;120,-25;120,-26;120,-27;121,-25;121,-26;121,-27
116,-5
119,81;120,81;119,80;120,80;121,80;121,81;122,80;122,81;123,80;123,81;124,80;124,81
123,-122;124,-122
123,130;123,131;124,130;124,131;125,130;125,131;126,130;126,131;127,130;127,131
124,42;124,43;124,44;124,45;124,46;124,47;124,48;124,49;124,50;124,51;124,52;124,53;124,54;124,55;125,41;125,42;125,43;125,44;125,45;125,46;125,47;125,48;125,49;125,50;125,51;125,52;125,53;125,54;125,55;126,41;126,42;126,43;126,44;126,45;126,46;126,47;126,48;126,49;126,50;127,44;127,45;127,46;127,47;127,48;127,49;127,50;128,44;128,45;128,46;128,47;128,48;128,49;128,50;129,44;129,45;129,46;129,47;129,48;129,49;129,50;130,44;130,45;130,46;130,47;130,48;130,49;130,50;131,44;131,45;131,46;131,47;131,48;131,49;131,50;132,44;132,45;132,46;132,47;132,48;132,49;132,50;126,51;126,52;126,53;126,54;126,55;127,41;127,42;127,43;127,51;127,52;127,53;127,54;127,55;128,41;128,42;128,43;128,51;128,52;128,53;128,54;128,55;129,41;129,42;129,43;129,51;129,52;129,53;129,54;129,55;130,41;130,42;130,43;130,51;130,52;130,53;130,54;130,55;131,41;131,42;131,43;131,51;131,52;131,53;131,54;131,55;132,41;132,42;132,43;132,51;132,52;132,53;132,54;132,55;133,41;133,42;133,43;133,44;133,45;133,46;133,47;133,48;133,49;133,50;133,51;133,52;133,53;133,54;133,55
126,-101;126,-100
129,130;129,131;129,132;129,133;130,130;130,131;130,132;130,133;131,130;131,131;131,132;131,133;132,130;132,131;132,132;132,133
133,36
134,134;133,134
134,-143
136,1;135,1
136,-145
140,-4;140,-5;140,-6;140,-7;140,-8;140,-9;140,-10;140,-11;141,-4;141,-5;141,-6;141,-7;141,-8;141,-9;141,-10;141,-11;142,-2;142,-3;142,-4;142,-5;142,-6;142,-7;142,-8;142,-9;142,-10;142,-11;143,-2;143,-3;143,-4;143,-5;143,-6;143,-7;143,-8;143,-9;143,-10;143,-11;144,-2;144,-3;144,-4;144,-5;144,-6;144,-7;144,-8;144,-9;144,-10;144,-11;145,-2;145,-3;145,-4;145,-5;145,-6;145,-7;145,-8;145,-9;145,-10;145,-11;146,-2;146,-3;146,-4;146,-5;146,-6;146,-7;146,-8;146,-9;146,-10;146,-11;147,-2;147,-3;147,-4;147,-5;147,-6;147,-7;147,-8;147,-9;147,-10;147,-11;148,-2;148,-3;148,-4;148,-5;148,-6;148,-7;148,-8;148,-9;148,-10;148,-11;149,-2;149,-3;149,-4;149,-5;149,-6;149,-7;149,-8;149,-9;149,-10;149,-11;141,-2;141,-3;140,-2;140,-3
142,-146;143,-146;142,-145;143,-145;142,-144;143,-144
145,60;145,61;145,62;145,63;145,64;145,65;146,60;146,61;146,62;146,63;146,64;146,65;147,60;147,61;147,62;147,63;147,64;148,60;147,65;148,61;148,62;148,63;148,64;148,65;149,60;149,61;149,62;149,63;149,64;149,65