-142,72;-146,71;-141,71;-149,70;-142,68;-139,68;-145,66;-148,65;-145,65;-142,65;-144,64;-145,72;-141,72;-150,70;-150,69;-145,67;-140,72;-139,72;-139,70;-146,66;-140,65;-147,64;-146,64;-140,64;-149,72;-146,72;-143,71;-140,71;-148,70;-146,70;-149,64;-148,69;-143,69;-147,68;-140,68;-147,67;-147,66;-141,65;-148,72;-143,72;-150,71;-140,70;-146,69;-139,69;-143,67;-141,66;-146,65;-147,70;-145,69;-140,66;-141,64;-147,71;-145,71;-139,66;-150,65;-144,65;-147,72;-142,71;-143,68;-150,66;-148,66;-150,64;-144,69;-140,69;-150,67;-142,69;-150,68;-144,68;-141,68;-149,66;-139,65;-145,64;-142,64;-139,64;-144,72;-146,67;-142,67;-140,67;-142,66;-148,64;-143,64;-150,72;-141,70;-149,69;-147,69;-144,67;-149,65;-149,71;-148,71;-144,71;-145,70;-148,67;-141,67;-139,67;-144,66;-143,66;-147,65;-144,70;-142,70;-148,68;-146,68;-149,67;-139,71;-143,70;-141,69;-149,68;-145,68;-143,65
-150,-143
-149,126;-149,129;-149,130;-149,128;-149,127;-150,130;-150,126;-150,127;-150,128;-150,129
-148,132;-147,135;-147,131;-147,132;-148,133;-148,131;-147,133;-147,134;-148,135;-148,134
-147,3
-146,-8
-144,44
-143,46;-143,47;-143,45
-143,44
-144,43
-142,-116
-142,-81
-143,43
-137,130;-137,129;-139,128;-141,126;-140,129;-138,129;-138,127;-138,130;-138,128;-140,126;-140,130;-140,128;-141,127;-137,126;-137,128;-139,127;-139,126;-138,126;-139,129;-137,127;-141,130;-141,128;-140,127;-139,130;-141,129
-137,-42
-131,-117;-130,-118;-130,-116;-129,-116;-127,-118;-127,-112;-124,-113;-129,-114;-131,-115;-127,-115;-125,-115;-125,-118;-124,-118;-130,-117;-126,-117;-126,-118;-130,-112;-130,-113;-130,-114;-126,-115;-128,-117;-125,-113;-129,-115;-124,-115;-131,-111;-128,-112;-126,-112;-131,-116;-128,-118;-129,-113;-131,-114;-127,-114;-127,-116;-125,-116;-131,-118;-130,-111;-125,-112;-131,-113;-126,-116;-129,-117;-127,-117;-128,-111;-129,-112;-128,-113;-126,-113;-124,-116;-129,-111;-128,-114;-128,-115;-129,-118;-126,-111;-128,-116;-124,-117;-124,-111;-124,-112;-126,-114;-125,-114;-130,-115;-125,-117;-127,-111;-125,-111;-131,-112;-127,-113;-124,-114
-129,-77
-127,-72;-126,-72
-125,-68
-126,15
-123,25;-122,25
-122,26
-119,-43;-120,-43
-115,-16;-115,-15;-115,-18;-115,-19;-115,-17;-114,-15;-114,-18;-114,-16;-114,-19;-114,-17;-113,-15;-112,-16;-112,-15;-112,-17;-113,-16;-111,-17;-112,-18;-113,-19;-113,-17;-112,-19;-113,-18;-111,-19;-111,-18
-114,-6;-114,-5;-114,-4;-113,-6;-112,-6;-112,-4;-113,-5;-113,-4;-112,-5;-111,-6;-111,-5;-111,-4
-114,10
-112,-56;-113,-56;-112,-55
-113,9;-113,10;-112,9;-112,10;-111,9;-111,10
-110,40;-107,38;-108,41;-110,39;-108,40;-110,41;-109,41;-109,39;-108,39;-108,38;-109,40;-109,38;-107,40;-107,39;-107,41;-110,38
-109,-7;-108,-7;-108,-8;-109,-8
-107,-94
-104,-142;-103,-142;-102,-147;-104,-145;-103,-143;-105,-146;-104,-143;-105,-145;-105,-144;-103,-144;-102,-146;-102,-143;-105,-147;-104,-144;-104,-146;-103,-145;-103,-146;-105,-143;-102,-145;-104,-147;-103,-147;-102,-144
-98,37;-98,34;-99,37;-97,39;-98,39;-99,38;-99,39;-99,34;-98,38;-98,35;-98,36;-99,36;-99,35;-97,38;-100,38;-100,37;-97,37;-100,39
-100,-5;-102,-6;-102,-5;-102,-7;-101,-7;-101,-6;-100,-7;-100,-6;-101,-5
-96,35;-97,35
-98,-140
-96,112;-93,112;-96,111;-94,111;-92,111;-95,111;-95,110;-92,112;-93,111;-95,112;-94,110;-93,110;-92,110;-94,112;-96,110;-93,108;-95,108;-94,108;-92,109;-94,109;-93,109;-96,109;-95,109;-96,108;-92,108
-96,129;-96,127;-95,126;-95,128;-95,127;-96,128;-96,126;-95,129;-96,130;-95,130;-94,129;-93,130;-94,127;-93,127;-94,130;-93,129;-94,128;-93,128;-94,126;-93,126;-92,126;-92,128;-92,130;-92,127;-92,129
-91,-76
-92,-75
-92,-76
-92,-77
-91,-77
-91,-75
-90,-81
-91,-22
-90,110;-88,109;-89,111;-90,111;-89,108;-88,108;-90,109;-89,109;-90,108;-89,110;-88,111;-88,110
-89,-85;-88,-86;-87,-84;-87,-86;-89,-86;-87,-85;-89,-84;-88,-84;-88,-85
-88,-20
-82,84;-83,83;-82,85;-85,83;-85,86;-84,84;-82,86;-83,85;-82,83;-84,86;-84,83;-83,86;-85,85;-83,84;-84,85;-85,84
-79,-63
-76,-28
-75,-150;-75,-149;-74,-149;-74,-150
-73,36;-72,35;-72,36
-73,-150;-73,-149;-72,-150;-72,-149
-71,-119;-70,-118;-70,-119;-71,-118;-69,-118;-69,-119
-71,-150;-71,-149;-70,-150;-70,-149
-57,-58;-59,-58;-59,-57;-57,-59;-59,-59;-57,-57;-60,-58;-56,-57;-60,-59;-58,-58;-60,-56;-58,-59;-57,-56;-59,-56;-58,-57;-60,-57;-58,-56;-56,-58;-56,-59;-56,-56
-71,84;-71,85;-70,84;-70,85
-69,-149;-69,-150;-68,-149;-68,-150
-69,31;-68,29;-67,31;-65,31;-63,31;-68,28;-62,31;-65,30;-66,29;-62,28;-69,28;-69,29;-68,31;-62,30;-64,29;-63,28;-67,28;-61,29;-65,29;-64,28;-67,29;-61,28;-64,31;-63,30;-69,30;-66,30;-66,31;-63,29;-68,30;-67,30;-62,29;-61,31;-66,28;-65,28;-61,30;-64,30
-65,-125
-61,46;-62,45;-61,45
-54,46;-54,47;-53,47;-53,48;-53,46;-56,46;-56,47;-56,48;-55,46;-55,48;-55,47;-54,48
-55,-127
-54,100
-52,-98
-52,147;-47,147;-49,147;-50,147;-48,147;-51,147
-53,21;-53,20
-53,91
-50,149;-49,149
-39,-3;-38,-3;-37,-3;-36,-3
-37,7;-37,8;-37,9
-36,26;-37,26
-32,-3
-27,85;-25,82;-26,80;-26,84;-25,80;-29,83;-28,84;-28,80;-24,83;-24,84;-24,85;-26,83;-24,80;-27,83;-26,81;-26,82;-24,82;-28,82;-29,85;-24,81;-29,81;-28,81;-27,82;-29,80;-28,83;-26,85;-29,84;-27,80;-25,83;-29,82;-28,85;-25,81;-27,81;-27,84;-25,84;-25,85
-30,146
-27,144;-28,144
-23,109;-23,110;-23,107;-22,108;-22,107;-23,106;-23,108;-22,106;-22,109;-22,110;-21,106;-21,110;-21,108;-21,109;-21,107;-19,107;-20,106;-20,108;-20,110;-19,109;-19,106;-19,110;-20,109;-19,108;-20,107;-18,107;-18,109;-18,106;-18,108;-18,110
-26,27;-27,28;-27,27;-26,28
-24,1
-22,37
-18,140;-18,142;-18,141;-17,142;-17,141;-17,140;-16,141;-16,142;-16,140
-8,146;-8,145;-8,144;-8,147;-8,150;-8,148;-8,149;-7,150;-7,149;-6,149;-6,146;-7,144;-7,145;-7,148;-6,145;-7,146;-6,148;-6,150;-6,144;-6,147;-7,147;-5,149;-3,144;-5,144;-5,150;-3,149;-4,145;-3,145;-3,146;-3,147;-5,147;-3,148;-4,149;-3,150;-5,146;-4,148;-4,150;-4,147;-4,146;-4,144;-5,145;-5,148;-2,144;-2,149;-2,145;-2,146;-1,149;-2,147;-1,144;-1,145;-1,150;-2,150;-2,148;-1,146;-1,148;-1,147
-1,-34;-4,-35;-2,-35;-4,-34;-1,-35;-2,-34;-3,-35;-3,-34
-2,-122
2,16;5,17;4,18;4,16;5,18;2,18;2,17;3,17;3,18;3,16;5,16;4,17
2,65;3,65
14,146;12,147;13,148;14,149;15,145;11,147;11,148;14,145;11,146;14,148;15,149;13,149;15,148;12,145;12,148;13,147;12,149;13,146;15,147;12,146;11,145;14,147;13,145;15,146;11,149
12,-112;12,-111;13,-112;13,-111
15,-117;16,-117;17,-117
17,-145
18,-122
20,106;22,108;23,109;20,109;21,105;22,106;23,108;25,105;20,108;23,106;23,107;25,106;20,110;21,109;21,110;24,106;19,109;23,110;25,109;20,105;21,106;22,107;25,110;21,108;22,109;19,105;19,107;22,105;24,105;24,107;25,107;22,110;23,105;20,107;19,108;24,108;24,110;21,107;24,109;25,108;19,106;19,110
20,-119;20,-120;20,-118
24,78;26,80;25,76;26,77;24,79;27,81;23,79;23,76;27,82;24,81;25,78;25,79;25,75;26,81;26,75;27,79;28,80;23,82;23,75;25,80;24,75;27,78;27,76;23,77;24,77;26,76;24,82;25,81;25,77;28,79;23,80;24,80;25,82;27,75;28,82;23,81;26,79;26,78;27,77;28,81;26,82;28,78;23,78;24,76;27,80
31,79
36,81;36,80;35,81;35,80
35,-66
37,-114
40,-83;39,-80;40,-82;40,-80;39,-83;39,-81;39,-82;40,-81
40,-71;41,-71
41,-70
40,-70
38,103
44,140;45,140;44,141;45,141
49,-41;47,-40;48,-41;48,-40;47,-41;49,-40
54,-3;54,-4;55,-3;54,-2;55,-2;55,-4;56,-4;56,-3;56,-2
55,-1
54,-1
63,-112
64,-111
66,-111
62,-112
61,-112
61,-111
63,-111
62,-111
65,-111
66,-112
65,30;64,31;64,30;65,31;66,30;66,31
65,-124
67,-2;66,-1;66,-2;67,-1
71,-128;71,-129
78,-105
84,-129
88,-129
95,1
95,2
94,1
94,2
96,-131;96,-132;98,-132;97,-131;98,-131;97,-132
98,-105;99,-105
99,37;99,38;100,37;102,37;102,36;100,36;101,36;101,37;99,36;100,38;101,38;102,38
99,-131;99,-130;100,-130;100,-131
103,-108
102,-121;102,-122;102,-120;102,-119;102,-118;103,-122;104,-122;103,-119;104,-121;104,-119;103,-118;104,-120;104,-118;103,-121;103,-120;106,-118;106,-120;105,-121;106,-121;105,-120;106,-122;105,-122;105,-119;105,-118;106,-119
102,-108;101,-109;101,-108;102,-109
103,-110
102,-110
103,-109
101,-110
110,40
116,-26;118,-25;118,-26;121,-26;120,-25;120,-27;117,-26;117,-27;119,-27;120,-26;117,-25;119,-25;121,-27;119,-26;118,-27;121,-25
124,-122;123,-122
124,-15
124,46;124,48;124,53;124,50;124,47;125,44;124,42;124,45;124,51;124,43;125,48;125,51;125,54;124,44;124,49;125,43;125,45;125,52;125,42;124,52;125,49;124,54;125,46;124,55;125,41;125,53;125,47;125,50;125,55;126,51;127,45;128,48;128,50;131,45;131,50;127,53;126,43;130,47;130,49;126,55;130,45;132,44;127,44;127,49;129,49;128,46;131,44;131,47;132,45;132,47;130,46;126,45;126,48;130,50;131,49;126,54;127,52;127,54;126,47;126,44;126,46;127,41;127,43;132,49;127,48;131,46;131,48;132,46;132,50;127,51;127,46;128,44;128,47;126,41;129,47;129,48;126,53;127,50;128,49;129,45;126,49;127,47;129,44;130,44;132,48;126,42;126,50;129,46;130,48;127,42;128,45;129,50;126,52;127,55;129,43;129,51;129,55;128,52;129,52;128,54;128,41;128,43;129,54;128,51;128,53;128,42;128,55;129,42;129,53;129,41;131,52;131,53;132,42;130,52;131,42;132,52;131,41;130,51;130,53;131,43;132,51;132,55;130,42;130,55;132,54;130,43;131,51;132,43;132,53;131,55;130,41;130,54;131,54;132,41;133,50;133,44;133,46;133,48;133,49;133,43;133,51;133,41;133,47;133,52;133,42;133,55;133,53;133,54;133,45
129,132;130,131;132,131;129,133;132,133;129,130;129,131;130,130;130,133;132,130;131,133;132,132;130,132;131,130;131,131;131,132
139,-142;137,-141;139,-141;136,-143;136,-144;137,-142;138,-142;137,-144;137,-143;136,-142;136,-141;138,-141
136,-10;135,-11;137,-10;135,-10;138,-11;136,-11;138,-10;137,-11
136,131;137,132;137,133;136,132;137,131;136,133;138,132;138,133;138,131
147,61;147,62;147,63;148,60;149,65;145,65;146,61;145,64;148,61;149,63;145,62;147,60;145,60;146,65;149,64;147,65;149,61;148,63;149,60;146,60;147,64;145,63;145,61;146,62;148,62;148,64;146,64;148,65;149,62;146,63
149,92;149,91;149,93;150,91;150,92
148,-35
149,-147