-142,72;-146,71;-141,71;-149,70;-142,68;-139,68;-145,66;-148,65;-145,65;-142,65;-144,64;-145,72;-141,72;-150,70;-150,69;-145,67;-140,72;-139,72;-139,70;-146,66;-140,65;-147,64;-146,64;-140,64;-149,72;-146,72;-143,71;-140,71;-148,70;-146,70;-149,64;-148,69;-143,69;-147,68;-140,68;-147,67;-147,66;-141,65;-148,72;-143,72;-150,71;-140,70;-146,69;-139,69;-143,67;-141,66;-146,65;-147,70;-145,69;-140,66;-141,64;-147,71;-145,71;-139,66;-150,65;-144,65;-147,72;-142,71;-143,68;-150,66;-148,66;-150,64;-144,69;-140,69;-150,67;-142,69;-150,68;-144,68;-141,68;-149,66;-139,65;-145,64;-142,64;-139,64;-144,72;-146,67;-142,67;-140,67;-142,66;-148,64;-143,64;-150,72;-141,70;-149,69;-147,69;-144,67;-149,65;-149,71;-148,71;-144,71;-145,70;-148,67;-141,67;-139,67;-144,66;-143,66;-147,65;-144,70;-142,70;-148,68;-146,68;-149,67;-139,71;-143,70;-141,69;-149,68;-145,68;-143,65
-149,126;-149,129;-149,130;-149,128;-149,127;-150,130;-150,126;-150,127;-150,128;-150,129
-147,-21
-122,-116;-123,-118;-122,-118;-121,-118;-123,-117;-121,-116;-121,-117;-123,-116;-120,-117;-120,-116;-122,-117;-120,-118
-131,-117;-130,-118;-130,-116;-129,-116;-127,-118;-127,-112;-124,-113;-129,-114;-131,-115;-127,-115;-125,-115;-125,-118;-124,-118;-130,-117;-126,-117;-126,-118;-130,-112;-130,-113;-130,-114;-126,-115;-128,-117;-125,-113;-129,-115;-124,-115;-131,-111;-128,-112;-126,-112;-131,-116;-128,-118;-129,-113;-131,-114;-127,-114;-127,-116;-125,-116;-131,-118;-130,-111;-125,-112;-131,-113;-126,-116;-129,-117;-127,-117;-128,-111;-129,-112;-128,-113;-126,-113;-124,-116;-129,-111;-128,-114;-128,-115;-129,-118;-126,-111;-128,-116;-124,-117;-124,-111;-124,-112;-126,-114;-125,-114;-130,-115;-125,-117;-127,-111;-125,-111;-131,-112;-127,-113;-124,-114
-116,132;-121,134;-115,135;-122,135;-119,132;-117,134;-120,134;-119,137;-118,132;-120,132;-117,135;-120,136;-117,132;-121,133;-124,134;-119,136;-122,137;-118,133;-122,134;-117,136;-122,132;-123,132;-117,133;-123,133;-119,135;-116,134;-118,134;-117,137;-121,137;-121,132;-115,132;-116,133;-124,135;-118,136;-119,133;-122,133;-124,133;-122,136;-120,137;-120,133;-121,135;-123,134;-124,132;-115,134;-120,135;-121,136;-118,137;-118,135;-119,134;-123,135;-115,133;-116,135
-119,-43;-120,-43
-120,20;-120,21;-119,21;-119,20
-112,21
-101,90;-102,90;-97,90;-100,90;-94,90;-93,90;-92,90;-98,90;-99,90;-96,90;-95,90;-100,86;-97,83;-100,84;-100,85;-96,83;-95,83;-100,83;-100,91;-100,93;-100,92;-101,84;-101,91;-102,85;-102,86;-101,93;-101,83;-102,93;-101,85;-102,83;-102,84;-101,86;-101,92;-102,91;-102,92;-97,84;-94,84;-98,83;-93,84;-99,88;-98,87;-99,87;-98,89;-96,84;-95,84;-94,83;-98,91;-99,89;-98,88;-99,92;-99,93;-92,83;-99,86;-98,93;-99,83;-98,92;-99,84;-98,84;-99,91;-93,83;-99,85;-98,85;-98,86;-92,84;-96,86;-97,91;-96,92;-97,87;-97,92;-96,87;-97,89;-97,93;-96,89;-97,86;-96,91;-96,93;-97,85;-96,85;-96,88;-97,88;-95,91;-95,85;-95,86;-95,87;-95,88;-95,89;-95,93;-95,92;-94,91;-93,91;-93,93;-94,93;-93,85;-93,86;-94,85;-94,86;-93,92;-94,92;-92,85;-92,93;-92,92;-92,91;-92,86
-111,-43
-110,-32
-109,-95
-106,-94
-107,-24
-104,-95
-103,-98
-95,34;-96,36;-96,35;-97,36;-97,35;-97,34;-95,35;-96,34;-95,36
-101,40;-102,40;-102,39;-102,41;-101,41;-101,39
-99,40;-98,41;-100,40;-99,41;-100,41;-98,40
-102,35;-102,38;-102,37;-102,34;-102,36
-101,-98
-101,-97
-100,-150
-99,99;-98,99;-99,100;-98,101;-99,102;-99,101;-98,100;-98,102;-98,98;-99,98;-97,99;-97,100;-96,98;-97,102;-96,99;-97,101;-96,101;-97,98;-96,102;-96,100;-95,101;-95,99;-95,100;-95,98;-95,102
-89,-18
-87,-81
-88,-20
-86,-28
-82,84;-83,83;-82,85;-85,83;-85,86;-84,84;-82,86;-83,85;-82,83;-84,86;-84,83;-83,86;-85,85;-83,84;-84,85;-85,84
-70,-100
-69,-20
-69,-139
-67,-110;-67,-111;-67,-109;-65,-109;-66,-110;-65,-110;-65,-108;-66,-109;-65,-111;-64,-109;-64,-110;-64,-111
-67,-114;-66,-114
-67,110
-60,3;-60,7;-62,7;-60,2;-60,8;-62,2;-61,4;-61,9;-60,5;-61,1;-61,6;-62,5;-61,8;-62,4;-61,3;-62,6;-61,5;-61,7;-62,3;-60,4;-60,1;-62,9;-62,1;-61,2;-60,6;-62,8;-60,9;-58,1;-58,3;-58,2;-58,8;-57,3;-59,3;-59,7;-59,4;-59,8;-58,4;-57,2;-57,6;-59,2;-58,5;-57,8;-58,6;-58,9;-59,9;-59,5;-59,6;-57,9;-57,1;-57,4;-57,7;-58,7;-59,1;-57,5;-56,1
-62,-125
-58,125
-58,126
-56,126
-57,125
-57,126
-56,125
-55,126
-55,125
-40,-59
-36,-6
-34,-104
-27,85;-25,82;-26,80;-26,84;-25,80;-29,83;-28,84;-28,80;-24,83;-24,84;-24,85;-26,83;-24,80;-27,83;-26,81;-26,82;-24,82;-28,82;-29,85;-24,81;-29,81;-28,81;-27,82;-29,80;-28,83;-26,85;-29,84;-27,80;-25,83;-29,82;-28,85;-25,81;-27,81;-27,84;-25,84;-25,85
-29,-107;-30,-107
-31,140;-32,140
-28,-45
-25,66
-19,145;-19,144;-19,150;-19,148;-19,147;-19,149;-19,143;-19,146;-18,144;-18,143;-18,145;-18,147;-18,146;-18,150;-18,148;-17,149;-17,143;-17,145;-17,148;-17,150;-17,147;-17,146;-17,144;-18,149;-15,147;-13,147;-13,148;-13,146;-14,148;-13,150;-15,148;-14,147;-14,146;-16,145;-12,147;-12,146;-14,150;-16,146;-16,150;-16,149;-15,146;-16,143;-15,150;-15,149;-14,149;-13,149;-16,144;-12,149;-16,147;-12,150;-16,148;-12,148;-15,145;-14,144;-15,144;-15,143;-14,145;-14,143;-13,144;-12,143;-12,145;-12,144;-13,145;-13,143
-18,4
-14,33;-14,34
-11,-126
-13,68
-9,-85;-9,-81;-9,-77;-7,-91;-7,-90;-7,-85;-9,-89;-9,-80;-9,-76;-8,-89;-8,-75;-9,-91;-9,-90;-9,-84;-8,-73;-7,-82;-6,-87;-9,-74;-8,-91;-8,-88;-7,-78;-7,-77;-6,-86;-8,-90;-8,-72;-7,-73;-9,-75;-7,-87;-9,-73;-7,-84;-7,-83;-7,-76;-6,-81;-8,-86;-8,-85;-8,-80;-6,-88;-6,-83;-6,-79;-9,-86;-9,-78;-8,-82;-8,-77;-7,-88;-7,-74;-7,-86;-7,-79;-7,-75;-9,-82;-9,-79;-7,-72;-9,-88;-9,-83;-8,-81;-8,-78;-6,-91;-6,-82;-8,-84;-8,-79;-8,-74;-7,-89;-7,-81;-7,-80;-9,-72;-6,-90;-6,-89;-6,-85;-9,-87;-8,-87;-8,-83;-8,-76;-6,-84;-6,-80;-6,-78;-6,-77;-6,-75;-5,-87;-6,-74;-5,-82;-4,-82;-4,-81;-4,-78;-3,-85;-2,-77;-1,-79;0,-86;1,-91;2,-72;3,-80;5,-73;6,-82;6,-73;7,-76;8,-89;9,-86;9,-82;10,-72;-6,-76;-5,-84;-5,-79;-5,-76;-4,-84;-3,-74;-2,-91;-2,-87;-2,-86;-1,-90;-1,-86;-1,-77;-1,-73;0,-85;1,-80;1,-76;2,-91;3,-79;3,-76;3,-72;4,-90;4,-78;4,-77;4,-75;5,-89;5,-84;7,-75;7,-73;8,-73;9,-91;10,-80;-5,-88;-3,-84;0,-81;0,-80;0,-74;1,-89;1,-73;2,-83;3,-86;3,-82;4,-88;7,-81;8,-85;9,-79;-5,-86;-4,-89;-4,-80;0,-87;1,-87;5,-91;5,-87;5,-86;5,-74;6,-89;6,-86;6,-84;6,-75;7,-86;7,-79;8,-75;10,-85;10,-74;-6,-73;-5,-91;-5,-72;-4,-76;-2,-82;-1,-87;-1,-80;0,-90;0,-79;0,-77;1,-88;1,-77;2,-87;2,-74;4,-89;5,-82;6,-87;6,-80;6,-77;7,-89;7,-83;8,-83;9,-73;10,-90;-5,-90;-5,-81;-3,-78;0,-73;1,-86;1,-83;3,-77;4,-74;4,-72;6,-74;7,-84;8,-91;8,-78;10,-79;10,-77;-3,-90;-2,-83;-2,-81;-1,-83;3,-84;5,-85;5,-80;5,-79;5,-78;6,-72;8,-77;9,-83;9,-78;-4,-86;-6,-72;-4,-77;-4,-73;-4,-72;-3,-80;-2,-85;-2,-79;-2,-76;-2,-75;-2,-73;-1,-89;0,-89;2,-88;2,-84;2,-77;2,-76;3,-75;4,-86;4,-84;4,-76;6,-76;7,-87;8,-80;8,-79;8,-76;9,-84;9,-75;10,-89;-5,-89;-5,-75;-5,-77;-5,-85;-5,-83;-4,-83;-4,-79;-3,-82;-3,-75;-2,-78;-1,-91;2,-89;2,-78;3,-85;3,-78;4,-82;4,-81;6,-79;7,-90;7,-80;8,-72;10,-84;10,-82;-3,-91;-4,-88;-4,-87;-4,-74;-3,-83;-3,-79;-3,-77;-2,-90;-1,-75;0,-75;0,-72;1,-82;1,-74;3,-90;3,-88;3,-74;4,-87;4,-80;5,-90;5,-81;5,-75;5,-72;6,-91;8,-81;9,-85;-1,-88;-1,-85;-1,-74;0,-82;1,-84;4,-83;6,-88;8,-87;10,-75;10,-73;-4,-85;-3,-88;-3,-87;-3,-81;-3,-72;-1,-84;-1,-82;-1,-72;1,-81;1,-75;2,-86;2,-73;3,-89;6,-90;6,-81;7,-88;7,-72;-5,-78;-3,-73;-2,-72;-1,-81;-1,-78;0,-83;0,-76;1,-79;2,-79;3,-83;3,-73;5,-76;6,-85;7,-91;7,-78;8,-74;9,-87;9,-80;10,-87;-4,-90;-2,-88;0,-84;0,-78;1,-85;5,-88;6,-78;7,-82;7,-77;7,-74;8,-88;8,-84;10,-78;-5,-80;-5,-73;-5,-74;-4,-75;-3,-89;-3,-86;-2,-89;1,-90;1,-72;2,-82;2,-80;2,-75;3,-87;4,-85;4,-79;4,-73;5,-83;5,-77;7,-85;8,-86;8,-82;9,-90;9,-89;9,-88;9,-81;10,-88;10,-86;10,-76;-4,-91;-3,-76;-2,-84;-2,-80;-2,-74;-1,-76;0,-91;0,-88;1,-78;2,-90;2,-85;2,-81;3,-91;3,-81;4,-91;6,-83;8,-90;9,-77;9,-76;9,-74;9,-72;10,-91;10,-83;10,-81
2,16;5,17;4,18;4,16;5,18;2,18;2,17;3,17;3,18;3,16;5,16;4,17
10,-45
14,146;12,147;13,148;14,149;15,145;11,147;11,148;14,145;11,146;14,148;15,149;13,149;15,148;12,145;12,148;13,147;12,149;13,146;15,147;12,146;11,145;14,147;13,145;15,146;11,149
13,11;15,12;14,11;14,12
23,-140;23,-139;24,-139;24,-140
31,-95
31,79
36,-10
35,-9
35,-10
36,-9
42,103
42,96;42,97
44,140;45,140;44,141;45,141
49,-41;47,-40;48,-41;48,-40;47,-41;49,-40
48,-46;47,-45;48,-44;49,-45;48,-43;47,-46;47,-44;47,-43;49,-46;48,-45;49,-44;49,-43
48,-61
71,53;57,59;57,61;69,52;65,54;56,63;70,67;62,52;67,52;68,52;61,54;63,54;71,59;57,60;71,61;70,62;63,69;70,52;65,53;67,53;71,57;57,63;56,64;56,54;64,54;57,62;71,64;61,52;66,52;71,56;71,58;71,63;60,69;60,52;56,53;64,53;71,68;57,69;62,53;66,53;56,69;60,53;59,54;62,54;66,54;70,56;70,64;71,65;71,67;63,53;56,60;70,60;70,65;71,52;70,59;63,52;60,54;70,58;57,64;61,53;71,54;71,62;70,66;71,66;59,69;67,54;70,57;56,59;56,52;58,54;71,55;71,60;57,52;57,53;57,54;70,61;70,63;58,69;66,69;56,70;59,71;68,71;60,71;65,70;61,71;64,71;65,69;71,69;57,71;62,71;69,71;58,71;64,69;71,71;65,71;67,70;63,70;57,70;58,70;71,70;56,71;70,71;63,71;66,71;67,71;67,69;60,70;66,70;57,57;57,55;56,62;56,55;56,65;56,56;56,58;56,57;56,61;57,58;57,56;57,65;56,66;57,67;57,66;57,68;58,52;59,53;56,67;56,68;59,52;58,53;59,70;61,69;62,69;61,70;62,70;65,52;64,70;64,52;68,69;69,70;70,54;69,69;70,55;68,53;68,54;69,54;70,69;70,68;70,53;69,53;70,70;68,70
61,58;64,60;64,62;59,59;64,64;65,59;64,61;63,59;59,61;59,63;62,64;59,60;63,64;61,65;63,58;63,65;60,59;58,61;60,65;60,58;61,59;58,64;59,64;65,64;58,62;62,58;58,59;64,59;64,63;60,64;61,64;62,59;59,62;62,65;59,58;58,58;58,63;59,65;58,60;58,65;61,60;60,61;63,62;63,61;61,62;60,62;62,60;62,63;61,61;63,63;62,61;62,62;63,60;60,63;60,60;61,63;65,61;64,65;65,62;64,58;65,65;65,60;65,63;65,58
60,57;63,57;63,55;63,56;60,55;60,56;58,55;59,55;58,57;59,57;59,56;58,56;62,57;61,57;61,55;62,56;62,55;61,56;64,56;65,56;64,57;65,55;64,55;65,57
63,-112
62,-27;62,-26;61,-27;61,-26
61,-129;61,-128;62,-128;62,-129
64,-111
66,-111
62,-112;61,-112;61,-111;62,-111
61,-126;61,-124;61,-125
63,-111
65,-111
66,-112
69,-143
68,-2
77,-101;77,-102
78,-105
82,-142;83,-144;81,-141;83,-143;82,-144;81,-144;84,-143;85,-142;82,-143;81,-143;83,-142;84,-144;85,-143;83,-141;85,-141;81,-142;82,-141;85,-144;84,-141;84,-142
87,-130
96,-131;96,-132;98,-132;97,-131;98,-131;97,-132
96,-112
99,37;99,38;100,37;102,37;102,36;100,36;101,36;101,37;99,36;100,38;101,38;102,38
116,-26;118,-25;118,-26;121,-26;120,-25;120,-27;117,-26;117,-27;119,-27;120,-26;117,-25;119,-25;121,-27;119,-26;118,-27;121,-25
118,-100
124,46;124,48;124,53;124,50;124,47;125,44;124,42;124,45;124,51;124,43;125,48;125,51;125,54;124,44;124,49;125,43;125,45;125,52;125,42;124,52;125,49;124,54;125,46;124,55;125,41;125,53;125,47;125,50;125,55;126,51;127,45;128,48;128,50;131,45;131,50;127,53;126,43;130,47;130,49;126,55;130,45;132,44;127,44;127,49;129,49;128,46;131,44;131,47;132,45;132,47;130,46;126,45;126,48;130,50;131,49;126,54;127,52;127,54;126,47;126,44;126,46;127,41;127,43;132,49;127,48;131,46;131,48;132,46;132,50;127,51;127,46;128,44;128,47;126,41;129,47;129,48;126,53;127,50;128,49;129,45;126,49;127,47;129,44;130,44;132,48;126,42;126,50;129,46;130,48;127,42;128,45;129,50;126,52;127,55;129,43;129,51;129,55;128,52;129,52;128,54;128,41;128,43;129,54;128,51;128,53;128,42;128,55;129,42;129,53;129,41;131,52;131,53;132,42;130,52;131,42;132,52;131,41;130,51;130,53;131,43;132,51;132,55;130,42;130,55;132,54;130,43;131,51;132,43;132,53;131,55;130,41;130,54;131,54;132,41;133,50;133,44;133,46;133,48;133,49;133,43;133,51;133,41;133,47;133,52;133,42;133,55;133,53;133,54;133,45
126,-5
125,-5
129,132;130,131;132,131;129,133;132,133;129,130;129,131;130,130;130,133;132,130;131,133;132,132;130,132;131,130;131,131;131,132
131,40
137,-2;138,-3;137,-3;138,-2
142,-3;146,-7;149,-7;141,-10;144,-2;145,-5;146,-5;148,-10;142,-8;142,-10;146,-10;149,-9;149,-11;140,-3;140,-6;141,-11;144,-11;146,-3;147,-2;148,-9;140,-8;141,-5;141,-9;143,-4;143,-9;144,-5;144,-6;148,-2;140,-10;141,-6;143,-10;145,-7;147,-5;147,-9;149,-4;149,-10;140,-2;141,-8;142,-9;143,-6;147,-3;149,-3;149,-8;140,-7;144,-7;146,-6;147,-6;141,-2;143,-7;140,-4;141,-7;144,-3;145,-4;147,-11;148,-4;149,-6;145,-9;145,-10;146,-9;148,-11;149,-2;142,-7;143,-8;145,-8;146,-8;140,-5;140,-9;141,-4;142,-4;143,-5;144,-4;144,-8;145,-3;145,-6;146,-4;146,-11;147,-10;148,-6;143,-2;145,-11;148,-7;142,-5;142,-11;143,-3;143,-11;144,-10;146,-2;147,-4;147,-7;148,-3;140,-11;142,-6;145,-2;147,-8;148,-8;141,-3;142,-2;144,-9;148,-5;149,-5
147,61;147,62;147,63;148,60;149,65;145,65;146,61;145,64;148,61;149,63;145,62;147,60;145,60;146,65;149,64;147,65;149,61;148,63;149,60;146,60;147,64;145,63;145,61;146,62;148,62;148,64;146,64;148,65;149,62;146,63
149,-92
150,72;150,67;150,73;151,72;152,70;157,65;157,67;152,72;153,72;154,66;155,70;155,71;155,72;156,63;156,65;157,72;158,64;158,70;160,67;160,70;151,71;153,63;153,67;155,64;151,63;158,73;159,72;160,64;160,68;150,63;150,71;151,64;158,63;159,66;160,73;150,68;152,68;154,64;154,73;156,70;158,71;159,64;159,65;160,69;150,65;151,66;152,67;153,65;154,72;157,63;159,67;160,63;151,70;152,64;153,69;157,68;158,67;159,69;150,64;154,65;154,69;155,66;155,67;156,72;158,69;159,70;160,65;151,67;154,63;154,68;152,63;152,71;153,64;155,65;156,69;157,69;158,66;159,71;160,66;150,69;151,68;152,73;153,66;153,73;155,63;155,68;156,67;156,68;158,72;160,71;150,70;153,68;155,73;156,73;158,65;159,63;151,65;154,67;154,70;155,69;157,64;157,73;150,66;151,69;152,65;152,69;153,70;154,71;156,64;156,66;157,70;159,68;159,73;160,72;151,73;152,66;153,71;156,71;157,66;157,71;158,68