-148,120
-144,87
-116,132;-121,134;-115,135;-122,135;-119,132;-117,134;-120,134;-119,137;-118,132;-120,132;-117,135;-120,136;-117,132;-121,133;-124,134;-119,136;-122,137;-118,133;-122,134;-117,136;-122,132;-123,132;-117,133;-123,133;-119,135;-116,134;-118,134;-117,137;-121,137;-121,132;-115,132;-116,133;-124,135;-118,136;-119,133;-122,133;-124,133;-122,136;-120,137;-120,133;-121,135;-123,134;-124,132;-115,134;-120,135;-121,136;-118,137;-118,135;-119,134;-123,135;-115,133;-116,135
-123,148;-121,149;-123,147;-120,146;-124,148;-123,149;-124,146;-123,144;-122,146;-120,148;-124,149;-122,145;-121,144;-121,145;-120,149;-122,148;-121,148;-120,144;-124,150;-121,146;-124,147;-123,146;-120,147;-122,147;-121,147;-123,145;-122,149;-122,144;-124,145;-120,145;-124,144;-123,150;-121,150;-122,150;-120,150;-119,144;-118,144;-118,149;-118,148;-118,146;-119,145;-119,148;-119,150;-119,146;-118,147;-119,149;-118,145;-118,150;-119,147
-123,143;-123,141;-123,140;-123,142;-122,140;-122,141;-122,142;-120,140;-121,142;-121,143;-122,143;-121,140;-121,141;-120,141;-120,143;-120,142
-106,132;-108,136;-110,132;-107,134;-109,136;-106,136;-111,135;-105,131;-105,135;-106,137;-108,133;-109,132;-108,137;-109,131;-111,137;-109,133;-105,137;-107,137;-110,133;-111,136;-107,131;-110,136;-110,137;-111,133;-107,133;-107,135;-107,136;-108,131;-108,132;-109,135;-109,137;-111,132;-111,134;-105,132;-106,135;-110,131;-110,135;-105,133;-106,134;-105,134;-106,131;-108,134;-109,134;-110,134;-111,131;-107,132;-105,136;-106,133;-108,135
-109,-93
-104,134;-104,136;-101,138;-104,135;-98,134;-99,138;-98,132;-103,137;-101,136;-98,136;-100,132;-102,137;-100,138;-103,133;-103,135;-102,134;-100,135;-98,135;-103,134;-103,136;-98,138;-104,133;-102,135;-102,136;-99,137;-104,138;-101,134;-100,136;-99,134;-98,137;-103,132;-102,133;-103,138;-101,132;-101,135;-101,137;-100,137;-99,133;-104,132;-104,137;-102,132;-99,135;-102,138;-100,133;-99,132;-101,133;-100,134;-99,136;-98,133
-102,-97;-103,-97
-100,127;-101,126;-99,128;-101,127;-100,128;-99,129;-100,129;-99,126;-100,126;-99,127;-101,128;-102,126;-102,128;-101,129;-102,127;-102,129
-99,99;-98,99;-99,100;-98,101;-99,102;-99,101;-98,100;-98,102;-98,98;-99,98;-97,99;-97,100;-96,98;-97,102;-96,99;-97,101;-96,101;-97,98;-96,102;-96,100;-95,101;-95,99;-95,100;-95,98;-95,102
-96,112;-93,112;-96,111;-94,111;-92,111;-95,111;-95,110;-92,112;-93,111;-95,112;-94,110;-93,110;-92,110;-94,112;-96,110;-93,108;-95,108;-94,108;-92,109;-94,109;-93,109;-96,109;-95,109;-96,108;-92,108
-91,-76;-92,-75;-92,-76;-92,-77;-91,-77;-91,-75
-89,-85;-88,-86;-87,-84;-87,-86;-89,-86;-87,-85;-89,-84;-88,-84;-88,-85
-88,-20
-82,84;-83,83;-82,85;-85,83;-85,86;-84,84;-82,86;-83,85;-82,83;-84,86;-84,83;-83,86;-85,85;-83,84;-84,85;-85,84
-81,60;-80,60;-80,59;-81,59
-75,72;-75,74;-80,76;-76,78;-78,76;-75,76;-75,75;-79,76;-80,77;-75,73;-76,76;-80,78;-75,77;-80,74;-77,76;-80,75;-76,77;-75,71;-75,78
-71,-150;-71,-149;-70,-150;-70,-149
-71,116;-71,117
-51,109
-40,-59
-31,-27
-27,85;-25,82;-26,80;-26,84;-25,80;-29,83;-28,84;-28,80;-24,83;-24,84;-24,85;-26,83;-24,80;-27,83;-26,81;-26,82;-24,82;-28,82;-29,85;-24,81;-29,81;-28,81;-27,82;-29,80;-28,83;-26,85;-29,84;-27,80;-25,83;-29,82;-28,85;-25,81;-27,81;-27,84;-25,84;-25,85
-21,148
-15,-114
-8,0;-6,-9;-6,-8;-6,-2;-6,2;-5,7;-4,2;-4,7;-3,2;-3,3;-3,8;-3,9;-2,-7;-2,-2;-9,-9;-9,8;-7,-3;-6,1;-6,5;-6,6;-5,-9;-5,-5;-5,-4;-4,-8;-4,-2;-4,5;-9,-7;-8,2;-8,4;-7,-9;-6,-5;-6,0;-5,-7;-5,5;-5,9;-4,-1;-3,-6;-2,-1;-9,-6;-9,9;-8,9;-5,6;-9,4;-7,8;-5,2;-4,-5;-3,-5;-3,4;-2,-9;-8,-7;-7,6;-6,-4;-4,-3;-4,0;-3,-9;-9,1;-8,-2;-8,5;-8,8;-7,4;-6,-1;-3,0;-3,7;-9,-2;-9,-1;-9,5;-8,-1;-8,3;-8,6;-8,7;-5,-3;-2,-6;-9,-8;-7,-6;-6,-6;-5,4;-3,-7;-3,-1;-3,1;-9,-5;-6,8;-5,-1;-4,-7;-3,5;-9,-3;-8,-6;-8,-3;-7,-7;-7,1;-6,-3;-6,3;-5,-2;-5,1;-4,-6;-4,1;-3,-3;-3,6;-2,-4;-9,-4;-9,7;-8,1;-7,5;-6,4;-5,-8;-4,-9;-4,6;-4,8;-3,-8;-3,-4;-2,0;-9,3;-8,-5;-7,-8;-7,-5;-7,-1;-7,3;-7,7;-5,-6;-5,8;-3,-2;-8,-4;-7,-2;-7,2;-7,9;-6,9;-5,0;-4,-4;-4,9;-2,-5;-9,0;-9,2;-8,-9;-5,3;-2,-3;-9,6;-8,-8;-7,-4;-7,0;-6,-7;-6,7;-4,3;-4,4;-2,-8;-2,5;-1,-2;-1,1;-2,4;-2,3;0,2;1,8;2,-6;3,0;3,9;4,-1;7,2;8,8;9,7;10,-2;1,-7;1,5;2,-4;2,-1;3,-6;3,7;3,8;4,-8;4,0;6,-9;6,-5;6,-2;7,0;8,-9;10,-5;-1,-8;2,-3;2,2;3,-8;3,1;4,-2;4,7;5,-6;5,2;5,3;6,-7;6,0;6,4;6,9;7,-9;7,-2;8,4;9,-6;10,-1;10,5;-1,9;0,-4;2,-2;2,1;2,4;4,-7;5,-2;6,2;6,8;7,-1;8,0;9,-5;10,3;0,-7;1,-6;1,-4;5,0;9,2;10,4;-1,6;0,9;-1,-9;-1,7;0,8;2,3;3,-3;4,4;4,6;6,7;7,-6;7,-5;8,-8;8,7;9,-7;9,-3;10,-3;10,6;-1,-6;1,-8;1,-5;5,-7;5,-1;6,-4;6,-3;8,5;9,-1;9,9;10,-8;10,0;10,1;-1,-7;-1,4;0,-5;0,-3;1,9;2,0;4,-4;5,8;7,1;7,5;7,9;8,-2;8,6;9,-9;10,-9;10,-4;10,7;-1,3;0,4;0,5;1,1;2,-9;2,5;3,6;4,1;4,5;5,-3;5,5;6,-1;7,-7;7,8;8,-3;8,-1;9,-2;-1,0;-2,7;-1,2;0,-2;3,-4;3,-2;3,2;3,4;4,-3;5,-5;7,-3;9,3;10,9;-2,9;0,-8;1,2;2,-8;5,-9;5,7;7,3;7,6;-1,8;0,6;1,-1;1,0;2,-7;2,9;3,-9;4,-9;5,6;6,-6;6,5;6,6;7,-8;7,-4;7,7;8,-5;8,-4;8,3;9,0;9,4;10,8;-2,6;-1,-5;1,-3;1,4;2,6;4,-5;4,8;4,9;5,-4;5,9;6,3;7,4;8,-7;8,-6;10,2;-2,2;0,-9;0,-6;0,-1;0,3;1,-9;1,-2;1,3;1,7;2,7;2,8;3,-7;3,-1;4,-6;5,1;5,4;-2,1;-1,-3;-1,-1;-1,5;0,0;0,7;1,6;2,-5;3,-5;3,3;3,5;5,-8;6,1;8,1;9,5;9,8;10,-6;-2,8;-1,-4;0,1;4,2;4,3;6,-8;8,2;8,9;9,-8;9,-4;9,1;9,6;10,-7
17,-145
25,-103
55,-42
62,32;63,32;62,31;63,31
84,40
88,46
99,-131;99,-130;100,-130;100,-131
105,50;106,51;106,50;107,50;107,51
111,49;110,50;111,50;110,49
124,46;124,48;124,53;124,50;124,47;125,44;124,42;124,45;124,51;124,43;125,48;125,51;125,54;124,44;124,49;125,43;125,45;125,52;125,42;124,52;125,49;124,54;125,46;124,55;125,41;125,53;125,47;125,50;125,55;126,51;127,45;128,48;128,50;131,45;131,50;127,53;126,43;130,47;130,49;126,55;130,45;132,44;127,44;127,49;129,49;128,46;131,44;131,47;132,45;132,47;130,46;126,45;126,48;130,50;131,49;126,54;127,52;127,54;126,47;126,44;126,46;127,41;127,43;132,49;127,48;131,46;131,48;132,46;132,50;127,51;127,46;128,44;128,47;126,41;129,47;129,48;126,53;127,50;128,49;129,45;126,49;127,47;129,44;130,44;132,48;126,42;126,50;129,46;130,48;127,42;128,45;129,50;126,52;127,55;129,43;129,51;129,55;128,52;129,52;128,54;128,41;128,43;129,54;128,51;128,53;128,42;128,55;129,42;129,53;129,41;131,52;131,53;132,42;130,52;131,42;132,52;131,41;130,51;130,53;131,43;132,51;132,55;130,42;130,55;132,54;130,43;131,51;132,43;132,53;131,55;130,41;130,54;131,54;132,41;133,50;133,44;133,46;133,48;133,49;133,43;133,51;133,41;133,47;133,52;133,42;133,55;133,53;133,54;133,45
142,-3;146,-7;149,-7;141,-10;144,-2;145,-5;146,-5;148,-10;142,-8;142,-10;146,-10;149,-9;149,-11;140,-3;140,-6;141,-11;144,-11;146,-3;147,-2;148,-9;140,-8;141,-5;141,-9;143,-4;143,-9;144,-5;144,-6;148,-2;140,-10;141,-6;143,-10;145,-7;147,-5;147,-9;149,-4;149,-10;140,-2;141,-8;142,-9;143,-6;147,-3;149,-3;149,-8;140,-7;144,-7;146,-6;147,-6;141,-2;143,-7;140,-4;141,-7;144,-3;145,-4;147,-11;148,-4;149,-6;145,-9;145,-10;146,-9;148,-11;149,-2;142,-7;143,-8;145,-8;146,-8;140,-5;140,-9;141,-4;142,-4;143,-5;144,-4;144,-8;145,-3;145,-6;146,-4;146,-11;147,-10;148,-6;143,-2;145,-11;148,-7;142,-5;142,-11;143,-3;143,-11;144,-10;146,-2;147,-4;147,-7;148,-3;140,-11;142,-6;145,-2;147,-8;148,-8;141,-3;142,-2;144,-9;148,-5;149,-5