-150,86;-150,85
-148,81;-148,82;-148,80;-147,80;-146,81;-146,82;-147,81;-147,82;-146,80
-139,-28
-133,5;-132,8;-135,6;-134,5;-131,5;-132,7;-131,8;-135,7;-132,5;-134,6;-134,8;-134,4;-135,4;-133,8;-131,6;-132,6;-135,8;-132,4;-135,5;-131,7;-133,6;-134,7;-133,4;-133,7;-131,4
-135,3
-132,-42
-121,-59
-119,-43;-120,-43
-111,75
-108,37;-110,40;-107,38;-108,41;-108,35;-110,39;-108,40;-109,37;-107,35;-110,41;-110,35;-109,41;-109,39;-110,36;-107,34;-108,39;-108,34;-110,37;-108,38;-109,40;-109,38;-107,37;-108,36;-107,40;-107,39;-107,41;-109,36;-109,34;-110,34;-107,36;-109,35;-110,38;-106,38;-106,39;-104,40;-104,41;-103,36;-106,34;-106,41;-103,37;-105,37;-103,38;-105,36;-106,35;-106,37;-105,35;-105,40;-106,36;-106,40;-103,41;-104,34;-103,39;-105,34;-105,38;-104,37;-104,39;-105,39;-105,41;-103,40;-104,35;-104,36;-104,38;-103,34;-103,35
-105,85
-95,34;-96,36;-96,35;-95,35;-96,34;-95,36
-90,99
-75,-150;-75,-149;-74,-149;-74,-150
-73,-150;-73,-149;-72,-150;-72,-149
-71,116;-71,117
-69,-149;-69,-150;-68,-149;-68,-150
-51,109
-50,126
-48,126
-26,-125
-23,2
-21,33
-21,34
-15,-114
-14,33;-14,34
-8,0;-6,-9;-6,-8;-6,-2;-6,2;-5,7;-4,2;-4,7;-3,2;-3,3;-3,8;-3,9;-2,-7;-2,-2;-9,-9;-9,8;-7,-3;-6,1;-6,5;-6,6;-5,-9;-5,-5;-5,-4;-4,-8;-4,-2;-4,5;-9,-7;-8,2;-8,4;-7,-9;-6,-5;-6,0;-5,-7;-5,5;-5,9;-4,-1;-3,-6;-2,-1;-9,-6;-9,9;-8,9;-5,6;-9,4;-7,8;-5,2;-4,-5;-3,-5;-3,4;-2,-9;-8,-7;-7,6;-6,-4;-4,-3;-4,0;-3,-9;-9,1;-8,-2;-8,5;-8,8;-7,4;-6,-1;-3,0;-3,7;-9,-2;-9,-1;-9,5;-8,-1;-8,3;-8,6;-8,7;-5,-3;-2,-6;-9,-8;-7,-6;-6,-6;-5,4;-3,-7;-3,-1;-3,1;-9,-5;-6,8;-5,-1;-4,-7;-3,5;-9,-3;-8,-6;-8,-3;-7,-7;-7,1;-6,-3;-6,3;-5,-2;-5,1;-4,-6;-4,1;-3,-3;-3,6;-2,-4;-9,-4;-9,7;-8,1;-7,5;-6,4;-5,-8;-4,-9;-4,6;-4,8;-3,-8;-3,-4;-2,0;-9,3;-8,-5;-7,-8;-7,-5;-7,-1;-7,3;-7,7;-5,-6;-5,8;-3,-2;-8,-4;-7,-2;-7,2;-7,9;-6,9;-5,0;-4,-4;-4,9;-2,-5;-9,0;-9,2;-8,-9;-5,3;-2,-3;-9,6;-8,-8;-7,-4;-7,0;-6,-7;-6,7;-4,3;-4,4;-2,-8;-2,5;-1,-2;-1,1;-2,4;-2,3;0,2;1,8;2,-6;3,0;3,9;4,-1;7,2;8,8;9,7;10,-2;1,-7;1,5;2,-4;2,-1;3,-6;3,7;3,8;4,-8;4,0;6,-9;6,-5;6,-2;7,0;8,-9;10,-5;-1,-8;2,-3;2,2;3,-8;3,1;4,-2;4,7;5,-6;5,2;5,3;6,-7;6,0;6,4;6,9;7,-9;7,-2;8,4;9,-6;10,-1;10,5;-1,9;0,-4;2,-2;2,1;2,4;4,-7;5,-2;6,2;6,8;7,-1;8,0;9,-5;10,3;0,-7;1,-6;1,-4;5,0;9,2;10,4;-1,6;0,9;-1,-9;-1,7;0,8;2,3;3,-3;4,4;4,6;6,7;7,-6;7,-5;8,-8;8,7;9,-7;9,-3;10,-3;10,6;-1,-6;1,-8;1,-5;5,-7;5,-1;6,-4;6,-3;8,5;9,-1;9,9;10,-8;10,0;10,1;-1,-7;-1,4;0,-5;0,-3;1,9;2,0;4,-4;5,8;7,1;7,5;7,9;8,-2;8,6;9,-9;10,-9;10,-4;10,7;-1,3;0,4;0,5;1,1;2,-9;2,5;3,6;4,1;4,5;5,-3;5,5;6,-1;7,-7;7,8;8,-3;8,-1;9,-2;-1,0;-2,7;-1,2;0,-2;3,-4;3,-2;3,2;3,4;4,-3;5,-5;7,-3;9,3;10,9;-2,9;0,-8;1,2;2,-8;5,-9;5,7;7,3;7,6;-1,8;0,6;1,-1;1,0;2,-7;2,9;3,-9;4,-9;5,6;6,-6;6,5;6,6;7,-8;7,-4;7,7;8,-5;8,-4;8,3;9,0;9,4;10,8;-2,6;-1,-5;1,-3;1,4;2,6;4,-5;4,8;4,9;5,-4;5,9;6,3;7,4;8,-7;8,-6;10,2;-2,2;0,-9;0,-6;0,-1;0,3;1,-9;1,-2;1,3;1,7;2,7;2,8;3,-7;3,-1;4,-6;5,1;5,4;-2,1;-1,-3;-1,-1;-1,5;0,0;0,7;1,6;2,-5;3,-5;3,3;3,5;5,-8;6,1;8,1;9,5;9,8;10,-6;-2,8;-1,-4;0,1;4,2;4,3;6,-8;8,2;8,9;9,-8;9,-4;9,1;9,6;10,-7
-2,-122
7,111;5,105;6,110;5,107;4,111;5,106;5,108;5,109;7,105;7,107;4,107;6,106;6,107;4,108;6,108;6,109;6,111;5,111;7,108;7,109;7,110;5,110;4,110;4,106;7,106;4,109;6,105
14,146;12,147;13,148;14,149;15,145;11,147;11,148;14,145;11,146;14,148;15,149;13,149;15,148;12,145;12,148;13,147;12,149;13,146;15,147;12,146;11,145;14,147;13,145;15,146;11,149
17,-114
36,86
49,-41;47,-40;48,-41;48,-40;47,-41;49,-40
47,-45;48,-44;49,-45;48,-43;47,-44;47,-43;49,-46;48,-45;49,-44;49,-43
62,32;63,32;62,31;63,31
61,-22
78,54;79,54;79,53;78,53
84,41;84,40;84,42;85,42;85,41;85,40
101,48
111,49;110,50;111,50;110,49
130,-126
131,-126
136,-16
136,-122
136,-123
147,61;147,62;147,63;148,60;149,65;145,65;146,61;145,64;148,61;149,63;145,62;147,60;145,60;146,65;149,64;147,65;149,61;148,63;149,60;146,60;147,64;145,63;145,61;146,62;148,62;148,64;146,64;148,65;149,62;146,63