-150,-87
-150,72;-149,72;-148,72;-147,72;-146,72;-145,72;-144,72;-143,72;-142,72;-141,72;-140,72;-139,72;-150,71;-149,71;-148,71;-147,71;-146,71;-145,71;-144,71;-143,71;-142,71;-141,71;-140,71;-139,71;-150,70;-149,70;-148,70;-147,70;-146,70;-145,70;-144,70;-143,70;-142,70;-141,70;-140,70;-139,70;-150,69;-149,69;-148,69;-147,69;-146,69;-145,69;-144,69;-143,69;-142,69;-141,69;-140,69;-139,69;-150,68;-149,68;-148,68;-147,68;-146,68;-145,68;-144,68;-143,68;-142,68;-141,68;-140,68;-139,68;-150,67;-149,67;-148,67;-147,67;-146,67;-145,67;-144,67;-143,67;-142,67;-141,67;-140,67;-139,67;-150,66;-149,66;-148,66;-147,66;-146,66;-145,66;-144,66;-143,66;-142,66;-141,66;-140,66;-139,66;-150,65;-149,65;-148,65;-147,65;-146,65;-145,65;-144,65;-143,65;-142,65;-141,65;-140,65;-139,65;-150,64;-149,64;-148,64;-147,64;-146,64;-145,64;-144,64;-143,64;-142,64;-141,64;-140,64;-139,64
-150,126;-149,126;-150,127;-149,127;-150,128;-149,128;-150,129;-149,129;-150,130;-149,130
-150,131;-149,131;-150,132;-149,132;-150,133;-149,133;-150,134;-149,134;-150,135;-149,135
-148,-137;-148,-136;-148,-135;-148,-134;-148,-133;-147,-137;-147,-136;-147,-135;-147,-134;-147,-133;-146,-137;-146,-136;-146,-135;-146,-134;-146,-133;-145,-137;-145,-136;-145,-135;-145,-134;-145,-133;-144,-137;-144,-136;-144,-135;-144,-134;-144,-133;-143,-137;-143,-136;-143,-135;-143,-134;-143,-133;-148,-132;-147,-132;-146,-132;-145,-132;-144,-132;-143,-132
-142,-137
-142,-136
-142,-135
-142,-134
-142,-133
-141,-137
-141,-136
-141,-135
-141,-134
-141,-133
-140,-137
-140,-136
-140,-135
-140,-134
-140,-133
-148,-131
-148,-130
-148,-129
-148,-128
-147,-131
-147,-130
-147,-129
-147,-128
-146,-131
-146,-130
-146,-129
-146,-128
-145,-131
-145,-130
-145,-129
-145,-128
-144,-131
-144,-130
-144,-129
-144,-128
-143,-131
-143,-130
-143,-129
-143,-128
-142,-132
-142,-131
-142,-130
-142,-129
-142,-128
-141,-132
-141,-131
-141,-130
-141,-129
-141,-128
-140,-132
-140,-131
-140,-130
-140,-129
-140,-128
-148,126;-147,126;-148,127;-147,127;-148,128;-147,128;-148,129;-147,129;-148,130;-147,130
-148,131;-147,131;-148,132;-147,132;-148,133;-147,133;-148,134;-147,134;-148,135;-147,135
-146,16
-143,-117
-143,-7
-143,19
-142,-150
-138,-116
-138,-40
-131,-33
-126,15
-125,-85
-123,-134;-123,-133;-123,-132;-123,-131;-123,-130;-123,-129;-123,-128;-123,-127;-122,-134;-122,-133;-122,-132;-122,-131;-122,-130;-122,-129;-122,-128;-122,-127;-121,-134;-121,-133;-121,-132;-121,-131;-121,-130;-121,-129;-121,-128;-121,-127;-120,-134;-120,-133;-120,-132;-120,-131;-120,-130;-120,-129;-120,-128;-120,-127;-119,-134;-119,-133;-119,-132;-119,-131;-119,-130;-119,-129;-119,-128;-119,-127;-118,-134;-118,-133;-118,-132;-118,-131;-118,-130;-118,-129;-118,-128;-118,-127;-117,-134;-117,-133;-117,-132;-117,-131;-117,-130;-117,-129;-117,-128;-117,-127;-116,-134;-116,-133;-116,-132;-116,-131;-116,-130;-116,-129;-116,-128;-116,-127
-120,-45
-119,20;-120,20
-119,-150
-119,-59;-119,-58;-118,-59;-118,-58
-119,-45
-115,25;-115,26;-115,27;-114,25;-114,26;-114,27;-113,25;-113,26;-113,27
-111,-44
-109,-32;-110,-32
-109,-26;-109,-27
-108,24
-107,-94
-105,-143;-105,-144;-105,-145;-105,-146;-105,-147;-104,-142;-104,-143;-104,-144;-104,-145;-104,-146;-104,-147;-103,-142;-103,-143;-103,-144;-103,-145;-103,-146;-103,-147;-102,-144;-102,-143;-102,-145;-102,-146;-102,-147
-105,-7;-105,-6;-104,-7;-104,-6
-103,-7;-103,-6
-102,-139;-102,-138;-102,-137;-102,-136;-102,-135;-102,-134;-102,-133;-102,-132;-102,-131;-102,-130;-101,-139;-101,-138;-101,-137;-101,-136;-101,-135;-101,-134;-101,-133;-101,-132;-101,-131;-101,-130;-100,-139;-100,-138;-100,-137;-100,-136;-100,-135;-100,-134;-100,-133;-100,-132;-100,-131;-100,-130;-99,-139;-99,-138;-99,-137;-99,-136;-99,-135;-99,-134;-99,-133;-99,-132;-99,-131;-99,-130;-98,-139;-98,-138;-98,-137;-98,-136;-98,-135;-98,-134;-98,-133;-98,-132;-98,-131;-98,-130;-97,-139;-97,-138;-97,-137;-97,-136;-97,-135;-97,-134;-97,-133;-97,-132;-97,-131;-97,-130;-96,-139;-96,-138;-96,-137;-96,-136;-96,-135;-96,-134;-96,-133;-96,-132;-96,-131;-96,-130;-95,-139;-95,-138;-95,-137;-95,-136;-95,-135;-95,-134;-95,-133;-95,-132;-95,-131;-95,-130;-94,-139;-94,-138;-94,-137;-94,-136;-94,-135;-94,-134;-94,-133;-94,-132;-94,-131;-94,-130;-93,-139;-93,-138;-93,-137;-93,-136;-93,-135;-93,-134;-93,-133;-93,-132;-93,-131;-93,-130
-102,-100;-102,-99;-101,-100;-101,-99
-100,-94
-99,-7;-99,-6;-99,-5;-98,-7;-98,-6;-98,-5
-95,-89;-95,-88;-95,-87;-94,-89;-94,-88;-94,-87
-95,101;-95,102;-95,103;-95,104;-95,105;-94,101;-94,102;-94,103;-94,104;-94,105;-93,101;-93,102;-93,103;-93,104;-93,105;-92,101;-92,102;-92,103;-92,104;-92,105
-93,25;-92,25
-90,-71;-90,-72;-90,-73;-89,-70;-89,-71;-89,-72;-89,-73;-88,-71;-88,-72;-88,-73
-88,-85;-89,-85
-88,-20
-87,-82
-86,-126
-86,-120
-76,-28
-75,-31
-74,-99
-73,41
-71,-130
-71,-119;-71,-118;-70,-118;-70,-119
-71,-107;-70,-107
-57,53;-57,54;-57,55;-57,56;-56,53;-56,54;-56,55;-56,56;-55,53;-55,54;-55,55;-55,56;-54,53;-54,54;-54,55;-54,56;-53,53;-53,54;-53,55;-53,56
-70,112;-70,113;-69,112;-69,113
-69,-142
-69,-139
-69,28;-69,29;-69,30;-69,31;-68,28;-68,29;-68,30;-68,31;-67,28;-67,29;-67,30;-67,31;-66,28;-66,29;-66,30;-66,31;-65,28;-65,29;-65,30;-65,31;-64,28;-64,29;-64,30;-64,31;-63,28;-63,29;-63,30;-63,31;-62,28;-62,29;-62,30;-62,31;-61,28;-61,29;-61,30;-61,31
-66,-114;-67,-114
-67,3
-65,117;-64,117
-65,125
-64,116
-64,125
-63,-128;-62,-128;-61,-128;-63,-129;-62,-129;-61,-129;-63,-130;-62,-130;-61,-130
-61,45;-61,46;-62,45
-62,128;-62,129;-61,128;-61,129
-61,-12
-59,17;-59,16;-59,15;-60,17;-60,16;-60,15;-60,18;-59,18;-57,16;-57,15;-58,16;-58,15;-58,17;-58,18;-57,17;-57,18
-59,128;-58,128;-59,127;-58,127
-56,127;-56,128;-55,127;-55,128
-55,46;-54,46;-53,46;-55,47;-54,47;-53,47;-55,48;-54,48;-53,48;-56,48;-56,47;-56,46
-54,-140
-54,-128
-54,-31
-54,100
-54,125
-54,128;-53,128;-54,127;-53,127
-47,133;-47,134;-47,135;-47,136;-47,137;-46,133;-46,134;-46,135;-46,136;-46,137;-45,133;-45,134;-45,135;-45,136;-45,137;-44,133;-44,134;-44,135;-44,136;-44,137;-43,133;-43,134;-43,135;-43,136;-43,137
-46,7;-45,7;-46,8;-45,8
-45,128;-45,129;-44,128;-44,129
-42,133;-42,134;-42,135;-42,136;-42,137;-41,133;-41,134;-41,135;-41,136;-41,137;-40,133;-40,134;-40,135;-40,136;-40,137;-39,133;-39,134;-39,135;-39,136;-39,137;-38,133;-38,134;-38,135;-38,136;-38,137
-40,-59
-38,-142
-38,31
-37,77
-36,-6
-35,-65
-34,-65
-33,-65
-32,-65
-35,-64
-34,-64
-33,-64
-32,-64
-35,-63
-34,-63
-33,-63
-32,-63
-35,-62
-34,-62
-33,-62
-32,-62
-35,-61
-34,-61
-33,-61
-32,-61
-31,-65
-31,-64
-31,-63
-31,-62
-31,-61
-31,-29
-31,14
-31,19;-31,20
-30,-62;-29,-62;-28,-62;-27,-62;-26,-62;-25,-62;-24,-62;-23,-62;-30,-63;-29,-63;-28,-63;-27,-63;-26,-63;-25,-63;-24,-63;-23,-63;-30,-64;-29,-64;-28,-64;-27,-64;-26,-64;-25,-64;-24,-64;-23,-64;-30,-65;-29,-65;-28,-65;-27,-65;-26,-65;-25,-65;-24,-65;-23,-65;-30,-66;-29,-66;-28,-66;-27,-66;-26,-66;-25,-66;-24,-66;-23,-66
-30,-61
-30,141;-29,141;-30,142;-29,142
-29,-61
-29,48;-29,49
-28,-61
-28,-60;-28,-59;-28,-58;-28,-57;-28,-56;-28,-55;-27,-60;-27,-59;-27,-58;-27,-57;-27,-56;-27,-55;-26,-60;-26,-59;-26,-58;-26,-57;-26,-56;-26,-55;-25,-60;-25,-59;-25,-58;-25,-57;-25,-56;-25,-55;-24,-60;-24,-59;-24,-58;-24,-57;-24,-56;-24,-55
-27,144;-28,144
-27,-61
-26,-61
-26,88;-26,89;-26,90;-26,91;-26,92;-25,88;-25,89;-25,90;-25,91;-25,92;-24,88;-24,89;-24,90;-24,91;-24,92;-23,88;-23,89;-23,90;-23,91;-23,92
-25,-61
-25,-8;-24,-8;-25,-9;-24,-9
-25,34;-25,35
-24,-61
-23,-61
-22,-100
-22,145
-21,-53
-21,148
-20,147;-20,146
-19,-150
-17,-21
-16,72;-16,73;-16,74;-16,75;-15,72;-15,73;-15,74;-15,75;-14,72;-14,73;-14,74;-14,75;-13,72;-13,73;-13,74;-13,75
-16,-111
-15,-60
-14,-57
-13,-108
-13,33
-11,-133
-11,-132
-10,38;-10,39;-10,40
-9,-128
-9,-91;-9,-90;-9,-89;-9,-88;-9,-87;-9,-86;-9,-85;-9,-84;-9,-83;-9,-82;-9,-81;-9,-80;-9,-79;-9,-78;-9,-77;-9,-76;-9,-75;-9,-74;-9,-73;-9,-72;-8,-91;-8,-90;-8,-89;-8,-88;-8,-87;-8,-86;-8,-85;-8,-84;-8,-83;-8,-82;-8,-81;-8,-80;-8,-79;-8,-78;-8,-77;-8,-76;-8,-75;-8,-74;-8,-73;-8,-72;-7,-91;-7,-90;-7,-89;-7,-88;-7,-87;-7,-86;-7,-85;-7,-84;-7,-83;-7,-82;-7,-81;-7,-80;-7,-79;-7,-78;-7,-77;-7,-76;-7,-75;-7,-74;-7,-73;-7,-72;-6,-91;-6,-90;-6,-89;-6,-88;-6,-87;-6,-86;-6,-85;-6,-84;-6,-83;-6,-82;-6,-81;-6,-80;-6,-79;-6,-78;-6,-77;-6,-76;-6,-75;-6,-74;-6,-73;-6,-72;-5,-91;-5,-90;-5,-89;-5,-88;-5,-87;-5,-86;-5,-85;-5,-84;-5,-83;-5,-82;-5,-81;-5,-80;-5,-79;-5,-78;-5,-77;-5,-76;-5,-75;-5,-74;-5,-73;-5,-72;-4,-91;-4,-90;-4,-89;-4,-88;-4,-87;-4,-86;-4,-85;-4,-84;-4,-83;-4,-82;-4,-81;-4,-80;-4,-79;-4,-78;-4,-77;-4,-76;-4,-75;-4,-74;-4,-73;-4,-72;-3,-91;-3,-90;-3,-89;-3,-88;-3,-87;-3,-86;-3,-85;-3,-84;-3,-83;-3,-82;-3,-81;-3,-80;-3,-79;-3,-78;-3,-77;-3,-76;-3,-75;-3,-74;-3,-73;-3,-72;-2,-91;-2,-90;-2,-89;-2,-88;-2,-87;-2,-86;-2,-85;-2,-84;-2,-83;-2,-82;-2,-81;-2,-80;-2,-79;-2,-78;-2,-77;-2,-76;-2,-75;-2,-74;-2,-73;-2,-72;-1,-91;-1,-90;-1,-89;-1,-88;-1,-87;-1,-86;-1,-85;-1,-84;-1,-83;-1,-82;-1,-81;-1,-80;-1,-79;-1,-78;-1,-77;-1,-76;-1,-75;-1,-74;-1,-73;-1,-72;0,-91;0,-90;0,-89;0,-88;0,-87;0,-86;0,-85;0,-84;0,-83;0,-82;0,-81;0,-80;0,-79;0,-78;0,-77;0,-76;0,-75;0,-74;0,-73;0,-72;1,-91;1,-90;1,-89;1,-88;1,-87;1,-86;1,-85;1,-84;1,-83;1,-82;1,-81;1,-80;1,-79;1,-78;1,-77;1,-76;1,-75;1,-74;1,-73;1,-72;2,-91;2,-90;2,-89;2,-88;2,-87;2,-86;2,-85;2,-84;2,-83;2,-82;2,-81;2,-80;2,-79;2,-78;2,-77;2,-76;2,-75;2,-74;2,-73;2,-72;3,-91;3,-90;3,-89;3,-88;3,-87;3,-86;3,-85;3,-84;3,-83;3,-82;3,-81;3,-80;3,-79;3,-78;3,-77;3,-76;3,-75;3,-74;3,-73;3,-72;4,-91;4,-90;4,-89;4,-88;4,-87;4,-86;4,-85;4,-84;4,-83;4,-82;4,-81;4,-80;4,-79;4,-78;4,-77;4,-76;4,-75;4,-74;4,-73;4,-72;5,-91;5,-90;5,-89;5,-88;5,-87;5,-86;5,-85;5,-84;5,-83;5,-82;5,-81;5,-80;5,-79;5,-78;5,-77;5,-76;5,-75;5,-74;5,-73;5,-72;6,-91;6,-90;6,-89;6,-88;6,-87;6,-86;6,-85;6,-84;6,-83;6,-82;6,-81;6,-80;6,-79;6,-78;6,-77;6,-76;6,-75;6,-74;6,-73;6,-72;7,-91;7,-90;7,-89;7,-88;7,-87;7,-86;7,-85;7,-84;7,-83;7,-82;7,-81;7,-80;7,-79;7,-78;7,-77;7,-76;7,-75;7,-74;7,-73;7,-72;8,-91;8,-90;8,-89;8,-88;8,-87;8,-86;8,-85;8,-84;8,-83;8,-82;8,-81;8,-80;8,-79;8,-78;8,-77;8,-76;8,-75;8,-74;8,-73;8,-72;9,-91;9,-90;9,-89;9,-88;9,-87;9,-86;9,-85;9,-84;9,-83;9,-82;9,-81;9,-80;9,-79;9,-78;9,-77;9,-76;9,-75;9,-74;9,-73;9,-72;10,-91;10,-90;10,-89;10,-88;10,-87;10,-86;10,-85;10,-84;10,-83;10,-82;10,-81;10,-80;10,-79;10,-78;10,-77;10,-76;10,-75;10,-74;10,-73;10,-72
-9,-9;-9,-8;-9,-7;-9,-6;-9,-5;-9,-4;-9,-3;-9,-2;-9,-1;-9,0;-9,1;-9,2;-9,3;-9,4;-9,5;-9,6;-9,7;-9,8;-9,9;-8,-9;-8,-8;-8,-7;-8,-6;-8,-5;-8,-4;-8,-3;-8,-2;-8,-1;-8,0;-8,1;-8,2;-8,3;-8,4;-8,5;-8,6;-8,7;-8,8;-8,9;-7,-9;-7,-8;-7,-7;-7,-6;-7,-5;-7,-4;-7,-3;-7,-2;-7,-1;-7,0;-7,1;-7,2;-7,3;-7,4;-7,5;-7,6;-7,7;-7,8;-7,9;-6,-9;-6,-8;-6,-7;-6,-6;-6,-5;-6,-4;-6,-3;-6,-2;-6,-1;-6,0;-6,1;-6,2;-6,3;-6,4;-6,5;-6,6;-6,7;-6,8;-6,9;-5,-9;-5,-8;-5,-7;-5,-6;-5,-5;-5,-4;-5,-3;-5,-2;-5,-1;-5,0;-5,1;-5,2;-5,3;-5,4;-5,5;-5,6;-5,7;-5,8;-5,9;-4,-9;-4,-8;-4,-7;-4,-6;-4,-5;-4,-4;-4,-3;-4,-2;-4,-1;-4,0;-4,1;-4,2;-4,3;-4,4;-4,5;-4,6;-4,7;-4,8;-4,9;-3,-9;-3,-8;-3,-7;-3,-6;-3,-5;-3,-4;-3,-3;-3,-2;-3,-1;-3,0;-3,1;-3,2;-3,3;-3,4;-3,5;-3,6;-3,7;-3,8;-3,9;-2,-9;-2,-8;-2,-7;-2,-6;-2,-5;-2,-4;-2,-3;-2,-2;-2,-1;-2,0;-2,1;-2,2;-2,3;-2,4;-2,5;-2,6;-2,7;-2,8;-2,9;-1,-9;-1,-8;-1,-7;-1,-6;-1,-5;-1,-4;-1,-3;-1,-2;-1,-1;-1,0;-1,1;-1,2;-1,3;-1,4;-1,5;-1,6;-1,7;-1,8;-1,9;0,-9;0,-8;0,-7;0,-6;0,-5;0,-4;0,-3;0,-2;0,-1;0,0;0,1;0,2;0,3;0,4;0,5;0,6;0,7;0,8;0,9;1,-9;1,-8;1,-7;1,-6;1,-5;1,-4;1,-3;1,-2;1,-1;1,0;1,1;1,2;1,3;1,4;1,5;1,6;1,7;1,8;1,9;2,-9;2,-8;2,-7;2,-6;2,-5;2,-4;2,-3;2,-2;2,-1;2,0;2,1;2,2;2,3;2,4;2,5;2,6;2,7;2,8;2,9;3,-9;3,-8;3,-7;3,-6;3,-5;3,-4;3,-3;3,-2;3,-1;3,0;3,1;3,2;3,3;3,4;3,5;3,6;3,7;3,8;3,9;4,-9;4,-8;4,-7;4,-6;4,-5;4,-4;4,-3;4,-2;4,-1;4,0;4,1;4,2;4,3;4,4;4,5;4,6;4,7;4,8;4,9;5,-9;5,-8;5,-7;5,-6;5,-5;5,-4;5,-3;5,-2;5,-1;5,0;5,1;5,2;5,3;5,4;5,5;5,6;5,7;5,8;5,9;6,-9;6,-8;6,-7;6,-6;6,-5;6,-4;6,-3;6,-2;6,-1;6,0;6,1;6,2;6,3;6,4;6,5;6,6;6,7;6,8;6,9;7,-9;7,-8;7,-7;7,-6;7,-5;7,-4;7,-3;7,-2;7,-1;7,0;7,1;7,2;7,3;7,4;7,5;7,6;7,7;7,8;7,9;8,-9;8,-8;8,-7;8,-6;8,-5;8,-4;8,-3;8,-2;8,-1;8,0;8,1;8,2;8,3;8,4;8,5;8,6;8,7;8,8;8,9;9,-9;9,-8;9,-7;9,-6;9,-5;9,-4;9,-3;9,-2;9,-1;9,0;9,1;9,2;9,3;9,4;9,5;9,6;9,7;9,8;9,9;10,-9;10,-8;10,-7;10,-6;10,-5;10,-4;10,-3;10,-2;10,-1;10,0;10,1;10,2;10,3;10,4;10,5;10,6;10,7;10,8;10,9
-6,-126
-5,-128;-5,-127;-4,-128;-4,-127
-5,44
-5,45
-4,44
-4,45
-3,44
-3,45
-2,44
-2,45
-1,44
-1,45
-5,46;-4,46;-5,47;-4,47
-3,46
-2,46
-5,49
-4,-40
-4,-39
-4,-38
-3,-40
-3,-39
-3,-38
-2,-40
-2,-39
-2,-38
-1,-40
-1,-39
-1,-38
-4,-34;-3,-34;-4,-35;-3,-35;-2,-34;-2,-35;-1,-35;-1,-34
2,-123
2,-39;3,-39;4,-42;4,-41;4,-40;4,-39;5,-42;5,-39;6,-46;6,-45;6,-44;6,-43;6,-42;6,-39;7,-42;7,-41;7,-40;7,-39;7,-38;7,-37;8,-39;8,-38;8,-37;9,-39;9,-38;9,-37;10,-39;10,-38;10,-37;11,-39;11,-38;11,-37;11,-36;11,-35;11,-34;11,-33;12,-39;12,-38;12,-37;12,-36;12,-35;12,-34;12,-33
2,-25
2,16;3,16;4,16;5,16;2,17;3,17;4,17;5,17;2,18;3,18;4,18;5,18
6,99
7,97;7,98;7,99;8,97;8,98;8,99;9,97;9,98;9,99;10,97;10,98;10,99;11,97;11,98;11,99
8,-142
10,-48
10,68;10,69;11,68;11,69;12,68;12,69
11,70
13,85;13,84;13,83;13,82;13,81;13,80;13,79;13,78;13,77;13,76;13,75;14,85;14,84;14,83;14,82;14,81;14,80;14,79;14,78;14,77;14,76;14,75;15,85;15,84;15,83;15,82;15,81;15,80;15,79;15,78;15,77;15,76;15,75;16,85;16,84;16,83;16,82;16,81;16,80;16,79;16,78;16,77;16,76;16,75;17,85;17,84;17,83;17,82;17,81;17,80;17,79;17,78;17,77;17,76;17,75;18,85;18,84;18,83;18,82;18,81;18,80;18,79;18,78;18,77;18,76;18,75;19,85;19,84;19,83;19,82;19,81;19,80;19,79;19,78;19,77;19,76;19,75;20,85;20,84;20,83;20,82;20,81;20,80;20,79;20,78;20,77;20,76;20,75;21,85;21,84;21,83;21,82;21,81;21,80;21,79;21,78;21,77;21,76;21,75;22,85;22,84;22,83;22,82;22,81;22,80;22,79;22,78;22,77;22,76;22,75
14,-66;14,-65;15,-66;15,-65;16,-66;16,-65
14,141;14,142;14,143;15,140;15,141;15,142;15,143;16,140;16,141;16,142;16,143;16,144;16,145;16,146;17,140;17,141;17,142;17,143;17,144;17,145;17,146;18,140;18,141
15,-117;16,-117;17,-117
15,-110
15,-100
18,-25;18,-24;19,-25;19,-24
19,-19;19,-18;20,-19;20,-18
20,-123;20,-122;21,-123;21,-122
20,-35;20,-34
20,-33
22,-1
22,89
23,-142;23,-143;24,-142;24,-143
23,-140;23,-139;24,-140;24,-139
23,-25
23,-20
23,142;23,143;24,142;24,143
28,-45
29,-88
29,-55;29,-56;30,-55;30,-56
30,71
30,79
30,135;30,136;30,137;31,135;31,136;31,137;32,135;32,136;32,137
32,10
33,10
34,22
35,-96
35,10;36,10
36,90;36,91;36,92;37,90;37,91;37,92;38,90;38,91;38,92
37,-114
38,-3;39,-3;40,-3;38,-2;39,-2;40,-2;38,-1;39,-1;40,-1
38,103
40,-42;40,-41;40,-40;41,-41;41,-42;41,-40;42,-42;42,-41;42,-40
40,-5
41,-118
41,-62
46,-122
47,-46;48,-46;49,-46;47,-45;48,-45;49,-45;47,-44;48,-44;49,-44;47,-43;48,-43;49,-43
48,-85;48,-84;49,-85;49,-84;50,-85;50,-84
49,94
51,-130
51,-121;51,-120;52,-121;52,-120
54,101;55,101;56,101;57,101;58,101;59,101;54,100;55,100;56,100;57,100;58,100;59,100;54,99;55,99;56,99;57,99;58,99;59,99;54,98;55,98;56,98;57,98;58,98;59,98
60,-22
60,25;61,25;62,25;60,24;61,24;62,24
63,-13
63,-1
65,-124
66,-1;66,-2;67,-1;67,-2
69,-147
69,-146
71,-147
71,-146
69,-27
72,-9
72,-8
72,-7
72,-6
72,-5
72,-4
72,-3
72,-2
72,-1
72,0
72,1
72,2
72,3
72,4
72,5
72,6;72,7;72,8;72,9;72,10;73,6;73,7;73,8;73,9;73,10;74,6;74,7;74,8;74,9;74,10;75,6;75,7;75,8;75,9;75,10;76,6;76,7;76,8;76,9;76,10
73,-9
73,-8
73,-7
73,-6
73,-5
73,-4
73,-3
73,-2
73,-1
73,0
73,1
73,2
73,3
73,4
73,5
74,-9
74,-8
74,-7
74,-6
74,-5
74,-4
74,-3
74,-2
74,-1
74,0
74,1
74,2
74,3
74,4
74,5
75,-9
75,-8
75,-7
75,-6
75,-5
75,-4
75,-3
75,-2
75,-1
75,0
75,1
75,2
75,3
75,4
75,5
76,-9
76,-8
76,-7
76,-6
76,-5
76,-4
76,-3
76,-2
76,-1
76,0
76,1
76,2
76,3
76,4
76,5
77,-9
77,-8
77,-7
77,-6
77,-5
77,-4
77,-3
77,-2
77,-1
77,0
77,1
77,2
77,3
77,4
77,5
77,6
77,7
77,8
77,9
77,10
78,-9
78,-8
78,-7
78,-6
78,-5
78,-4
78,-3
78,-2
78,-1
78,0
78,1
78,2
78,3
78,4
78,5
78,6
78,7
78,8
78,9
78,10
79,-9
79,-8
79,-7
79,-6
79,-5
79,-4
79,-3
79,-2
79,-1
79,0
79,1
79,2
79,3
79,4
79,5
79,6
79,7
79,8
79,9
79,10
80,-9
80,-8
80,-7
80,-6
80,-5
80,-4
80,-3
80,-2
80,-1
80,0
80,1
80,2
80,3
80,4
80,5
80,6
80,7
80,8
80,9
80,10
81,-9
81,-8
81,-7
81,-6
81,-5
81,-4
81,-3
81,-2
81,-1
81,0
81,1
81,2
81,3
81,4
81,5
81,6
81,7
81,8
81,9
81,10
82,-9
82,-8
82,-7
82,-6
82,-5
82,-4
82,-3
82,-2
82,-1
82,0
82,1
82,2
82,3
82,4
82,5
82,6
82,7
82,8
82,9
82,10
83,-9
83,-8
83,-7
83,-6
83,-5
83,-4
83,-3
83,-2
83,-1
83,0
83,1
83,2
83,3
83,4
83,5
83,6
83,7
83,8
83,9
83,10
84,-9
84,-8
84,-7
84,-6
84,-5
84,-4
84,-3
84,-2
84,-1
84,0
84,1
84,2
84,3
84,4
84,5
84,6
84,7
84,8
84,9
84,10
85,-9
85,-8
85,-7
85,-6
85,-5
85,-4
85,-3
85,-2
85,-1
85,0
85,1
85,2
85,3
85,4
85,5
85,6
85,7
85,8
85,9
85,10
86,-9
86,-8
86,-7
86,-6
86,-5
86,-4
86,-3
86,-2
86,-1
86,0
86,1
86,2
86,3
86,4
86,5
86,6
86,7
86,8
86,9
86,10
87,-9
87,-8
87,-7
87,-6
87,-5
87,-4
87,-3
87,-2
87,-1
87,0
87,1
87,2
87,3
87,4
87,5
87,6
87,7
87,8
87,9
87,10
88,-9
88,-8
88,-7
88,-6
88,-5
88,-4
88,-3
88,-2
88,-1
88,0
88,1
88,2
88,3
88,4
88,5
88,6
88,7
88,8
88,9
88,10
89,-9
89,-8
89,-7
89,-6
89,-5
89,-4
89,-3
89,-2
89,-1
89,0
89,1
89,2
89,3
89,4
89,5
89,6
89,7
89,8
89,9
89,10
90,-9
90,-8
90,-7
90,-6
90,-5
90,-4
90,-3
90,-2
90,-1
90,0
90,1
90,2
90,3
90,4
90,5
90,6
90,7
90,8
90,9
90,10
91,-9
91,-8
91,-7
91,-6
91,-5
91,-4
91,-3
91,-2
91,-1
91,0
91,1
91,2
91,3
91,4
91,5
91,6
91,7
91,8
91,9
91,10
74,-137;74,-138;75,-137;75,-138;76,-137;76,-138;77,-137;77,-138
74,40;74,41;74,42;74,43;74,44;74,45;74,46;75,46;78,46;78,45;79,46;79,45;80,46;80,45;75,40;75,41;75,42;75,43;75,44;75,45;76,40;76,41;76,42;76,43;76,44;76,45;76,46;77,40;77,41;77,42;77,43;77,44;77,45;77,46;78,40;78,41;78,42;78,43;78,44;79,40;79,41;79,42;79,43;79,44;80,40;80,41;80,42;80,43;80,44;81,40;81,41;81,42;81,43;81,44;81,45;81,46
74,48;75,48;76,50;74,50;75,50;74,49;75,49;76,49;76,48;77,48;77,49;77,50;78,50;78,49;78,48;74,47;75,47;76,47;77,47;78,47;81,47;80,47;79,47;81,51;79,50;79,49;79,48;80,51;81,50;81,49;81,48;80,50;80,49;80,48;80,52;80,53;81,53;81,52;80,54;81,56;80,55;81,55;80,56;81,54
74,51;75,56;75,55;75,54;75,53;75,52;75,51;74,56;74,55;74,54;74,53;74,52;76,56;76,55;76,54;76,53;76,52;76,51;77,56;77,55;77,54;77,53;77,52;77,51;78,56;78,55;78,54;78,53;78,52;78,51;79,56;79,55;79,54;79,53;79,52;79,51
77,-100
78,-105
80,-138
85,-148;86,-148
87,-16;87,-15;87,-14;87,-13;87,-12;88,-16;88,-15;88,-14;88,-13;88,-12;89,-16;89,-15;89,-14;89,-13;89,-12;90,-16;90,-15;90,-14;90,-13;90,-12
88,-129
94,-32;94,-31;94,-30;94,-29;94,-28;95,-32;95,-31;95,-30;95,-29;95,-28;96,-32;96,-31;96,-30;96,-29;96,-28;97,-32;97,-31;97,-30;97,-29;97,-28;98,-32;98,-31;98,-30;98,-29;98,-28;99,-32;99,-31;99,-30;99,-29;99,-28
94,17
94,18
94,19
94,20
94,21;95,21;96,21;97,21;94,22;94,23;95,22;95,23;96,22;96,23;97,22;97,23;98,22;98,23;99,22;99,23;98,21;99,21
95,17
95,18
95,19
95,20
96,17
96,18
96,19
96,20
97,17
97,18
97,19
97,20
96,-111;96,-110;96,-109;96,-108;96,-107;96,-106;97,-111;97,-110;97,-109;97,-108;97,-107;97,-106;98,-111;98,-110;98,-109;98,-108;98,-107;98,-106;99,-111;99,-110;99,-109;99,-108;99,-107;99,-106;100,-111;100,-110;100,-109;100,-108;100,-107;100,-106
98,-139;99,-139
99,-131;99,-130;100,-131;100,-130
100,20;100,21;100,22;100,23;101,20;101,21;101,22;101,23;102,20;102,21;102,22;102,23;103,20;103,21;103,22;103,23;100,24;101,24;102,24;103,24
101,-101
108,-120
108,-103
108,-102
111,-21;111,-22;108,-23;109,-23;110,-23;111,-23;112,-23;110,-24;111,-24;112,-22;111,-25;112,-24;112,-25;113,-25
109,-103;109,-102;110,-103;110,-102
114,-22
116,-16
117,55
119,-12;120,-12;119,-11;120,-11
121,-100
126,-118
127,-119;127,-118
129,-9
129,-4;129,-3;129,-2;130,-4;130,-3;130,-2
131,-140;131,-139;132,-140;132,-139
131,-126
131,-4;131,-3;131,-2
134,37
135,-13;136,-13
137,-6;138,-6
137,-4
137,-2;137,-3;138,-2;138,-3
138,-143
138,-4
139,-143
139,-118;139,-117;139,-116;140,-118;140,-117;140,-116;141,-118;141,-117;141,-116
139,-112;139,-111;140,-112;140,-111;141,-112;141,-111;142,-112;142,-111;143,-112;143,-111;144,-112;144,-111;145,-112;145,-111;146,-112;146,-111;147,-112;147,-111;148,-112;148,-111;149,-112;149,-111
139,-74;139,-73;140,-74;140,-73
139,-42
142,-146;143,-146;142,-145;143,-145;142,-144;143,-144
145,-148;144,-148
145,-51
145,-50
145,-49
145,-48
145,-37;146,-37;147,-37;148,-37
145,60;145,61;145,62;145,63;145,64;145,65;146,60;146,61;146,62;146,63;146,64;146,65;147,60;147,61;147,62;147,63;147,64;148,60;147,65;148,61;148,62;148,63;148,64;148,65;149,60;149,61;149,62;149,63;149,64;149,65
146,-51
146,-50
146,-49
146,-48
147,-53;147,-52;148,-53;148,-52
147,-51
147,-50
147,-49
147,-48
148,-51
148,-50
148,-49
148,-48
148,-34;148,-33
149,-83;149,-82
149,-51
149,-50
149,-41
150,64;150,63;150,65;150,66;150,67;150,68;150,69;150,70;150,71;150,72;150,73;151,63;151,64;151,65;151,66;151,67;151,68;151,69;151,70;151,71;151,72;151,73;152,63;152,64;152,65;152,66;152,67;152,68;152,69;152,70;152,71;152,72;152,73;153,63;153,64;153,65;153,66;153,67;153,68;153,69;153,70;153,71;153,72;153,73;154,63;154,64;154,65;154,66;154,67;154,68;154,69;154,70;154,71;154,72;154,73;155,63;155,64;155,65;155,66;155,67;155,68;155,69;155,70;155,71;155,72;155,73;156,63;156,64;156,65;156,66;156,67;156,68;156,69;156,70;156,71;156,72;156,73;157,63;157,64;157,65;157,66;157,67;157,68;157,69;157,70;157,71;157,72;157,73;158,63;158,64;158,65;158,66;158,67;158,68;158,69;158,70;158,71;158,72;158,73;159,63;159,64;159,65;159,66;159,67;159,68;159,69;159,70;159,71;159,72;159,73;160,63;160,64;160,65;160,66;160,67;160,68;160,69;160,70;160,71;160,72;160,73