-140,-5;-141,-7;-141,-6;-141,-4;-140,-4;-141,-5;-140,-7;-140,-6;-139,-4;-139,-5;-139,-6;-139,-7
-140,-8;-139,-8
-127,66;-125,66;-135,74;-134,66;-136,68;-135,75;-135,73;-135,69;-136,66;-126,66;-136,72;-135,72;-136,71;-136,70;-130,66;-136,69;-135,66;-136,65;-136,64;-129,66;-136,75;-131,66;-135,71;-135,70;-133,66;-132,66;-128,66;-136,74;-136,73;-124,66;-124,67;-124,68;-124,69;-136,67;-135,65;-125,64;-134,71;-129,64;-131,72;-130,75;-124,64;-133,74;-134,64;-128,65;-135,67;-129,72;-134,74;-132,72;-131,65;-126,65;-133,72;-130,72;-133,75;-131,75;-133,65;-129,65;-132,74;-133,64;-132,64;-131,64;-128,64;-127,64;-132,65;-127,65;-134,68;-125,65;-124,65;-135,68;-129,75;-135,64;-134,65;-130,65;-134,72;-134,69;-132,75;-130,64;-126,64;-134,67;-134,75;-134,70;-132,73;-133,69;-129,73;-132,71;-131,74;-134,73;-129,74;-133,67;-132,70;-133,68;-133,70;-133,71;-131,73;-130,74;-133,73;-130,73;-132,69;-132,67;-132,68;-130,70;-130,67;-131,67;-129,69;-131,68;-131,71;-131,69;-130,71;-129,71;-130,69;-130,68;-129,70;-131,70;-129,67;-128,74;-128,75;-128,68;-128,71;-128,72;-128,67;-128,69;-128,73;-128,70;-129,68;-126,70;-126,73;-127,68;-127,75;-127,69;-126,74;-125,72;-126,69;-127,74;-127,73;-127,71;-125,70;-125,74;-125,73;-125,71;-126,72;-126,75;-127,70;-126,67;-127,67;-127,72;-126,68;-126,71;-125,69;-124,70;-125,68;-124,74;-125,67;-124,72;-125,75;-124,71;-124,73;-124,75
-130,-80
-116,132;-121,134;-115,135;-122,135;-119,132;-117,134;-120,134;-119,137;-118,132;-120,132;-117,135;-120,136;-117,132;-121,133;-124,134;-119,136;-122,137;-118,133;-122,134;-117,136;-122,132;-123,132;-117,133;-123,133;-119,135;-116,134;-118,134;-117,137;-121,137;-121,132;-115,132;-116,133;-124,135;-118,136;-119,133;-122,133;-124,133;-122,136;-120,137;-120,133;-121,135;-123,134;-124,132;-115,134;-120,135;-121,136;-118,137;-118,135;-119,134;-123,135;-115,133;-116,135
-123,148;-121,149;-123,147;-120,146;-124,148;-123,149;-124,146;-123,144;-122,146;-120,148;-124,149;-122,145;-121,144;-121,145;-120,149;-122,148;-121,148;-120,144;-124,150;-121,146;-124,147;-123,146;-120,147;-122,147;-121,147;-123,145;-122,149;-122,144;-124,145;-120,145;-124,144;-123,150;-121,150;-122,150;-120,150;-119,144;-118,144;-118,149;-118,148;-118,146;-119,145;-119,148;-119,150;-119,146;-118,147;-119,149;-118,145;-118,150;-119,147
-123,143;-123,141;-123,140;-123,142;-122,140;-122,141;-122,142;-120,140;-121,142;-121,143;-122,143;-121,140;-121,141;-120,141;-120,143;-120,142
-113,-38;-113,-36;-113,-37
-106,132;-108,136;-110,132;-107,134;-109,136;-106,136;-111,135;-105,131;-105,135;-106,137;-108,133;-109,132;-108,137;-109,131;-111,137;-109,133;-105,137;-107,137;-110,133;-111,136;-107,131;-110,136;-110,137;-111,133;-107,133;-107,135;-107,136;-108,131;-108,132;-109,135;-109,137;-111,132;-111,134;-105,132;-106,135;-110,131;-110,135;-105,133;-106,134;-105,134;-106,131;-108,134;-109,134;-110,134;-111,131;-107,132;-105,136;-106,133;-108,135
-109,-32
-104,134;-104,136;-101,138;-104,135;-98,134;-99,138;-98,132;-103,137;-101,136;-98,136;-100,132;-102,137;-100,138;-103,133;-103,135;-102,134;-100,135;-98,135;-103,134;-103,136;-98,138;-104,133;-102,135;-102,136;-99,137;-104,138;-101,134;-100,136;-99,134;-98,137;-103,132;-102,133;-103,138;-101,132;-101,135;-101,137;-100,137;-99,133;-104,132;-104,137;-102,132;-99,135;-102,138;-100,133;-99,132;-101,133;-100,134;-99,136;-98,133
-98,37;-98,34;-99,37;-101,40;-101,38;-97,39;-98,39;-99,40;-99,38;-96,37;-97,40;-99,39;-99,34;-100,40;-98,38;-98,35;-96,39;-98,36;-99,36;-99,35;-101,37;-96,40;-96,38;-97,38;-100,38;-100,37;-98,40;-101,39;-97,37;-100,39
-100,127;-101,126;-99,128;-101,127;-100,128;-99,129;-100,129;-99,126;-100,126;-99,127;-101,128;-102,126;-102,128;-101,129;-102,127;-102,129
-94,-89;-94,-88;-94,-87;-95,-88;-95,-89;-95,-87
-91,-76;-92,-75;-92,-76;-92,-77;-91,-77;-91,-75
-89,-85;-88,-86;-87,-84;-87,-86;-89,-86;-87,-85;-89,-84;-88,-84;-88,-85
-88,-63;-88,-66;-88,-64;-89,-66;-89,-64;-88,-65;-89,-65;-89,-63
-87,109
-82,84;-83,83;-82,85;-85,83;-85,86;-84,84;-82,86;-83,85;-82,83;-84,86;-84,83;-83,86;-85,85;-83,84;-84,85;-85,84
-75,72;-75,74;-80,76;-76,78;-78,76;-75,76;-75,75;-79,76;-80,77;-75,73;-76,76;-80,78;-75,77;-80,74;-77,76;-80,75;-76,77;-75,71;-75,78
-75,-150;-75,-149;-74,-149;-74,-150
-73,-150;-73,-149;-72,-150;-72,-149
-71,-150;-71,-149;-70,-150;-70,-149
-71,116;-71,117
-69,-149;-69,-150;-68,-149;-68,-150
-60,3;-60,7;-62,7;-60,2;-60,8;-62,2;-61,4;-61,9;-60,5;-61,1;-61,6;-62,5;-61,8;-62,4;-61,3;-62,6;-61,5;-61,7;-62,3;-60,4;-60,1;-62,9;-62,1;-61,2;-60,6;-62,8;-60,9;-58,1;-58,3;-58,2;-58,8;-57,3;-59,3;-59,7;-59,4;-59,8;-58,4;-57,2;-57,6;-59,2;-58,5;-57,8;-58,6;-58,9;-59,9;-59,5;-59,6;-57,9;-57,1;-57,4;-57,7;-58,7;-59,1;-57,5;-56,1
-58,-21
-40,-59
-27,85;-25,82;-26,80;-26,84;-25,80;-29,83;-28,84;-28,80;-24,83;-24,84;-24,85;-26,83;-24,80;-27,83;-26,81;-26,82;-24,82;-28,82;-29,85;-24,81;-29,81;-28,81;-27,82;-29,80;-28,83;-26,85;-29,84;-27,80;-25,83;-29,82;-28,85;-25,81;-27,81;-27,84;-25,84;-25,85
-24,15;-25,15
-21,148
-3,66;-1,66;-1,67;-2,67;-3,65;-1,65;-3,67;-2,65;-2,66
-15,-114
-9,-85;-9,-81;-9,-77;-7,-91;-7,-90;-7,-85;-9,-89;-9,-80;-9,-76;-8,-89;-8,-75;-9,-91;-9,-90;-9,-84;-8,-73;-7,-82;-6,-87;-9,-74;-8,-91;-8,-88;-7,-78;-7,-77;-6,-86;-8,-90;-8,-72;-7,-73;-9,-75;-7,-87;-9,-73;-7,-84;-7,-83;-7,-76;-6,-81;-8,-86;-8,-85;-8,-80;-6,-88;-6,-83;-6,-79;-9,-86;-9,-78;-8,-82;-8,-77;-7,-88;-7,-74;-7,-86;-7,-79;-7,-75;-9,-82;-9,-79;-7,-72;-9,-88;-9,-83;-8,-81;-8,-78;-6,-91;-6,-82;-8,-84;-8,-79;-8,-74;-7,-89;-7,-81;-7,-80;-9,-72;-6,-90;-6,-89;-6,-85;-9,-87;-8,-87;-8,-83;-8,-76;-6,-84;-6,-80;-6,-78;-6,-77;-6,-75;-5,-87;-6,-74;-5,-82;-4,-82;-4,-81;-4,-78;-3,-85;-2,-77;-1,-79;0,-86;1,-91;2,-72;3,-80;5,-73;6,-82;6,-73;7,-76;8,-89;9,-86;9,-82;10,-72;-6,-76;-5,-84;-5,-79;-5,-76;-4,-84;-3,-74;-2,-91;-2,-87;-2,-86;-1,-90;-1,-86;-1,-77;-1,-73;0,-85;1,-80;1,-76;2,-91;3,-79;3,-76;3,-72;4,-90;4,-78;4,-77;4,-75;5,-89;5,-84;7,-75;7,-73;8,-73;9,-91;10,-80;-5,-88;-3,-84;0,-81;0,-80;0,-74;1,-89;1,-73;2,-83;3,-86;3,-82;4,-88;7,-81;8,-85;9,-79;-5,-86;-4,-89;-4,-80;0,-87;1,-87;5,-91;5,-87;5,-86;5,-74;6,-89;6,-86;6,-84;6,-75;7,-86;7,-79;8,-75;10,-85;10,-74;-6,-73;-5,-91;-5,-72;-4,-76;-2,-82;-1,-87;-1,-80;0,-90;0,-79;0,-77;1,-88;1,-77;2,-87;2,-74;4,-89;5,-82;6,-87;6,-80;6,-77;7,-89;7,-83;8,-83;9,-73;10,-90;-5,-90;-5,-81;-3,-78;0,-73;1,-86;1,-83;3,-77;4,-74;4,-72;6,-74;7,-84;8,-91;8,-78;10,-79;10,-77;-3,-90;-2,-83;-2,-81;-1,-83;3,-84;5,-85;5,-80;5,-79;5,-78;6,-72;8,-77;9,-83;9,-78;-4,-86;-6,-72;-4,-77;-4,-73;-4,-72;-3,-80;-2,-85;-2,-79;-2,-76;-2,-75;-2,-73;-1,-89;0,-89;2,-88;2,-84;2,-77;2,-76;3,-75;4,-86;4,-84;4,-76;6,-76;7,-87;8,-80;8,-79;8,-76;9,-84;9,-75;10,-89;-5,-89;-5,-75;-5,-77;-5,-85;-5,-83;-4,-83;-4,-79;-3,-82;-3,-75;-2,-78;-1,-91;2,-89;2,-78;3,-85;3,-78;4,-82;4,-81;6,-79;7,-90;7,-80;8,-72;10,-84;10,-82;-3,-91;-4,-88;-4,-87;-4,-74;-3,-83;-3,-79;-3,-77;-2,-90;-1,-75;0,-75;0,-72;1,-82;1,-74;3,-90;3,-88;3,-74;4,-87;4,-80;5,-90;5,-81;5,-75;5,-72;6,-91;8,-81;9,-85;-1,-88;-1,-85;-1,-74;0,-82;1,-84;4,-83;6,-88;8,-87;10,-75;10,-73;-4,-85;-3,-88;-3,-87;-3,-81;-3,-72;-1,-84;-1,-82;-1,-72;1,-81;1,-75;2,-86;2,-73;3,-89;6,-90;6,-81;7,-88;7,-72;-5,-78;-3,-73;-2,-72;-1,-81;-1,-78;0,-83;0,-76;1,-79;2,-79;3,-83;3,-73;5,-76;6,-85;7,-91;7,-78;8,-74;9,-87;9,-80;10,-87;-4,-90;-2,-88;0,-84;0,-78;1,-85;5,-88;6,-78;7,-82;7,-77;7,-74;8,-88;8,-84;10,-78;-5,-80;-5,-73;-5,-74;-4,-75;-3,-89;-3,-86;-2,-89;1,-90;1,-72;2,-82;2,-80;2,-75;3,-87;4,-85;4,-79;4,-73;5,-83;5,-77;7,-85;8,-86;8,-82;9,-90;9,-89;9,-88;9,-81;10,-88;10,-86;10,-76;-4,-91;-3,-76;-2,-84;-2,-80;-2,-74;-1,-76;0,-91;0,-88;1,-78;2,-90;2,-85;2,-81;3,-91;3,-81;4,-91;6,-83;8,-90;9,-77;9,-76;9,-74;9,-72;10,-91;10,-83;10,-81
5,117;6,117;6,118;5,118
14,-135;15,-135
14,103;18,103;18,102;15,104;16,103;18,104;14,101;14,104;15,103;17,103;18,101;16,101;17,100;15,102;16,104;17,101;15,100;17,104;17,102;14,100;15,101;16,102;14,102;16,100
18,-91
22,-75;23,-75
26,116;28,112;28,113;28,114;29,113;31,111;32,117;33,117;33,113;27,114;28,118;29,117;32,118;26,111;30,115;31,118;27,117;30,114;30,116;30,117;32,112;29,111;29,116;32,113;30,112;31,117;32,114;33,115;27,115;28,116;29,115;29,118;31,115;26,114;28,115;31,116;32,111;26,117;27,112;29,114;33,111;26,113;26,118;30,118;31,112;31,114;33,114;27,116;28,117;32,115;33,116;33,118;27,113;29,112;31,113;27,111;27,118;30,111;30,113;32,116;33,112;26,112;26,115;28,111
36,81;36,80;35,81;35,80
46,-1
49,-41;47,-40;48,-41;48,-40;47,-41;49,-40
48,-46;47,-45;48,-44;49,-45;48,-43;47,-44;47,-43;49,-46;48,-45;49,-44;49,-43
71,53;61,58;52,59;57,59;66,59;64,60;57,61;55,63;53,64;69,52;65,54;54,57;64,62;55,66;62,52;67,52;68,52;61,54;63,54;55,57;71,59;71,61;55,64;68,64;68,66;63,69;55,52;70,52;71,57;52,58;65,59;64,61;56,64;52,67;61,68;62,68;64,54;63,59;59,61;57,62;59,63;62,64;71,64;61,52;66,52;71,56;71,58;54,63;71,63;60,69;60,52;64,53;54,58;53,59;67,59;59,60;63,64;53,65;55,65;61,65;71,68;57,69;62,53;66,53;69,66;60,53;59,54;62,54;66,54;52,56;60,59;52,61;58,61;52,63;69,63;70,64;71,65;52,66;54,66;71,67;63,53;52,55;61,59;55,60;70,60;53,63;52,64;58,64;69,64;70,65;53,52;54,52;71,52;70,59;52,60;53,60;52,62;65,64;52,68;52,69;63,52;52,53;60,54;69,57;70,58;58,62;57,64;52,65;52,52;61,53;71,54;62,58;58,59;69,59;71,62;64,63;60,64;61,64;54,65;70,66;71,66;59,69;52,57;68,57;70,57;53,58;55,58;68,58;56,59;68,59;69,60;66,64;56,52;52,54;58,54;71,55;62,59;54,60;71,60;59,62;62,65;57,52;57,53;57,54;55,59;70,63;67,64;68,65;58,69;66,69;59,71;68,71;52,71;60,71;53,71;54,71;61,71;64,71;53,57;65,69;71,69;57,71;62,71;69,71;58,71;64,69;52,70;71,71;54,64;65,71;63,70;57,70;71,70;55,71;56,71;70,71;63,71;66,71;67,71;53,66;54,59;60,70;66,70;57,57;57,55;58,55;56,62;56,65;56,58;59,58;55,61;56,57;59,55;58,57;56,61;59,57;57,56;55,62;59,56;58,58;58,56;57,65;58,68;58,67;59,67;56,66;57,67;57,66;59,65;57,68;59,68;59,66;58,52;59,53;58,66;59,52;58,65;59,70;61,60;62,57;60,61;63,62;63,61;61,69;62,69;61,57;61,70;62,70;61,62;60,62;61,66;62,60;62,63;61,55;61,61;63,63;62,56;62,67;62,61;62,62;63,60;60,63;62,66;60,60;61,63;62,55;61,56;61,67;66,57;67,57;64,56;65,68;65,61;68,60;65,56;66,58;68,63;65,52;64,65;64,66;66,66;64,67;65,67;64,70;65,62;67,62;66,61;64,57;67,58;68,62;66,56;66,62;64,58;65,65;68,61;66,65;67,61;65,55;67,65;65,66;64,68;64,55;64,52;65,58;66,55;65,57;67,66;66,67;66,68;69,65;69,58
54,62;54,61;53,61;53,62
63,68
60,57
63,57
56,63
53,67;56,69;54,67;55,67;56,70;55,68;55,69;53,70;54,69;53,68;55,70;53,69;54,70;54,68;56,67;56,68
60,67
63,55
59,59
57,60
70,62;69,61;69,62;70,61
64,64
60,66
67,53;69,56;70,56;67,54;68,56;67,55;67,56;70,54;70,55;69,55;68,53;68,54;69,54;68,55;70,53;69,53
57,63
56,54;56,53;55,56;53,56;54,56;53,55;53,54;53,53;54,53;55,53;55,55;55,54;54,55;54,54;56,55;56,56
60,68
63,56
63,67
63,58
63,65
60,65
60,58
56,60
59,64
63,66
60,55
64,59
60,56
58,63
62,32;63,32;62,31;63,31
58,60
66,63
67,60
67,63
65,60
66,60
65,63
69,38;69,39;69,40;70,38;71,39;70,40;70,39;71,40;71,38
68,-33
70,-143
86,56;85,56;86,55;85,55
100,44;99,44
99,-111;100,-111;100,-112;99,-112
97,-101;97,-102
99,-131;99,-130;100,-130;100,-131
102,77;101,77;101,78;100,78;102,78;101,79;100,77;100,79;102,79
102,48
101,-111;102,-112;101,-112;102,-111;103,-112;103,-111
101,47
101,48
102,49
101,49
102,47
105,50;106,50;107,50
107,-12;107,-15;107,-17;107,-10;107,-14;107,-13;107,-9;107,-16;107,-11;108,-14;108,-15;108,-12;108,-10;108,-17;108,-9;108,-13;108,-11;108,-16;110,-15;111,-10;110,-14;109,-11;109,-17;109,-15;110,-17;110,-12;111,-11;111,-12;109,-10;110,-9;111,-9;109,-14;109,-13;111,-16;110,-11;111,-15;111,-13;110,-16;110,-10;111,-14;109,-16;109,-9;111,-17;109,-12;110,-13;113,-14;115,-10;112,-10;114,-13;115,-15;112,-11;113,-17;113,-12;112,-13;112,-12;115,-9;113,-15;113,-13;113,-10;113,-9;114,-16;114,-10;114,-9;114,-14;115,-14;115,-11;112,-16;112,-14;114,-15;115,-17;115,-16;112,-9;113,-11;115,-13;115,-12;112,-15;113,-16;114,-17;114,-12;112,-17;114,-11
109,49
124,46;124,48;124,53;124,50;124,47;125,44;124,42;124,45;124,51;124,43;125,48;125,51;125,54;124,44;124,49;125,43;125,45;125,52;125,42;124,52;125,49;124,54;125,46;124,55;125,41;125,53;125,47;125,50;125,55;126,51;127,45;128,48;128,50;131,45;131,50;127,53;126,43;130,47;130,49;126,55;130,45;132,44;127,44;127,49;129,49;128,46;131,44;131,47;132,45;132,47;130,46;126,45;126,48;130,50;131,49;126,54;127,52;127,54;126,47;126,44;126,46;127,41;127,43;132,49;127,48;131,46;131,48;132,46;132,50;127,51;127,46;128,44;128,47;126,41;129,47;129,48;126,53;127,50;128,49;129,45;126,49;127,47;129,44;130,44;132,48;126,42;126,50;129,46;130,48;127,42;128,45;129,50;126,52;127,55;129,43;129,51;129,55;128,52;129,52;128,54;128,41;128,43;129,54;128,51;128,53;128,42;128,55;129,42;129,53;129,41;131,52;131,53;132,42;130,52;131,42;132,52;131,41;130,51;130,53;131,43;132,51;132,55;130,42;130,55;132,54;130,43;131,51;132,43;132,53;131,55;130,41;130,54;131,54;132,41;133,50;133,44;133,46;133,48;133,49;133,43;133,51;133,41;133,47;133,52;133,42;133,55;133,53;133,54;133,45
133,36
142,-3;146,-7;149,-7;141,-10;144,-2;145,-5;146,-5;148,-10;142,-8;142,-10;146,-10;149,-9;149,-11;140,-3;140,-6;141,-11;144,-11;146,-3;147,-2;148,-9;140,-8;141,-5;141,-9;143,-4;143,-9;144,-5;144,-6;148,-2;140,-10;141,-6;143,-10;145,-7;147,-5;147,-9;149,-4;149,-10;140,-2;141,-8;142,-9;143,-6;147,-3;149,-3;149,-8;140,-7;144,-7;146,-6;147,-6;141,-2;143,-7;140,-4;141,-7;144,-3;145,-4;147,-11;148,-4;149,-6;145,-9;145,-10;146,-9;148,-11;149,-2;142,-7;143,-8;145,-8;146,-8;140,-5;140,-9;141,-4;142,-4;143,-5;144,-4;144,-8;145,-3;145,-6;146,-4;146,-11;147,-10;148,-6;143,-2;145,-11;148,-7;142,-5;142,-11;143,-3;143,-11;144,-10;146,-2;147,-4;147,-7;148,-3;140,-11;142,-6;145,-2;147,-8;148,-8;141,-3;142,-2;144,-9;148,-5;149,-5
142,-145;142,-146;143,-144;142,-144;143,-146;143,-145
147,61;147,62;147,63;148,60;149,65;145,65;146,61;145,64;148,61;149,63;145,62;147,60;145,60;146,65;149,64;147,65;149,61;148,63;149,60;146,60;147,64;145,63;145,61;146,62;148,62;148,64;146,64;148,65;149,62;146,63
146,59