-150,49;-149,49;-148,49;-147,49;-146,49;-146,55;-147,55;-148,55;-149,55;-150,55;-145,43;-145,44;-145,45;-145,46;-145,47;-145,48;-145,49;-145,50;-145,51;-145,52;-145,53;-145,54;-141,55;-142,55;-143,55;-144,55;-145,60;-145,59;-145,58;-145,57;-145,56;-145,55;-144,49;-143,49;-142,49;-141,49;-140,49;-140,55;-139,53;-139,54;-139,55;-139,56;-138,55;-137,55;-139,60;-139,59;-139,58;-139,57;-139,43;-139,44;-139,45;-139,46;-139,47;-139,48;-139,49;-139,50;-139,51;-139,52;-138,49;-137,49;-136,49;-133,55;-134,55;-135,55;-136,55;-135,49;-134,49;-133,49
-150,122
-115,132;-116,132;-117,132;-118,132;-119,132;-120,132;-121,132;-122,132;-123,132;-124,132;-115,133;-116,133;-117,133;-118,133;-119,133;-120,133;-121,133;-122,133;-123,133;-124,133;-115,134;-116,134;-117,134;-118,134;-119,134;-120,134;-121,134;-122,134;-123,134;-124,134;-115,135;-116,135;-117,135;-118,135;-119,135;-120,135;-121,135;-122,135;-123,135;-124,135;-117,136;-118,136;-119,136;-120,136;-121,136;-122,136;-117,137;-118,137;-119,137;-120,137;-121,137;-122,137
-124,144;-124,145;-124,146;-124,147;-124,148;-124,149;-123,144;-123,145;-123,146;-123,147;-123,148;-123,149;-122,144;-122,145;-122,146;-122,147;-122,148;-122,149;-121,144;-121,145;-121,146;-121,147;-121,148;-121,149;-120,144;-120,145;-120,146;-120,147;-120,148;-120,149;-124,150;-123,150;-122,150;-121,150;-120,150;-119,144;-119,145;-119,146;-119,147;-119,148;-119,149;-119,150;-118,144;-118,145;-118,146;-118,147;-118,148;-118,149;-118,150
-123,140;-123,141;-123,142;-123,143;-122,140;-122,141;-122,142;-122,143;-121,140;-121,141;-120,140;-120,141;-121,142;-121,143;-120,142;-120,143
-120,-43;-119,-43
-111,74
-111,75
-105,83
-105,131;-105,132;-105,133;-105,134;-105,135;-105,136;-105,137;-106,131;-106,132;-106,133;-106,134;-106,135;-106,136;-106,137;-107,131;-107,132;-107,133;-107,134;-107,135;-107,136;-107,137;-108,131;-108,132;-108,133;-108,134;-108,135;-108,136;-108,137;-109,131;-109,132;-109,133;-109,134;-109,135;-109,136;-109,137;-110,131;-110,132;-110,133;-110,134;-110,135;-110,136;-110,137;-111,131;-111,132;-111,133;-111,134;-111,135;-111,136;-111,137
-104,138;-104,132;-104,133;-104,134;-104,135;-104,136;-104,137;-103,138;-103,132;-103,133;-103,134;-103,135;-103,136;-103,137;-102,138;-102,132;-102,133;-102,134;-102,135;-102,136;-102,137;-101,138;-101,132;-101,133;-101,134;-101,135;-101,136;-101,137;-100,138;-100,132;-100,133;-100,134;-100,135;-100,136;-100,137;-99,138;-99,132;-99,133;-99,134;-99,135;-99,136;-99,137;-98,138;-98,132;-98,133;-98,134;-98,135;-98,136;-98,137
-99,126;-99,127;-99,128;-99,129;-100,126;-100,127;-100,128;-100,129;-101,126;-101,127;-101,128;-101,129;-102,126;-102,127;-102,128;-102,129
-96,-60
-96,-61
-97,-60
-97,-61
-90,98
-90,99
-87,97
-82,83;-82,84;-82,85;-82,86;-83,83;-83,84;-83,85;-83,86;-84,83;-84,84;-84,85;-84,86;-85,83;-85,84;-85,85;-85,86
-74,103
-75,71;-75,72;-75,73;-75,74;-75,75;-75,76;-75,77;-75,78;-76,76;-76,77;-76,78;-77,76;-78,76;-79,76;-80,74;-80,75;-80,76;-80,77;-80,78
-68,128
-68,129
-67,128
-67,129
-55,147
-54,147
-39,-150
-35,132
-35,133;-35,134;-34,133;-34,134
-34,132
-33,132;-33,133
-33,134
-32,125
-32,132;-32,133;-32,134;-31,132;-31,133;-31,134;-30,132;-30,133;-30,134
-31,125
-30,-24
-30,125
-29,13;-29,14;-28,13;-28,14;-27,13;-27,14
-15,-114
-7,-116;-6,-116;-5,-116;-5,-115
-2,-122
4,106;4,107;4,108;4,109;4,110;4,111;5,105;5,106;5,107;5,108;5,109;5,110;5,111;6,105;6,106;6,107;6,108;6,109;6,110;6,111;7,105;7,106;7,107;7,108;7,109;7,110;7,111
14,-135;15,-135
37,-115;37,-114
47,-41;47,-40;48,-41;48,-40;49,-41;49,-40
61,-22
62,-121
78,54;78,53;79,54;79,53
78,-105
79,-137
84,41;84,42;84,40;85,40;85,41;85,42
90,45;91,45;92,45;90,46;91,46;92,46
96,42
96,-132;96,-131;97,-132;97,-131;98,-132;98,-131
105,50;106,50;106,51;107,50;107,51
110,49;110,50;111,49;111,50
124,42;124,43;124,44;124,45;124,46;124,47;124,48;124,49;124,50;124,51;124,52;124,53;124,54;124,55;125,41;125,42;125,43;125,44;125,45;125,46;125,47;125,48;125,49;125,50;125,51;125,52;125,53;125,54;125,55;126,41;126,42;126,43;126,44;126,45;126,46;126,47;126,48;126,49;126,50;127,44;127,45;127,46;127,47;127,48;127,49;127,50;128,44;128,45;128,46;128,47;128,48;128,49;128,50;129,44;129,45;129,46;129,47;129,48;129,49;129,50;130,44;130,45;130,46;130,47;130,48;130,49;130,50;131,44;131,45;131,46;131,47;131,48;131,49;131,50;132,44;132,45;132,46;132,47;132,48;132,49;132,50;126,51;126,52;126,53;126,54;126,55;127,41;127,42;127,43;127,51;127,52;127,53;127,54;127,55;128,41;128,42;128,43;128,51;128,52;128,53;128,54;128,55;129,41;129,42;129,43;129,51;129,52;129,53;129,54;129,55;130,41;130,42;130,43;130,51;130,52;130,53;130,54;130,55;131,41;131,42;131,43;131,51;131,52;131,53;131,54;131,55;132,41;132,42;132,43;132,51;132,52;132,53;132,54;132,55;133,41;133,42;133,43;133,44;133,45;133,46;133,47;133,48;133,49;133,50;133,51;133,52;133,53;133,54;133,55
130,-126
136,-16
140,-4;140,-5;140,-6;140,-7;140,-8;140,-9;140,-10;140,-11;141,-4;141,-5;141,-6;141,-7;141,-8;141,-9;141,-10;141,-11;142,-2;142,-3;142,-4;142,-5;142,-6;142,-7;142,-8;142,-9;142,-10;142,-11;143,-2;143,-3;143,-4;143,-5;143,-6;143,-7;143,-8;143,-9;143,-10;143,-11;144,-2;144,-3;144,-4;144,-5;144,-6;144,-7;144,-8;144,-9;144,-10;144,-11;145,-2;145,-3;145,-4;145,-5;145,-6;145,-7;145,-8;145,-9;145,-10;145,-11;146,-2;146,-3;146,-4;146,-5;146,-6;146,-7;146,-8;146,-9;146,-10;146,-11;147,-2;147,-3;147,-4;147,-5;147,-6;147,-7;147,-8;147,-9;147,-10;147,-11;148,-2;148,-3;148,-4;148,-5;148,-6;148,-7;148,-8;148,-9;148,-10;148,-11;149,-2;149,-3;149,-4;149,-5;149,-6;149,-7;149,-8;149,-9;149,-10;149,-11;141,-2;141,-3;140,-2;140,-3