-142,72;-146,71;-141,71;-149,70;-142,68;-139,68;-145,66;-148,65;-145,65;-142,65;-144,64;-145,72;-141,72;-150,70;-150,69;-145,67;-140,72;-139,72;-139,70;-146,66;-140,65;-147,64;-146,64;-140,64;-149,72;-146,72;-143,71;-140,71;-148,70;-146,70;-149,64;-148,69;-143,69;-147,68;-140,68;-147,67;-147,66;-141,65;-148,72;-143,72;-150,71;-140,70;-146,69;-139,69;-143,67;-141,66;-146,65;-147,70;-145,69;-140,66;-141,64;-147,71;-145,71;-139,66;-150,65;-144,65;-147,72;-142,71;-143,68;-150,66;-148,66;-150,64;-144,69;-140,69;-150,67;-142,69;-150,68;-144,68;-141,68;-149,66;-139,65;-145,64;-142,64;-139,64;-144,72;-146,67;-142,67;-140,67;-142,66;-148,64;-143,64;-150,72;-141,70;-149,69;-147,69;-144,67;-149,65;-149,71;-148,71;-144,71;-145,70;-148,67;-141,67;-139,67;-144,66;-143,66;-147,65;-144,70;-142,70;-148,68;-146,68;-149,67;-139,71;-143,70;-141,69;-149,68;-145,68;-143,65
-150,114;-150,113;-149,114;-149,113
-149,126;-149,129;-149,130;-149,128;-149,127;-150,130;-150,126;-150,127;-150,128;-150,129
-145,108
-149,120
-132,79;-133,79;-133,77;-132,78;-132,77;-133,78
-126,-77
-113,-38;-113,-36;-113,-37
-112,-43
-108,37;-108,35;-109,37;-107,35;-110,35;-110,36;-107,34;-108,34;-110,37;-107,37;-108,36;-109,36;-109,34;-110,34;-107,36;-109,35
-110,40
-107,38
-108,41
-110,39
-108,40
-110,41
-109,41
-109,39
-108,39
-108,38
-109,40
-109,38
-107,40
-107,39
-107,41
-110,38
-109,-95
-107,-94
-106,38
-106,39
-104,40
-104,41
-103,36
-104,-142;-103,-142;-102,-147;-104,-145;-103,-143;-105,-146;-104,-143;-105,-145;-105,-144;-103,-144;-102,-146;-102,-143;-105,-147;-104,-144;-104,-146;-103,-145;-103,-146;-105,-143;-102,-145;-104,-147;-103,-147;-102,-144
-106,34
-106,41
-103,37
-105,37
-103,38
-105,36
-106,35
-106,37
-105,35
-105,40
-106,36
-106,40
-103,41
-104,34
-103,39
-105,34
-105,38
-104,37
-104,39
-105,39
-105,41
-103,40
-104,35
-104,36
-104,38
-103,34
-104,-95
-103,35
-103,-95
-100,36
-99,112
-96,36;-96,37;-96,39;-96,38
-101,40;-99,40;-97,40;-100,40;-96,40;-98,40
-101,38;-101,36;-101,37;-101,39
-101,108
-98,112
-101,111
-100,111
-97,36
-102,109
-99,109;-98,110;-99,108;-100,110;-100,108;-100,109;-98,108;-99,110;-98,109;-97,108;-97,109;-97,110
-102,108
-102,111
-102,112
-102,110
-101,109
-95,37;-95,36
-98,111
-95,38;-95,39
-100,112
-101,110
-99,111
-101,112
-99,99;-98,99;-99,100;-98,101;-99,102;-99,101;-98,100;-98,102;-98,98;-99,98;-97,99;-97,100;-96,98;-97,102;-96,99;-97,101;-96,101;-97,98;-96,102;-96,100;-95,101;-95,99;-95,100;-95,98;-95,102
-87,-81
-88,-20
-73,26
-69,-139
-64,-31;-64,-30;-65,-31;-65,-30;-62,-31;-63,-30;-63,-31;-62,-30
-64,-128
-51,-110;-50,-110
-46,55;-46,54;-45,53;-45,55;-45,54;-46,53;-46,56;-45,56;-44,53;-44,56;-44,54;-44,55;-36,56;-40,55;-40,54;-43,53;-42,56;-41,56;-36,55;-42,54;-37,54;-40,56;-36,54;-34,54;-35,56;-39,54;-39,56;-37,56;-37,53;-37,55;-40,53;-39,53;-35,54;-38,53;-34,53;-41,55;-43,54;-43,56;-35,55;-34,55;-38,54;-43,55;-38,55;-41,54;-35,53;-34,56;-42,55;-42,53;-41,53;-38,56;-39,55;-36,53
-49,55;-48,53;-47,55;-49,54;-48,52;-48,54;-49,52;-49,53;-47,53;-48,55;-47,52;-47,54
-46,52
-45,52
-47,56
-44,57
-43,57
-38,57
-35,57
-33,57;-34,57;-32,57;-31,57;-34,60;-33,61;-33,58;-33,59;-33,60;-34,62;-34,59;-34,58;-34,61;-33,62;-32,59;-31,60;-32,62;-31,61;-31,58;-30,58;-32,58;-31,62;-30,61;-30,57;-32,60;-32,61;-31,59;-30,60;-30,62;-30,59
-37,57
-40,57
-42,57
-39,57
-41,57
-36,57
-33,53
-43,74
-33,56;-33,55;-32,54;-31,56;-33,54;-32,55;-32,56;-31,55;-31,54;-30,56;-30,55;-30,54
-31,53
-32,53
-43,-28
-42,-108
-39,-3;-38,-3;-37,-3;-36,-3
-40,-59
-38,31
-34,-104
-27,85;-25,82;-26,80;-26,84;-25,80;-29,83;-28,84;-28,80;-24,83;-24,84;-24,85;-26,83;-24,80;-27,83;-26,81;-26,82;-24,82;-28,82;-29,85;-24,81;-29,81;-28,81;-27,82;-29,80;-28,83;-26,85;-29,84;-27,80;-25,83;-29,82;-28,85;-25,81;-27,81;-27,84;-25,84;-25,85
-29,-11
-31,140;-32,140
-30,53
-28,5
-28,4
-25,92;-24,92;-24,89;-24,90;-24,91;-25,91;-23,88;-23,89;-26,88;-25,90;-26,90;-26,92;-26,91;-25,88;-23,90;-23,92;-26,89;-25,89;-23,91;-24,88
-22,99
-22,96
-22,98
-22,97
-22,95
-21,97
-21,99
-21,95
-21,98
-21,96
-20,95
-20,96
-20,98
-19,99
-19,96
-19,95
-19,98
-20,97
-20,99
-19,97
-18,97
-18,95
-18,99
-18,98
-18,96
-17,98
-17,96
-17,99
-16,-113
-16,-112
-17,97
-17,-131
-17,95
-16,95
-16,99
-16,96
-15,99
-12,96;-12,98;-13,99;-12,97;-14,99;-12,99;-14,95;-14,98;-13,98;-14,97;-13,96;-13,97;-14,96;-12,95;-13,95;-11,99;-11,95;-11,98;-11,97;-11,96
-16,97
-16,98
-15,98
-15,96
-15,97
-15,95
-9,-85;-9,-81;-9,-77;-7,-91;-7,-90;-7,-85;-9,-89;-9,-80;-9,-76;-8,-89;-8,-75;-9,-91;-9,-90;-9,-84;-8,-73;-7,-82;-6,-87;-9,-74;-8,-91;-8,-88;-7,-78;-7,-77;-6,-86;-8,-90;-8,-72;-7,-73;-9,-75;-7,-87;-9,-73;-7,-84;-7,-83;-7,-76;-6,-81;-8,-86;-8,-85;-8,-80;-6,-88;-6,-83;-6,-79;-9,-86;-9,-78;-8,-82;-8,-77;-7,-88;-7,-74;-7,-86;-7,-79;-7,-75;-9,-82;-9,-79;-7,-72;-9,-88;-9,-83;-8,-81;-8,-78;-6,-91;-6,-82;-8,-84;-8,-79;-8,-74;-7,-89;-7,-81;-7,-80;-9,-72;-6,-90;-6,-89;-6,-85;-9,-87;-8,-87;-8,-83;-8,-76;-6,-84;-6,-80;-6,-78;-6,-77;-6,-75;-5,-87;-6,-74;-5,-82;-4,-82;-4,-81;-4,-78;-3,-85;-2,-77;-1,-79;0,-86;1,-91;2,-72;3,-80;5,-73;6,-82;6,-73;7,-76;8,-89;9,-86;9,-82;10,-72;-6,-76;-5,-84;-5,-79;-5,-76;-4,-84;-3,-74;-2,-91;-2,-87;-2,-86;-1,-90;-1,-86;-1,-77;-1,-73;0,-85;1,-80;1,-76;2,-91;3,-79;3,-76;3,-72;4,-90;4,-78;4,-77;4,-75;5,-89;5,-84;7,-75;7,-73;8,-73;9,-91;10,-80;-5,-88;-3,-84;0,-81;0,-80;0,-74;1,-89;1,-73;2,-83;3,-86;3,-82;4,-88;7,-81;8,-85;9,-79;-5,-86;-4,-89;-4,-80;0,-87;1,-87;5,-91;5,-87;5,-86;5,-74;6,-89;6,-86;6,-84;6,-75;7,-86;7,-79;8,-75;10,-85;10,-74;-6,-73;-5,-91;-5,-72;-4,-76;-2,-82;-1,-87;-1,-80;0,-90;0,-79;0,-77;1,-88;1,-77;2,-87;2,-74;4,-89;5,-82;6,-87;6,-80;6,-77;7,-89;7,-83;8,-83;9,-73;10,-90;-5,-90;-5,-81;-3,-78;0,-73;1,-86;1,-83;3,-77;4,-74;4,-72;6,-74;7,-84;8,-91;8,-78;10,-79;10,-77;-3,-90;-2,-83;-2,-81;-1,-83;3,-84;5,-85;5,-80;5,-79;5,-78;6,-72;8,-77;9,-83;9,-78;-4,-86;-6,-72;-4,-77;-4,-73;-4,-72;-3,-80;-2,-85;-2,-79;-2,-76;-2,-75;-2,-73;-1,-89;0,-89;2,-88;2,-84;2,-77;2,-76;3,-75;4,-86;4,-84;4,-76;6,-76;7,-87;8,-80;8,-79;8,-76;9,-84;9,-75;10,-89;-5,-89;-5,-75;-5,-77;-5,-85;-5,-83;-4,-83;-4,-79;-3,-82;-3,-75;-2,-78;-1,-91;2,-89;2,-78;3,-85;3,-78;4,-82;4,-81;6,-79;7,-90;7,-80;8,-72;10,-84;10,-82;-3,-91;-4,-88;-4,-87;-4,-74;-3,-83;-3,-79;-3,-77;-2,-90;-1,-75;0,-75;0,-72;1,-82;1,-74;3,-90;3,-88;3,-74;4,-87;4,-80;5,-90;5,-81;5,-75;5,-72;6,-91;8,-81;9,-85;-1,-88;-1,-85;-1,-74;0,-82;1,-84;4,-83;6,-88;8,-87;10,-75;10,-73;-4,-85;-3,-88;-3,-87;-3,-81;-3,-72;-1,-84;-1,-82;-1,-72;1,-81;1,-75;2,-86;2,-73;3,-89;6,-90;6,-81;7,-88;7,-72;-5,-78;-3,-73;-2,-72;-1,-81;-1,-78;0,-83;0,-76;1,-79;2,-79;3,-83;3,-73;5,-76;6,-85;7,-91;7,-78;8,-74;9,-87;9,-80;10,-87;-4,-90;-2,-88;0,-84;0,-78;1,-85;5,-88;6,-78;7,-82;7,-77;7,-74;8,-88;8,-84;10,-78;-5,-80;-5,-73;-5,-74;-4,-75;-3,-89;-3,-86;-2,-89;1,-90;1,-72;2,-82;2,-80;2,-75;3,-87;4,-85;4,-79;4,-73;5,-83;5,-77;7,-85;8,-86;8,-82;9,-90;9,-89;9,-88;9,-81;10,-88;10,-86;10,-76;-4,-91;-3,-76;-2,-84;-2,-80;-2,-74;-1,-76;0,-91;0,-88;1,-78;2,-90;2,-85;2,-81;3,-91;3,-81;4,-91;6,-83;8,-90;9,-77;9,-76;9,-74;9,-72;10,-91;10,-83;10,-81
-8,0;-6,-9;-6,-8;-6,-2;-6,2;-5,7;-4,2;-4,7;-3,2;-3,3;-3,8;-3,9;-2,-7;-2,-2;-9,-9;-9,8;-7,-3;-6,1;-6,5;-6,6;-5,-9;-5,-5;-5,-4;-4,-8;-4,-2;-4,5;-9,-7;-8,2;-8,4;-7,-9;-6,-5;-6,0;-5,-7;-5,5;-5,9;-4,-1;-3,-6;-2,-1;-9,-6;-9,9;-8,9;-5,6;-9,4;-7,8;-5,2;-4,-5;-3,-5;-3,4;-2,-9;-8,-7;-7,6;-6,-4;-4,-3;-4,0;-3,-9;-9,1;-8,-2;-8,5;-8,8;-7,4;-6,-1;-3,0;-3,7;-9,-2;-9,-1;-9,5;-8,-1;-8,3;-8,6;-8,7;-5,-3;-2,-6;-9,-8;-7,-6;-6,-6;-5,4;-3,-7;-3,-1;-3,1;-9,-5;-6,8;-5,-1;-4,-7;-3,5;-9,-3;-8,-6;-8,-3;-7,-7;-7,1;-6,-3;-6,3;-5,-2;-5,1;-4,-6;-4,1;-3,-3;-3,6;-2,-4;-9,-4;-9,7;-8,1;-7,5;-6,4;-5,-8;-4,-9;-4,6;-4,8;-3,-8;-3,-4;-2,0;-9,3;-8,-5;-7,-8;-7,-5;-7,-1;-7,3;-7,7;-5,-6;-5,8;-3,-2;-8,-4;-7,-2;-7,2;-7,9;-6,9;-5,0;-4,-4;-4,9;-2,-5;-9,0;-9,2;-8,-9;-5,3;-2,-3;-9,6;-8,-8;-7,-4;-7,0;-6,-7;-6,7;-4,3;-4,4;-2,-8;-2,5;-1,-2;-1,1;-2,4;-2,3;0,2;1,8;2,-6;3,0;3,9;4,-1;7,2;8,8;9,7;10,-2;1,-7;1,5;2,-4;2,-1;3,-6;3,7;3,8;4,-8;4,0;6,-9;6,-5;6,-2;7,0;8,-9;10,-5;-1,-8;2,-3;2,2;3,-8;3,1;4,-2;4,7;5,-6;5,2;5,3;6,-7;6,0;6,4;6,9;7,-9;7,-2;8,4;9,-6;10,-1;10,5;-1,9;0,-4;2,-2;2,1;2,4;4,-7;5,-2;6,2;6,8;7,-1;8,0;9,-5;10,3;0,-7;1,-6;1,-4;5,0;9,2;10,4;-1,6;0,9;-1,-9;-1,7;0,8;2,3;3,-3;4,4;4,6;6,7;7,-6;7,-5;8,-8;8,7;9,-7;9,-3;10,-3;10,6;-1,-6;1,-8;1,-5;5,-7;5,-1;6,-4;6,-3;8,5;9,-1;9,9;10,-8;10,0;10,1;-1,-7;-1,4;0,-5;0,-3;1,9;2,0;4,-4;5,8;7,1;7,5;7,9;8,-2;8,6;9,-9;10,-9;10,-4;10,7;-1,3;0,4;0,5;1,1;2,-9;2,5;3,6;4,1;4,5;5,-3;5,5;6,-1;7,-7;7,8;8,-3;8,-1;9,-2;-1,0;-2,7;-1,2;0,-2;3,-4;3,-2;3,2;3,4;4,-3;5,-5;7,-3;9,3;10,9;-2,9;0,-8;1,2;2,-8;5,-9;5,7;7,3;7,6;-1,8;0,6;1,-1;1,0;2,-7;2,9;3,-9;4,-9;5,6;6,-6;6,5;6,6;7,-8;7,-4;7,7;8,-5;8,-4;8,3;9,0;9,4;10,8;-2,6;-1,-5;1,-3;1,4;2,6;4,-5;4,8;4,9;5,-4;5,9;6,3;7,4;8,-7;8,-6;10,2;-2,2;0,-9;0,-6;0,-1;0,3;1,-9;1,-2;1,3;1,7;2,7;2,8;3,-7;3,-1;4,-6;5,1;5,4;-2,1;-1,-3;-1,-1;-1,5;0,0;0,7;1,6;2,-5;3,-5;3,3;3,5;5,-8;6,1;8,1;9,5;9,8;10,-6;-2,8;-1,-4;0,1;4,2;4,3;6,-8;8,2;8,9;9,-8;9,-4;9,1;9,6;10,-7
-6,102;-6,104;-6,101;-7,102;-6,100;-7,104;-7,103;-5,103;-5,104;-6,103;-5,102;-7,101;-7,100;-5,100;-5,101;-4,102;-4,103;-4,104;-4,100;-4,101
-4,-128;-5,-128;-5,-127;-4,-127
27,-118;29,-118;29,-119;26,-118;28,-118
26,116;28,112;28,113;28,114;29,113;31,111;32,117;33,117;33,113;27,114;28,118;29,117;32,118;26,111;30,115;31,118;27,117;30,114;30,116;30,117;32,112;29,111;29,116;32,113;30,112;31,117;32,114;33,115;27,115;28,116;29,115;29,118;31,115;26,114;28,115;31,116;32,111;26,117;27,112;29,114;33,111;26,113;26,118;30,118;31,112;31,114;33,114;27,116;28,117;32,115;33,116;33,118;27,113;29,112;31,113;27,111;27,118;30,111;30,113;32,116;33,112;26,112;26,115;28,111
27,-113
31,89
36,-96
41,10;40,10;40,11;41,11;41,9;40,9;42,10;42,11;42,9
44,140;45,140;44,141;45,141
45,12;46,12;45,11;46,11
44,-14
44,-15
49,-41;47,-40;48,-41;48,-40;47,-41;49,-40
48,-46;47,-45;48,-44;49,-45;48,-43;47,-46;47,-44;47,-43;49,-46;48,-45;49,-44;49,-43
71,53;61,58;57,59;66,59;64,60;57,61;68,67;69,67;63,68;69,52;65,54;60,57;63,57;64,62;56,63;60,67;70,67;62,52;67,52;68,52;61,54;63,54;63,55;59,59;71,59;57,60;71,61;70,62;64,64;68,64;60,66;68,66;63,69;70,52;65,53;67,53;71,57;65,59;64,61;57,63;56,64;61,68;62,68;56,54;64,54;63,59;59,61;57,62;59,63;62,64;71,64;61,52;66,52;69,56;71,56;71,58;71,63;60,68;60,69;60,52;56,53;63,56;67,59;59,60;69,61;63,64;61,65;63,67;71,68;57,69;62,53;66,53;63,58;69,62;63,65;69,66;56,69;60,53;59,54;62,54;66,54;70,56;60,59;58,61;69,63;70,64;60,65;71,65;71,67;63,53;60,58;61,59;56,60;70,60;58,64;59,64;69,64;70,65;71,52;70,59;65,64;63,66;63,52;60,54;69,57;70,58;58,62;57,64;61,53;71,54;60,55;62,58;58,59;64,59;69,59;71,62;64,63;60,64;61,64;70,66;71,66;59,69;67,54;68,57;70,57;68,58;56,59;68,59;69,60;66,64;56,52;58,54;71,55;68,56;62,59;71,60;59,62;62,65;57,52;57,53;57,54;60,56;70,61;70,63;67,64;68,65;58,69;66,69;56,70;59,71;68,71;60,71;65,70;61,71;64,71;65,69;71,69;57,71;62,71;69,71;58,71;64,69;71,71;65,71;67,70;63,70;57,70;58,70;71,70;56,71;70,71;63,71;66,71;67,71;67,69;60,70;66,70;56,62;56,61;58,52;59,52;58,53;65,52;64,52
52,59;54,62;55,63;53,64;54,57;54,61;55,66;53,67;55,57;55,64;55,52;52,58;52,67;53,61;54,63;54,58;53,59;53,65;55,65;52,56;52,61;53,62;52,63;52,66;54,66;52,55;55,56;55,60;53,63;52,64;54,67;53,52;54,52;52,60;53,60;52,62;52,68;52,69;52,53;52,65;52,52;54,65;52,57;53,58;55,58;55,67;52,54;54,60;53,56;54,56;55,59;52,71;53,55;55,68;55,69;53,70;54,69;53,71;54,71;53,54;53,57;53,68;52,70;53,53;54,53;54,64;55,70;55,53;53,69;55,71;55,55;55,54;54,55;53,66;54,70;54,59;54,54;54,68;55,61;55,62
64,53
55,125;55,129;55,128;55,126;55,127;57,125;56,129;57,126;58,129;57,129;56,125;58,126;56,127;59,127;58,125;58,128;56,126;59,125;59,126;57,127;58,127;59,128;56,128;57,128;59,129
57,57;57,55;58,55;56,55;56,56;56,58;59,58;56,57;59,55;58,57;57,58;59,57;57,56;59,56;58,58;58,56
56,65;57,65;58,68;58,67;59,67;56,66;57,67;57,66;59,65;57,68;59,68;59,66;56,67;56,68;58,66;58,65
55,-140
58,63
58,60
59,53
59,70
62,-27;62,-26;61,-27;61,-26
62,57
61,57
61,66;62,67;62,66;61,67
61,55
62,56
62,55
61,56
64,56
65,68;64,65;64,66;66,66;64,67;65,67;65,65;66,65;67,65;65,66;64,68;67,66
65,56
64,70
64,57
65,55
64,55
65,57
66,67;67,67;66,68;67,68
68,69;69,70;68,68;69,68;69,69;70,69;70,68;70,70;68,70
70,54;70,55;69,55;68,53;68,54;69,54;68,55;70,53;69,53
69,65
69,58
79,-137
78,-105
86,-33
96,-131;96,-132;98,-132;97,-131;98,-131;97,-132
103,81;103,76;104,77;101,81;103,80;105,77;105,80;104,76;103,78;102,81;106,78;105,76;102,77;103,77;106,77;101,77;101,78;103,79;101,76;102,76;106,76;102,78;104,80;104,81;105,81;106,81;101,79;102,80;104,79;104,78;105,79;101,80;102,79;105,78;106,79;106,80
100,-138
100,-137
100,-136
102,-138
101,-137
102,-136
102,-137
101,-136
101,-138
107,49
108,50
109,49
108,48
107,48
109,47
108,-115
107,50
108,49
107,51
108,47
107,46
107,47
109,48
109,50
109,51
108,46
108,51
109,46
125,-11
123,131;123,130;124,130;124,131;125,130;125,131;126,131;126,130;127,130;127,131
126,-5
129,136;130,136;132,136;129,137;130,135;131,136;131,135;131,137;130,137;132,137
131,40
133,130;133,131;134,131;134,130
137,-2;138,-3;137,-3;138,-2
137,130;136,130;138,130
142,-3;146,-7;149,-7;141,-10;144,-2;145,-5;146,-5;148,-10;142,-8;142,-10;146,-10;149,-9;149,-11;140,-3;140,-6;141,-11;144,-11;146,-3;147,-2;148,-9;140,-8;141,-5;141,-9;143,-4;143,-9;144,-5;144,-6;148,-2;140,-10;141,-6;143,-10;145,-7;147,-5;147,-9;149,-4;149,-10;140,-2;141,-8;142,-9;143,-6;147,-3;149,-3;149,-8;140,-7;144,-7;146,-6;147,-6;141,-2;143,-7;140,-4;141,-7;144,-3;145,-4;147,-11;148,-4;149,-6;145,-9;145,-10;146,-9;148,-11;149,-2;142,-7;143,-8;145,-8;146,-8;140,-5;140,-9;141,-4;142,-4;143,-5;144,-4;144,-8;145,-3;145,-6;146,-4;146,-11;147,-10;148,-6;143,-2;145,-11;148,-7;142,-5;142,-11;143,-3;143,-11;144,-10;146,-2;147,-4;147,-7;148,-3;140,-11;142,-6;145,-2;147,-8;148,-8;141,-3;142,-2;144,-9;148,-5;149,-5
147,61;147,62;147,63;148,60;149,65;145,65;146,61;145,64;148,61;149,63;145,62;147,60;145,60;146,65;149,64;147,65;149,61;148,63;149,60;146,60;147,64;145,63;145,61;146,62;148,62;148,64;146,64;148,65;149,62;146,63
148,-30
149,29
150,72;150,67;150,73;151,72;152,70;157,65;157,67;152,72;153,72;154,66;155,70;155,71;155,72;156,63;156,65;157,72;158,64;158,70;160,67;160,70;151,71;153,63;153,67;155,64;151,63;158,73;159,72;160,64;160,68;150,63;150,71;151,64;158,63;159,66;160,73;150,68;152,68;154,64;154,73;156,70;158,71;159,64;159,65;160,69;150,65;151,66;152,67;153,65;154,72;157,63;159,67;160,63;151,70;152,64;153,69;157,68;158,67;159,69;150,64;154,65;154,69;155,66;155,67;156,72;158,69;159,70;160,65;151,67;154,63;154,68;152,63;152,71;153,64;155,65;156,69;157,69;158,66;159,71;160,66;150,69;151,68;152,73;153,66;153,73;155,63;155,68;156,67;156,68;158,72;160,71;150,70;153,68;155,73;156,73;158,65;159,63;151,65;154,67;154,70;155,69;157,64;157,73;150,66;151,69;152,65;152,69;153,70;154,71;156,64;156,66;157,70;159,68;159,73;160,72;151,73;152,66;153,71;156,71;157,66;157,71;158,68