-142,72;-146,71;-141,71;-149,70;-142,68;-139,68;-145,66;-148,65;-145,65;-142,65;-144,64;-145,72;-141,72;-150,70;-150,69;-145,67;-140,72;-139,72;-139,70;-146,66;-140,65;-147,64;-146,64;-140,64;-149,72;-146,72;-143,71;-140,71;-148,70;-146,70;-149,64;-148,69;-143,69;-147,68;-140,68;-147,67;-147,66;-141,65;-148,72;-143,72;-150,71;-140,70;-146,69;-139,69;-143,67;-141,66;-146,65;-147,70;-145,69;-140,66;-141,64;-147,71;-145,71;-139,66;-150,65;-144,65;-147,72;-142,71;-143,68;-150,66;-148,66;-150,64;-144,69;-140,69;-150,67;-142,69;-150,68;-144,68;-141,68;-149,66;-139,65;-145,64;-142,64;-139,64;-144,72;-146,67;-142,67;-140,67;-142,66;-148,64;-143,64;-150,72;-141,70;-149,69;-147,69;-144,67;-149,65;-149,71;-148,71;-144,71;-145,70;-148,67;-141,67;-139,67;-144,66;-143,66;-147,65;-144,70;-142,70;-148,68;-146,68;-149,67;-139,71;-143,70;-141,69;-149,68;-145,68;-143,65
-149,126;-149,129;-149,130;-149,128;-149,127;-150,130;-150,126;-150,127;-150,128;-150,129
-148,-145;-148,-144
-133,5;-132,8;-135,6;-134,5;-131,5;-132,7;-131,8;-135,7;-132,5;-134,6;-134,8;-134,4;-135,4;-133,8;-131,6;-132,6;-135,8;-132,4;-135,5;-131,7;-133,6;-134,7;-133,4;-133,7;-131,4
-131,-117;-130,-118;-130,-116;-129,-116;-127,-118;-127,-112;-124,-113;-129,-114;-131,-115;-127,-115;-125,-115;-125,-118;-124,-118;-130,-117;-126,-117;-126,-118;-130,-112;-130,-113;-130,-114;-126,-115;-128,-117;-125,-113;-129,-115;-124,-115;-131,-111;-128,-112;-126,-112;-131,-116;-128,-118;-129,-113;-131,-114;-127,-114;-127,-116;-125,-116;-131,-118;-130,-111;-125,-112;-131,-113;-126,-116;-129,-117;-127,-117;-128,-111;-129,-112;-128,-113;-126,-113;-124,-116;-129,-111;-128,-114;-128,-115;-129,-118;-126,-111;-128,-116;-124,-117;-124,-111;-124,-112;-126,-114;-125,-114;-130,-115;-125,-117;-127,-111;-125,-111;-131,-112;-127,-113;-124,-114
-131,-21
-128,-45
-116,132;-121,134;-115,135;-122,135;-119,132;-117,134;-120,134;-119,137;-118,132;-120,132;-117,135;-120,136;-117,132;-121,133;-124,134;-119,136;-122,137;-118,133;-122,134;-117,136;-122,132;-123,132;-117,133;-123,133;-119,135;-116,134;-118,134;-117,137;-121,137;-121,132;-115,132;-116,133;-124,135;-118,136;-119,133;-122,133;-124,133;-122,136;-120,137;-120,133;-121,135;-123,134;-124,132;-115,134;-120,135;-121,136;-118,137;-118,135;-119,134;-123,135;-115,133;-116,135
-119,-43;-120,-43
-114,10
-113,9
-113,10
-112,9;-112,10;-111,9;-111,10
-108,37;-108,35;-109,37;-107,35;-110,35;-110,36;-107,34;-108,34;-110,37;-107,37;-108,36;-109,36;-109,34;-110,34;-107,36;-109,35
-109,-93
-107,-94
-107,-24
-104,-142;-103,-142;-102,-147;-104,-145;-103,-143;-105,-146;-104,-143;-105,-145;-105,-144;-103,-144;-102,-146;-102,-143;-105,-147;-104,-144;-104,-146;-103,-145;-103,-146;-105,-143;-102,-145;-104,-147;-103,-147;-102,-144
-103,-98
-102,-98
-98,37;-98,34;-99,37;-97,39;-98,39;-99,38;-99,39;-99,34;-98,38;-98,35;-98,36;-99,36;-99,35;-97,38;-100,38;-100,37;-97,37;-100,39
-96,35;-97,35
-101,-100
-96,41;-95,41
-102,-99
-101,-99
-96,40
-102,-100
-95,40
-100,-98
-101,-98
-101,-97
-100,-94
-99,99;-98,99;-99,100;-98,101;-99,102;-99,101;-98,100;-98,102;-98,98;-99,98;-97,99;-97,100;-96,98;-97,102;-96,99;-97,101;-96,101;-97,98;-96,102;-96,100;-95,101;-95,99;-95,100;-95,98;-95,102
-96,112;-93,112;-96,111;-94,111;-92,111;-95,111;-95,110;-92,112;-93,111;-95,112;-94,110;-93,110;-92,110;-94,112;-96,110;-93,108;-95,108;-94,108;-92,109;-94,109;-93,109;-96,109;-95,109;-96,108;-92,108
-97,24;-97,23;-96,23;-96,24
-89,-85;-88,-86;-87,-84;-87,-86;-89,-86;-87,-85;-89,-84;-88,-84;-88,-85
-82,84;-83,83;-82,85;-85,83;-85,86;-84,84;-82,86;-83,85;-82,83;-84,86;-84,83;-83,86;-85,85;-83,84;-84,85;-85,84
-57,-58;-59,-58;-59,-57;-57,-59;-59,-59;-57,-57;-60,-58;-56,-57;-60,-59;-58,-58;-60,-56;-58,-59;-57,-56;-59,-56;-58,-57;-60,-57;-58,-56;-56,-58;-56,-59;-56,-56
-71,116;-71,117
-69,31;-68,29;-67,31;-65,31;-63,31;-68,28;-62,31;-65,30;-66,29;-62,28;-69,28;-69,29;-68,31;-62,30;-64,29;-63,28;-67,28;-61,29;-65,29;-64,28;-67,29;-61,28;-64,31;-63,30;-69,30;-66,30;-66,31;-63,29;-68,30;-67,30;-62,29;-61,31;-66,28;-65,28;-61,30;-64,30
-69,-139
-67,-110;-67,-111;-67,-109;-65,-109;-66,-110;-65,-110;-66,-109;-65,-111;-64,-109;-64,-110;-64,-111
-60,3;-60,7;-62,7;-60,2;-60,8;-62,2;-61,4;-61,9;-60,5;-61,1;-61,6;-62,5;-61,8;-62,4;-61,3;-62,6;-61,5;-61,7;-62,3;-60,4;-60,1;-62,9;-62,1;-61,2;-60,6;-62,8;-60,9;-58,1;-58,3;-58,2;-58,8;-57,3;-59,3;-59,7;-59,4;-59,8;-58,4;-57,2;-57,6;-59,2;-58,5;-57,8;-58,6;-58,9;-59,9;-59,5;-59,6;-57,9;-57,1;-57,4;-57,7;-58,7;-59,1;-57,5;-56,1
-61,129;-62,129;-62,128;-61,128
-62,125;-62,126
-58,125;-58,126;-57,125;-57,126
-50,92;-50,91;-51,92;-51,91
-51,123
-49,15
-50,149;-49,149
-48,15
-39,106;-40,107;-40,106;-39,107
-39,-3;-38,-3;-37,-3;-36,-3
-40,-59
-36,71
-29,108;-29,109;-28,108;-29,106;-28,107;-28,106;-29,107;-28,109;-29,110;-28,110;-27,108;-26,106;-27,109;-27,110;-27,106;-26,108;-27,107;-25,110;-26,107;-26,109;-24,110;-25,109;-26,110;-24,109;-25,106;-24,107;-24,106;-25,108;-24,108;-25,107
-33,-107
-31,-27
-27,85;-25,82;-26,80;-26,84;-25,80;-29,83;-28,84;-28,80;-24,83;-24,84;-24,85;-26,83;-24,80;-27,83;-26,81;-26,82;-24,82;-28,82;-29,85;-24,81;-29,81;-28,81;-27,82;-29,80;-28,83;-26,85;-29,84;-27,80;-25,83;-29,82;-28,85;-25,81;-27,81;-27,84;-25,84;-25,85
-31,140;-32,140
-28,-45
-23,109;-23,110;-23,107;-22,108;-22,107;-23,106;-23,108;-22,106;-22,109;-22,110;-21,106;-21,110;-21,108;-21,109;-21,107;-19,107;-20,106;-20,108;-20,110;-19,109;-19,106;-19,110;-20,109;-19,108;-20,107;-18,107;-18,109;-18,106;-18,108;-18,110
-25,66
-13,-35;-14,-39;-13,-36;-14,-38;-14,-35;-15,-36;-15,-35;-14,-36;-13,-38;-15,-39;-13,-39;-13,-37;-15,-38;-14,-37;-15,-37;-12,-39;-11,-35;-11,-38;-12,-37;-12,-36;-11,-39;-12,-38;-11,-37;-12,-35;-11,-36
-17,-142
-15,-115
-8,-55
-4,-43;-3,-42;-3,-43;-4,-41;-3,-41;-4,-42;-2,-43;-2,-42;-2,-41
-1,-34;-4,-35;-2,-35;-4,-34;-1,-35;-2,-34;-3,-35;-3,-34
2,16;5,17;4,18;4,16;5,18;2,18;2,17;3,17;3,18;3,16;5,16;4,17
5,58
7,-112
10,-48
19,-83
18,-122
24,-52
24,-32
31,79
36,-96
36,-31
39,72;38,72
40,-71;40,-70
39,-62
41,-70
41,-71
44,140;45,140;44,141;45,141
49,-41;47,-40;48,-41;48,-40;47,-41;49,-40
48,-46;47,-45;48,-44;49,-45;48,-43;47,-46;47,-44;47,-43;49,-46;48,-45;49,-44;49,-43
50,74
54,-20
55,125;55,129;55,128;55,126;55,127;57,125;56,129;57,126;58,129;57,129;56,125;58,126;56,127;59,127;58,125;58,128;56,126;59,125;59,126;57,127;58,127;59,128;56,128;57,128;59,129
58,-30;57,-30;57,-29;58,-29
63,-112;64,-111;66,-111;62,-112;61,-112;61,-111;63,-111;62,-111;65,-111;66,-112
62,-27;62,-26;61,-27;61,-26
61,-129;61,-128;62,-128;62,-129
61,-127
65,-126;64,-127;65,-127;64,-126
68,69;69,70;68,68;69,68;69,69;70,69;70,68;70,70;68,70
75,-105;74,-106;74,-105;75,-106
77,-101;77,-102
78,-105
78,-106
88,-129
92,-145;91,-144;92,-144;93,-145;91,-147;91,-140;92,-148;93,-143;91,-146;93,-144;92,-141;93,-146;91,-142;91,-148;92,-147;92,-142;91,-143;91,-145;92,-143;92,-146;92,-140;91,-141;94,-148;94,-145;93,-141;94,-147;94,-141;94,-144;94,-146;93,-140;94,-142;93,-147;93,-142;93,-148;94,-143;94,-140;95,-140;96,-141;95,-143;95,-147;96,-146;95,-146;95,-145;95,-144;95,-142;96,-140;96,-143;95,-141;96,-147;95,-148;96,-144;96,-148;96,-142;96,-145;97,-148;98,-148;98,-142;97,-144;98,-141;98,-147;97,-145;97,-143;97,-147;98,-145;97,-140;98,-146;98,-140;98,-143;97,-146;97,-141;98,-144;97,-142;99,-141;99,-140;99,-147;99,-146;99,-143;99,-144;99,-148;99,-142;99,-145
90,-146
90,-144
90,-145
90,-143
98,100;97,101;98,98;98,101;96,99;96,101;95,99;97,99;96,98;95,100;96,100;97,98;98,99;95,101;95,98;97,100
96,-131;96,-132;98,-132;97,-131;98,-131;97,-132
94,24
98,17
99,37;99,38;100,37;102,37;102,36;100,36;101,36;101,37;99,36;100,38;101,38;102,38
100,17
99,17
110,-26;111,-26
116,-26;118,-25;118,-26;121,-26;120,-25;120,-27;117,-26;117,-27;119,-27;120,-26;117,-25;119,-25;121,-27;119,-26;118,-27;121,-25
124,46;124,48;124,53;124,50;124,47;125,44;124,42;124,45;124,51;124,43;125,48;125,51;125,54;124,44;124,49;125,43;125,45;125,52;125,42;124,52;125,49;124,54;125,46;124,55;125,41;125,53;125,47;125,50;125,55;126,51;127,45;128,48;128,50;131,45;131,50;127,53;126,43;130,47;130,49;126,55;130,45;132,44;127,44;127,49;129,49;128,46;131,44;131,47;132,45;132,47;130,46;126,45;126,48;130,50;131,49;126,54;127,52;127,54;126,47;126,44;126,46;127,41;127,43;132,49;127,48;131,46;131,48;132,46;132,50;127,51;127,46;128,44;128,47;126,41;129,47;129,48;126,53;127,50;128,49;129,45;126,49;127,47;129,44;130,44;132,48;126,42;126,50;129,46;130,48;127,42;128,45;129,50;126,52;127,55;129,43;129,51;129,55;128,52;129,52;128,54;128,41;128,43;129,54;128,51;128,53;128,42;128,55;129,42;129,53;129,41;131,52;131,53;132,42;130,52;131,42;132,52;131,41;130,51;130,53;131,43;132,51;132,55;130,42;130,55;132,54;130,43;131,51;132,43;132,53;131,55;130,41;130,54;131,54;132,41;133,50;133,44;133,46;133,48;133,49;133,43;133,51;133,41;133,47;133,52;133,42;133,55;133,53;133,54;133,45
126,-5
125,-5
127,-115
129,136;130,136;132,136;129,137;130,135;131,136;131,135;131,137;130,137;132,137
133,134;134,134;133,133;134,133
142,-3;146,-7;149,-7;141,-10;144,-2;145,-5;146,-5;148,-10;142,-8;142,-10;146,-10;149,-9;149,-11;140,-3;140,-6;141,-11;144,-11;146,-3;147,-2;148,-9;140,-8;141,-5;141,-9;143,-4;143,-9;144,-5;144,-6;148,-2;140,-10;141,-6;143,-10;145,-7;147,-5;147,-9;149,-4;149,-10;140,-2;141,-8;142,-9;143,-6;147,-3;149,-3;149,-8;140,-7;144,-7;146,-6;147,-6;141,-2;143,-7;140,-4;141,-7;144,-3;145,-4;147,-11;148,-4;149,-6;145,-9;145,-10;146,-9;148,-11;149,-2;142,-7;143,-8;145,-8;146,-8;140,-5;140,-9;141,-4;142,-4;143,-5;144,-4;144,-8;145,-3;145,-6;146,-4;146,-11;147,-10;148,-6;143,-2;145,-11;148,-7;142,-5;142,-11;143,-3;143,-11;144,-10;146,-2;147,-4;147,-7;148,-3;140,-11;142,-6;145,-2;147,-8;148,-8;141,-3;142,-2;144,-9;148,-5;149,-5
147,61;147,62;147,63;148,60;149,65;145,65;146,61;145,64;148,61;149,63;145,62;147,60;145,60;146,65;149,64;147,65;149,61;148,63;149,60;146,60;147,64;145,63;145,61;146,62;148,62;148,64;146,64;148,65;149,62;146,63
150,72;150,67;150,73;151,72;152,70;157,65;157,67;152,72;153,72;154,66;155,70;155,71;155,72;156,63;156,65;157,72;158,64;158,70;160,67;160,70;151,71;153,63;153,67;155,64;151,63;158,73;159,72;160,64;160,68;150,63;150,71;151,64;158,63;159,66;160,73;150,68;152,68;154,64;154,73;156,70;158,71;159,64;159,65;160,69;150,65;151,66;152,67;153,65;154,72;157,63;159,67;160,63;151,70;152,64;153,69;157,68;158,67;159,69;150,64;154,65;154,69;155,66;155,67;156,72;158,69;159,70;160,65;151,67;154,63;154,68;152,63;152,71;153,64;155,65;156,69;157,69;158,66;159,71;160,66;150,69;151,68;152,73;153,66;153,73;155,63;155,68;156,67;156,68;158,72;160,71;150,70;153,68;155,73;156,73;158,65;159,63;151,65;154,67;154,70;155,69;157,64;157,73;150,66;151,69;152,65;152,69;153,70;154,71;156,64;156,66;157,70;159,68;159,73;160,72;151,73;152,66;153,71;156,71;157,66;157,71;158,68