-150,51;-150,52;-150,53;-149,51;-149,52;-149,53;-148,51;-148,52;-148,53;-147,51;-147,52;-147,53;-146,51;-146,52;-146,53
-146,60;-146,59;-146,58;-146,57;-146,56;-147,60;-147,59;-147,58;-147,57;-147,56;-148,60;-148,59;-148,58;-148,57;-148,56;-149,60;-149,59;-149,58;-149,57;-149,56;-150,60;-150,59;-150,58;-150,57;-150,56
-146,106;-146,107
-147,95
-138,-99
-134,123
-125,124
-133,-42;-132,-42
-132,124
-131,124;-130,124;-129,124
-129,-77
-122,94;-122,95;-122,96;-121,94;-120,94;-120,95;-121,95;-120,96;-121,96
-112,-41
-105,83
-105,126;-105,127;-105,128;-105,129;-105,130;-104,126;-104,127;-104,128;-104,129;-104,130
-103,-97;-102,-97
-95,36;-95,35;-95,34;-96,36;-96,35;-96,34;-97,36;-97,35;-97,34
-95,-60
-95,-61
-95,57
-95,58
-95,59
-94,57
-94,58
-94,59
-91,-89
-87,-84;-87,-85;-87,-86;-88,-84;-88,-85;-88,-86;-89,-84;-89,-85;-89,-86
-83,96
-75,-150;-75,-149;-74,-150;-74,-149
-75,83
-73,-150;-73,-149;-72,-150;-72,-149
-71,-150;-71,-149;-70,-150;-70,-149
-69,-59
-69,-60;-69,-61;-68,-59;-68,-60;-67,-59;-67,-60;-67,-61;-66,-59;-66,-60;-65,-59;-65,-60;-65,-61;-64,-59;-64,-60;-64,-61;-63,-59;-63,-60;-63,-61;-62,-59;-62,-61;-61,-57;-61,-58;-61,-59;-61,-60;-61,-61;-60,-57;-60,-58;-60,-59;-60,-60;-60,-61;-59,-57;-59,-58;-59,-59;-59,-60;-59,-61;-58,-58;-58,-59;-58,-60;-57,-57;-57,-58;-57,-59;-57,-60;-57,-61;-56,-58;-55,-57;-55,-58;-69,-58;-69,-57;-68,-58;-67,-58;-67,-57;-66,-58;-65,-58;-65,-57;-64,-58;-64,-57;-63,-58;-63,-57;-62,-57;-56,-59;-56,-60;-55,-60;-55,-61
-69,-62;-69,-63;-69,-64;-69,-65;-69,-66;-68,-62;-68,-66;-67,-62;-66,-62;-65,-62;-65,-63;-65,-64;-65,-65;-65,-66;-64,-62;-64,-63;-64,-64;-64,-65;-64,-66;-63,-62;-63,-66;-62,-62;-62,-66;-61,-62;-61,-66;-60,-62;-60,-63;-60,-64;-60,-65;-60,-66;-59,-62;-59,-63;-59,-64;-59,-65;-59,-66;-58,-62;-57,-62;-56,-62;-55,-62;-55,-63;-55,-64;-67,-66;-66,-66;-58,-66;-57,-66;-56,-66;-55,-66;-55,-65
-69,-67;-69,-68;-69,-69;-69,-70;-69,-71;-68,-67;-68,-68;-68,-69;-68,-70;-68,-71;-67,-70;-67,-71;-66,-70;-66,-71;-65,-67;-65,-68;-65,-69;-65,-70;-65,-71;-64,-67;-64,-68;-64,-69;-64,-70;-64,-71;-63,-67;-63,-68;-63,-69;-63,-70;-63,-71;-62,-67;-62,-68;-62,-69;-62,-70;-62,-71;-61,-67;-61,-68;-61,-69;-61,-70;-61,-71;-60,-67;-60,-68;-60,-69;-60,-70;-60,-71;-59,-67;-59,-68;-59,-69;-59,-70;-59,-71;-58,-70;-58,-71;-57,-70;-57,-71;-56,-70;-56,-71;-55,-70;-55,-71;-67,-67;-66,-67;-58,-67;-57,-67;-56,-69;-56,-68;-56,-67;-55,-69;-55,-68;-55,-67
-67,-68;-67,-69;-66,-68;-66,-69
-66,-52;-66,-53;-65,-52;-65,-53;-64,-52;-64,-53;-63,-52;-63,-53;-62,-52;-62,-53;-61,-52;-61,-53;-61,-54;-61,-55;-61,-56;-60,-52;-60,-53;-60,-54;-60,-55;-60,-56;-59,-52;-59,-53;-59,-54;-59,-55;-59,-56;-58,-52;-58,-53;-58,-54;-58,-55;-58,-56;-66,-56;-66,-55;-66,-54;-65,-56;-65,-55;-65,-54;-64,-56;-64,-55;-64,-54;-63,-56;-63,-55;-63,-54;-62,-56;-62,-55;-62,-54
-66,-61
-63,-63;-63,-64;-63,-65;-62,-63;-62,-64;-62,-65;-61,-63;-61,-64;-61,-65
-62,-60
-58,-57
-58,-61
-56,-57
-71,116;-71,117
-69,-150;-69,-149;-68,-150;-68,-149
-68,-57
-66,-57
-62,-58
-66,-114;-67,-114
-58,-69;-58,-68;-57,-69;-57,-68
-55,-59
-56,-61
-54,147
-54,-140
-51,149
-43,37
-35,115;-35,116
-20,-30
-14,33;-14,34
-9,-9;-9,-8;-9,-7;-9,-6;-9,-5;-9,-4;-9,-3;-9,-2;-9,-1;-9,0;-9,1;-9,2;-9,3;-9,4;-9,5;-9,6;-9,7;-9,8;-9,9;-8,-9;-8,-8;-8,-7;-8,-6;-8,-5;-8,-4;-8,-3;-8,-2;-8,-1;-8,0;-8,1;-8,2;-8,3;-8,4;-8,5;-8,6;-8,7;-8,8;-8,9;-7,-9;-7,-8;-7,-7;-7,-6;-7,-5;-7,-4;-7,-3;-7,-2;-7,-1;-7,0;-7,1;-7,2;-7,3;-7,4;-7,5;-7,6;-7,7;-7,8;-7,9;-6,-9;-6,-8;-6,-7;-6,-6;-6,-5;-6,-4;-6,-3;-6,-2;-6,-1;-6,0;-6,1;-6,2;-6,3;-6,4;-6,5;-6,6;-6,7;-6,8;-6,9;-5,-9;-5,-8;-5,-7;-5,-6;-5,-5;-5,-4;-5,-3;-5,-2;-5,-1;-5,0;-5,1;-5,2;-5,3;-5,4;-5,5;-5,6;-5,7;-5,8;-5,9;-4,-9;-4,-8;-4,-7;-4,-6;-4,-5;-4,-4;-4,-3;-4,-2;-4,-1;-4,0;-4,1;-4,2;-4,3;-4,4;-4,5;-4,6;-4,7;-4,8;-4,9;-3,-9;-3,-8;-3,-7;-3,-6;-3,-5;-3,-4;-3,-3;-3,-2;-3,-1;-3,0;-3,1;-3,2;-3,3;-3,4;-3,5;-3,6;-3,7;-3,8;-3,9;-2,-9;-2,-8;-2,-7;-2,-6;-2,-5;-2,-4;-2,-3;-2,-2;-2,-1;-2,0;-2,1;-2,2;-2,3;-2,4;-2,5;-2,6;-2,7;-2,8;-2,9;-1,-9;-1,-8;-1,-7;-1,-6;-1,-5;-1,-4;-1,-3;-1,-2;-1,-1;-1,0;-1,1;-1,2;-1,3;-1,4;-1,5;-1,6;-1,7;-1,8;-1,9;0,-9;0,-8;0,-7;0,-6;0,-5;0,-4;0,-3;0,-2;0,-1;0,0;0,1;0,2;0,3;0,4;0,5;0,6;0,7;0,8;0,9;1,-9;1,-8;1,-7;1,-6;1,-5;1,-4;1,-3;1,-2;1,-1;1,0;1,1;1,2;1,3;1,4;1,5;1,6;1,7;1,8;1,9;2,-9;2,-8;2,-7;2,-6;2,-5;2,-4;2,-3;2,-2;2,-1;2,0;2,1;2,2;2,3;2,4;2,5;2,6;2,7;2,8;2,9;3,-9;3,-8;3,-7;3,-6;3,-5;3,-4;3,-3;3,-2;3,-1;3,0;3,1;3,2;3,3;3,4;3,5;3,6;3,7;3,8;3,9;4,-9;4,-8;4,-7;4,-6;4,-5;4,-4;4,-3;4,-2;4,-1;4,0;4,1;4,2;4,3;4,4;4,5;4,6;4,7;4,8;4,9;5,-9;5,-8;5,-7;5,-6;5,-5;5,-4;5,-3;5,-2;5,-1;5,0;5,1;5,2;5,3;5,4;5,5;5,6;5,7;5,8;5,9;6,-9;6,-8;6,-7;6,-6;6,-5;6,-4;6,-3;6,-2;6,-1;6,0;6,1;6,2;6,3;6,4;6,5;6,6;6,7;6,8;6,9;7,-9;7,-8;7,-7;7,-6;7,-5;7,-4;7,-3;7,-2;7,-1;7,0;7,1;7,2;7,3;7,4;7,5;7,6;7,7;7,8;7,9;8,-9;8,-8;8,-7;8,-6;8,-5;8,-4;8,-3;8,-2;8,-1;8,0;8,1;8,2;8,3;8,4;8,5;8,6;8,7;8,8;8,9;9,-9;9,-8;9,-7;9,-6;9,-5;9,-4;9,-3;9,-2;9,-1;9,0;9,1;9,2;9,3;9,4;9,5;9,6;9,7;9,8;9,9;10,-9;10,-8;10,-7;10,-6;10,-5;10,-4;10,-3;10,-2;10,-1;10,0;10,1;10,2;10,3;10,4;10,5;10,6;10,7;10,8;10,9
-8,-55
2,-54;3,-54
2,52
2,53
2,54
3,54
2,57
3,52
4,52
4,53
5,52
5,53
4,54
4,55
5,54
5,55
4,56
4,57
5,56
5,57
6,52
6,53
6,54
6,55
7,52
7,53
7,54
7,55
6,56
6,57
7,56
7,57
8,52
8,53
8,54
8,55
9,52
9,53
9,54
9,55
8,56
8,57
9,56
9,57
10,52
10,53
10,54
11,52
11,53
11,54
12,52
12,53
12,54
13,53
14,53
13,54
14,54
13,55
14,55
13,56
14,56
15,52
15,53
16,52
16,53
16,55
15,57
16,58
16,59
17,58
17,59
16,60
17,60
19,60
22,-118;23,-118
23,-24
23,-23
31,88
36,-121;36,-120;36,-119;36,-118;37,-121;37,-120;37,-119;37,-118;38,-121;38,-120;38,-119;38,-118;36,-123;36,-122;37,-123;37,-122;38,-123;38,-122
36,-31
37,-115;37,-114
44,105
47,-41;47,-40;48,-41;48,-40;49,-41;49,-40
48,48;48,49;49,48;49,49
54,-148;54,-147;55,-148;55,-147
56,-32
59,-115
65,-125
78,-105
79,-137
81,-30
85,55;86,56;85,56;86,55
89,54
90,54
89,53
90,53
96,-132;96,-131;97,-132;97,-131;98,-132;98,-131
99,-131;99,-130;100,-131;100,-130
101,48
104,60
105,50;106,50;106,51;107,50;107,51
118,-23
124,77
130,-126