-150,43;-150,44;-150,45;-150,46;-150,47;-150,48;-149,43;-149,44;-149,45;-149,46;-149,47;-149,48;-148,43;-148,44;-148,45;-148,46;-148,47;-148,48;-147,43;-147,44;-147,45;-147,46;-147,47;-147,48;-146,43;-146,44;-146,45;-146,46;-146,47;-146,48
-150,49;-149,49;-148,49;-147,49;-146,49;-146,55;-147,55;-148,55;-149,55;-150,55;-145,43;-145,44;-145,45;-145,46;-145,47;-145,48;-145,49;-145,50;-145,51;-145,52;-145,53;-145,54;-141,55;-142,55;-143,55;-144,55;-145,60;-145,59;-145,58;-145,57;-145,56;-145,55;-144,49;-144,50;-144,51;-144,52;-144,53;-144,54;-143,49;-143,50;-143,51;-143,52;-143,53;-143,54;-142,49;-142,50;-142,51;-142,52;-142,53;-142,54;-141,49;-141,50;-141,51;-141,52;-141,53;-141,54;-140,49;-140,50;-140,51;-140,52;-140,53;-140,54;-140,55;-139,53;-139,54;-139,55;-139,56;-138,55;-137,55;-139,60;-139,59;-139,58;-139,57;-139,43;-139,44;-139,45;-139,46;-139,47;-139,48;-139,49;-139,50;-139,51;-139,52;-138,49;-137,49;-136,49;-133,55;-134,55;-135,55;-136,55;-135,49;-134,49;-133,49
-141,-8;-141,-7;-141,-6;-141,-5;-141,-4;-140,-8;-140,-7;-140,-6;-140,-5;-140,-4;-139,-8;-139,-7;-139,-6;-139,-5;-139,-4
-137,-39;-136,-39
-133,-40;-132,-40
-123,-69;-122,-69;-121,-69;-120,-69
-112,-41
-107,63
-107,65
-105,65
-109,-93
-107,-94
-100,36;-100,35;-100,34;-101,36;-101,35;-101,34;-102,36;-102,35;-102,34
-98,-95;-97,-95
-96,112;-95,112;-94,112;-93,112;-92,112;-96,111;-95,111;-94,111;-93,111;-92,111;-96,110;-95,110;-94,110;-93,110;-92,110;-96,109;-95,109;-94,109;-93,109;-92,109;-96,108;-95,108;-94,108;-93,108;-92,108
-87,-84;-87,-85;-87,-86;-88,-84;-88,-85;-88,-86;-89,-84;-89,-85;-89,-86
-75,-150;-75,-149;-74,-150;-74,-149
-73,-150;-73,-149;-72,-150;-72,-149
-71,-150;-71,-149;-70,-150;-70,-149
-71,116;-71,117
-69,-150;-69,-149;-68,-150;-68,-149
-50,149;-49,149
-30,124
-28,-45
-25,66
-15,-114
4,106;4,107;4,108;4,109;4,110;4,111;5,105;5,106;5,107;5,108;5,109;5,110;5,111;6,105;6,106;6,107;6,108;6,109;6,110;6,111;7,105;7,106;7,107;7,108;7,109;7,110;7,111
5,100;5,101;5,102;5,103;5,104;6,100;6,101;6,102;6,103;6,104;7,100;7,101;7,102;7,103;7,104;8,100;8,101;8,102;8,103;8,104;9,100;9,101;9,102;9,103;9,104;10,100;10,101;10,102;10,103;10,104;11,100;11,101;11,102;11,103;11,104
14,-135;15,-135
20,150
28,-148;28,-147;28,-146;29,-148;29,-147;29,-146;30,-148;30,-147;30,-146
36,-121;36,-120;36,-119;36,-118;37,-121;37,-120;37,-119;37,-118;38,-121;38,-120;38,-119;38,-118;36,-123;36,-122;37,-123;37,-122;38,-123;38,-122
45,11;45,12;46,11;46,12
62,32;63,32;62,31;63,31
61,-27;61,-26;62,-27;62,-26
74,40
74,41
74,42
74,43
74,44
74,45
74,46
75,46
78,46
78,45
79,46
79,45
80,46
80,45
75,40
75,41
75,42
75,43
75,44
75,45
76,40
76,41
76,42
76,43
76,44
76,45
76,46
77,40
77,41
77,42
77,43
77,44
77,45
77,46
78,-105
78,40
78,41
78,42
78,43
78,44
79,-137
79,40
79,41
79,42
79,43
79,44
80,40
80,41
80,42
80,43
80,44
81,40
81,41
81,42
81,43
81,44
81,45
81,46
89,54;90,54;89,53;90,53
94,41
96,-132;96,-131;97,-132;97,-131;98,-132;98,-131
101,48
105,50;106,50;106,51;107,50;107,51
110,44;110,45;110,46;111,44;111,45;111,46;112,44;112,45;112,46
110,49
110,50
111,49
111,50
130,-126
131,-126
136,-16
137,-23;137,-22;138,-23;138,-22
141,-60;141,-59;142,-60;142,-59