-150,126;-150,127;-150,128;-150,129;-150,130;-149,126;-149,127;-149,128;-149,129;-149,130
-150,131;-150,132;-150,133;-150,134;-150,135;-149,131;-149,132;-149,133;-149,134;-149,135
-148,131;-147,131;-148,132;-148,133;-148,134;-148,135;-147,132;-147,133;-147,134;-147,135
-148,130;-148,129;-148,128;-148,127;-148,126;-147,126;-147,127;-147,128;-147,129;-147,130
-149,22
-146,126
-145,126
-146,127
-145,127
-146,128
-145,128
-146,129
-145,129
-146,130
-145,130
-146,-120
-143,-117
-143,-36
-143,19
-142,-126
-142,-116
-140,-119
-140,97;-140,98;-140,99;-140,100;-139,97;-139,98;-139,99;-139,100;-138,97;-138,98;-138,99;-138,100;-137,97;-137,98;-137,99;-137,100;-136,97;-136,98;-136,99;-136,100;-135,97;-135,98;-135,99;-135,100
-137,-42;-137,-41;-136,-42;-136,-41
-137,-40;-137,-39;-137,-38
-136,-39
-133,-35
-129,9
-129,10
-128,9
-128,10
-123,-27
-120,-150
-119,-150
-118,12
-118,92;-118,91;-118,90;-117,92;-117,91;-117,90;-116,92;-116,91;-116,90;-115,92;-115,91;-115,90
-117,-24
-115,-101
-115,-67;-115,-66;-115,-65
-114,-108
-114,-107
-113,-108
-113,-107
-112,-108
-112,-107
-114,-33
-113,-56;-112,-56;-112,-55
-109,-32;-110,-32
-109,-27;-109,-26
-109,-8;-109,-7;-108,-8;-108,-7
-108,-41;-108,-40;-107,-41;-107,-40;-106,-41;-106,-40
-107,-94
-106,-94
-105,-147;-105,-146;-105,-145;-105,-144;-104,-147;-104,-146;-104,-145;-104,-144;-103,-147;-103,-146;-103,-145;-103,-144;-102,-147;-102,-146;-102,-145;-102,-144
-103,-97;-102,-97
-102,-7;-102,-6;-102,-5;-101,-7;-101,-6;-101,-5;-100,-7;-100,-6;-100,-5
-101,-97
-100,-97;-99,-97;-98,-97
-101,8;-101,9;-101,10;-100,8;-100,9;-100,10
-98,-140
-98,-71
-97,-92;-97,-91;-96,-92;-96,-91
-96,112;-95,112;-94,112;-96,111;-95,111;-94,111;-96,110;-95,110;-94,110;-96,109;-95,109;-94,109;-96,108;-95,108;-94,108;-93,112;-92,112;-93,111;-92,111;-93,110;-92,110;-93,109;-92,109;-93,108;-92,108
-95,105;-94,105;-93,105;-92,105;-95,104;-94,104;-93,104;-92,104;-95,103;-94,103;-93,103;-92,103;-95,102;-94,102;-93,102;-92,102;-95,101;-94,101;-93,101;-92,101
-93,16;-92,16;-91,14;-91,15;-91,16;-91,17;-91,18;-91,19;-91,20;-91,21;-91,22;-91,23;-90,14;-89,12;-89,13;-89,14;-88,14;-87,14;-86,14;-85,14
-92,19
-93,19
-86,27;-87,27;-84,24;-85,24;-86,24;-87,24;-84,33;-84,32;-84,31;-84,30;-84,29;-84,28;-84,27;-84,26;-84,25;-85,33;-85,32;-85,31;-85,30;-85,29;-85,28;-85,27;-85,26;-85,25;-88,32;-88,31;-88,30;-88,29;-88,28;-88,27;-88,26;-88,25;-88,24;-89,32;-90,32;-89,33;-90,33;-89,27;-90,27;-89,24;-90,24;-91,32;-91,31;-91,30;-91,29;-91,28;-91,27;-91,26;-91,25;-91,24;-92,27;-93,27;-92,24;-93,24;-88,22;-88,23
-92,26;-93,26
-92,56;-91,56;-90,56;-89,56
-92,57;-92,58;-92,59;-92,60
-91,57;-91,58;-91,59;-91,60
-90,13;-90,12
-90,57;-90,58;-90,59;-90,60
-89,-86;-89,-85;-89,-84;-88,-86;-88,-85;-88,-84;-87,-86;-87,-85;-87,-84
-89,-80
-89,57;-89,58;-89,59;-89,60
-88,-20
-88,57;-88,58;-88,59;-88,60
-87,13;-87,12
-86,25;-87,25
-86,-28
-80,-117
-79,-53;-79,-54;-80,-53;-80,-54;-78,-54
-80,149;-80,150
-78,-15
-75,-65
-75,-64
-74,31;-73,28;-73,29;-73,31;-72,28;-72,29;-72,30;-72,31;-71,28;-71,29;-71,30;-71,31;-70,28;-70,29;-70,31
-71,-130
-71,-107;-70,-107
-71,77;-71,76;-70,77;-70,76;-69,77;-69,76
-70,112;-70,113;-69,112;-69,113
-69,-142
-69,-139
-69,-20
-69,28;-69,29;-69,30;-69,31;-68,28;-68,29;-68,30;-68,31;-67,28;-67,29;-67,30;-67,31;-66,28;-66,29;-66,30;-66,31;-65,28;-65,29;-65,30;-65,31;-64,28;-64,29;-64,30;-64,31;-63,28;-63,29;-63,30;-63,31;-62,28;-62,29;-62,30;-62,31;-61,28;-61,29;-61,30;-61,31
-69,35
-65,-128
-65,-107
-65,123;-65,122;-65,121;-65,120;-65,119;-64,123;-64,122;-64,121;-64,120;-64,119;-63,120;-63,119;-62,120;-62,119;-62,118;-61,120;-61,119;-61,118
-64,-128
-64,-8
-63,-130;-63,-129;-63,-128;-62,-130;-62,-129;-62,-128;-61,-130;-61,-129;-61,-128
-59,127;-59,128
-55,-134
-55,-127
-55,-34
-54,-140
-54,92
-54,135;-53,135;-52,135;-51,135;-54,134;-53,134;-52,134;-51,134;-54,133;-53,133;-52,133;-51,133;-54,132;-53,132;-52,132;-51,132
-53,127;-53,128
-52,-107
-52,-19
-52,147;-51,147;-50,147;-49,147;-48,147;-47,147
-51,-111;-50,-111
-48,-21
-48,-20
-46,147;-45,147;-44,147
-45,43;-45,42
-43,-52
-43,104;-42,104;-41,104;-40,104;-39,104;-38,104;-43,103;-42,103;-41,103;-40,103;-39,103;-38,103;-43,102;-42,102;-41,102;-40,102;-39,102
-42,150
-41,111;-41,112;-40,111;-40,112;-39,111;-39,112;-38,111;-38,112
-41,132
-40,-59
-40,7;-40,8;-39,7;-39,8
-38,-142
-37,26;-36,26
-36,146;-35,146
-35,-65;-34,-65;-35,-64;-35,-63;-35,-62;-34,-64;-34,-63;-34,-62;-33,-65;-33,-64;-33,-63;-33,-62;-32,-65;-32,-64;-32,-63;-32,-62
-35,-10
-31,-65
-31,-64
-32,-58;-32,-57;-32,-56;-32,-55;-31,-58;-31,-57;-31,-56;-30,-60;-30,-59;-30,-58;-30,-57;-30,-56;-30,-55;-29,-60;-29,-59;-29,-58;-29,-57;-29,-56;-29,-55
-32,-6
-32,13
-32,140;-31,140
-31,-29
-31,43
-30,47
-30,46
-30,45
-31,47
-31,46
-31,45
-30,-108;-30,-107;-29,-108;-29,-107
-30,11
-30,53;-30,54;-30,55;-30,56;-30,57
-30,141;-29,141;-30,142;-29,142
-29,42;-29,43
-29,48;-29,49
-26,-108;-25,-108;-24,-108
-26,88;-26,89;-26,90;-26,91;-26,92;-25,88;-25,89;-25,90;-25,91;-25,92;-24,88;-24,89;-24,90;-24,91;-24,92;-23,88;-23,89;-23,90;-23,91;-23,92
-25,140;-26,140
-25,-113;-25,-112;-25,-111;-25,-110;-24,-113;-24,-112;-24,-111;-24,-110;-23,-113;-23,-112;-23,-111;-23,-110;-22,-113;-22,-112;-22,-111;-22,-110
-24,55;-24,56;-24,57;-24,58;-24,59;-24,60
-23,-56;-23,-55;-22,-56;-22,-55
-22,-100
-20,-133
-20,-132
-19,-133
-19,-132
-20,146;-20,147
-19,-150
-16,-33
-14,-13
-13,-142
-13,33
-12,18;-12,19;-11,18;-11,19;-10,18;-10,19;-9,18;-9,19;-8,12;-8,13;-8,14;-8,15;-8,16;-8,17;-8,18;-8,19;-7,12;-7,13;-7,14;-7,15;-7,16;-7,17;-7,18;-7,19
-11,-142
-10,38;-10,39;-10,40
-6,-126
-5,49
-4,-34;-3,-34;-4,-35;-3,-35;-2,-34;-2,-35;-1,-35;-1,-34
-3,-105
2,-54;3,-54
5,18;5,17;5,16;4,18;4,17;4,16;3,18;3,17;3,16;2,18;2,17;2,16
3,135;3,136;3,137;4,135;4,136;4,137;5,135;5,136;5,137
4,-110;4,-111
5,-148
5,-15
5,19
6,-143
6,-47;7,-47
7,-36;7,-35;7,-34;7,-33;8,-36;8,-35;8,-34;8,-33;9,-36;9,-35;9,-34;9,-33;10,-36;10,-35;10,-34;10,-33
9,137
10,-48
11,-117
12,-48
13,7
13,14
13,92;14,92;15,92;13,91;14,91;15,91;13,90;14,90;15,90
16,92
17,92
18,92
16,91
17,91
18,91
16,90
17,90
18,90
15,-117;16,-117;17,-117
15,-110
15,-100
17,-66;17,-65;18,-66;18,-65
19,-1;20,-1
19,92
20,150
21,5;22,5;23,5;24,5;25,5;26,5;27,5;28,5;29,5;21,6;22,6;23,6;24,6;25,6;26,6;27,6;28,6;29,6
21,129
23,-143;23,-142;24,-143;24,-142
23,-140;23,-139;24,-140;24,-139
23,142;23,143;24,142;24,143
25,-9
26,-118;27,-118;28,-118;29,-118;29,-119
26,-9
26,8;26,9;27,8;27,9
27,-112
27,-92;27,-93
27,86
28,-45
29,-56;29,-55;30,-56;30,-55
31,-116
32,24;33,24;33,23;32,23
34,-95
34,22
35,-96
35,-83;35,-82;35,-81;35,-80;36,-83;36,-82;36,-81;36,-80;37,-83;37,-82;37,-81;37,-80;38,-83;38,-82;38,-81;38,-80
35,10;36,10
36,-18;36,-17
38,92;38,91;38,90;37,92;37,91;37,90;36,92;36,91;36,90
36,109;36,110
37,-115
37,-114
37,-58;37,-57;38,-58;38,-57
37,-1
38,-59
38,72;39,72
38,103
40,-55;41,-55;40,-56;41,-56
39,-7
40,-96
40,-62
41,-62
40,-42;40,-41;40,-40;41,-42;41,-41;41,-40;42,-42;42,-41;42,-40
45,11;45,12;46,11;46,12
46,-122
46,-6;46,-5;47,-6;47,-5
46,-4
46,-3
47,-46;47,-45;48,-45;49,-45;47,-44;48,-44;49,-44;47,-43;48,-43;49,-43;48,-46;49,-46
47,-4
47,-3
47,103
48,-6
48,-5
48,-4;48,-3;49,-4;49,-3
48,140
49,-86
49,-5
50,-75;50,-74
51,-130
51,-121;51,-120;52,-121;52,-120
52,25;53,25;54,25;55,25;56,25;57,25;58,25;59,25;52,24;53,24;54,24;55,24;56,24;57,24;58,24;59,24;52,23;53,23;54,23;55,23;56,23;57,23;58,23;59,23;52,22;53,22;54,22;55,22;56,22;57,22;58,22;59,22
54,-94
55,-129
56,118
57,43
59,-21;59,-22;60,-21;60,-22
61,-123
61,-27;61,-26;62,-27;62,-26
63,-116
64,-127;64,-126;65,-127;65,-126
66,-11;66,-10;66,-9;67,-11;67,-10;67,-9;68,-11;68,-10;68,-9;69,-11;69,-10;69,-9;66,-8;67,-8;68,-8
67,29
71,31;71,32;72,31;72,32
87,-129
80,-138
74,-80;75,-80;76,-80;77,-80;78,-80;79,-80;80,-80;81,-80;82,-80;83,-80;84,-80;85,-80;86,-80;87,-80;88,-80;74,-81;75,-81;76,-81;77,-81;78,-81;79,-81;80,-81;81,-81;82,-81;83,-81;84,-81;85,-81;86,-81;87,-81;88,-81;74,-82;75,-82;76,-82;77,-82;78,-82;79,-82;80,-82;81,-82;82,-82;83,-82;84,-82;85,-82;86,-82;87,-82;88,-82;74,-83;75,-83;76,-83;77,-83;78,-83;79,-83;80,-83;81,-83;82,-83;83,-83;84,-83;85,-83;86,-83;87,-83;88,-83;74,-84;75,-84;76,-84;77,-84;78,-84;79,-84;80,-84;81,-84;82,-84;83,-84;84,-84;85,-84;86,-84;87,-84;88,-84;74,-85;75,-85;76,-85;77,-85;78,-85;79,-85;80,-85;81,-85;82,-85;83,-85;84,-85;85,-85;86,-85;87,-85;88,-85;74,-86;75,-86;76,-86;77,-86;78,-86;79,-86;80,-86;81,-86;82,-86;83,-86;84,-86;85,-86;86,-86;87,-86;88,-86;74,-87;75,-87;76,-87;77,-87;78,-87;79,-87;80,-87;81,-87;82,-87;83,-87;84,-87;85,-87;86,-87;87,-87;88,-87;74,-88;75,-88;76,-88;77,-88;78,-88;79,-88;80,-88;81,-88;82,-88;83,-88;84,-88;85,-88;86,-88;87,-88;88,-88;74,-89;75,-89;76,-89;77,-89;78,-89;79,-89;80,-89;81,-89;82,-89;83,-89;84,-89;85,-89;86,-89;87,-89;88,-89;74,-90;75,-90;76,-90;77,-90;78,-90;79,-90;80,-90;81,-90;82,-90;83,-90;84,-90;85,-90;86,-90;87,-90;88,-90;74,-91;75,-91;76,-91;77,-91;78,-91;79,-91;80,-91;81,-91;82,-91;83,-91;84,-91;85,-91;86,-91;87,-91;88,-91;74,-92;75,-92;76,-92;77,-92;78,-92;79,-92;80,-92;81,-92;82,-92;83,-92;84,-92;85,-92;86,-92;87,-92;88,-92;74,-93;75,-93;76,-93;77,-93;78,-93;79,-93;80,-93;81,-93;82,-93;83,-93;84,-93;85,-93;86,-93;87,-93;88,-93;74,-94;75,-94;76,-94;77,-94;78,-94;79,-94;80,-94;81,-94;82,-94;83,-94;84,-94;85,-94;86,-94;87,-94;88,-94;74,-76;75,-76;76,-76;77,-76;78,-76;79,-76;80,-76;81,-76;82,-76;83,-76;84,-76;85,-76;86,-76;87,-76;88,-76;74,-77;75,-77;76,-77;77,-77;78,-77;79,-77;80,-77;81,-77;82,-77;83,-77;84,-77;85,-77;86,-77;87,-77;88,-77;74,-78;75,-78;76,-78;77,-78;78,-78;79,-78;80,-78;81,-78;82,-78;83,-78;84,-78;85,-78;86,-78;87,-78;88,-78;74,-79;75,-79;76,-79;77,-79;78,-79;79,-79;80,-79;81,-79;82,-79;83,-79;84,-79;85,-79;86,-79;87,-79;88,-79
74,-65;75,-65;76,-65;77,-65;78,-65;79,-65;80,-65;81,-65;82,-65;83,-65;84,-65;85,-65;86,-65;87,-65;88,-65;74,-66;75,-66;76,-66;77,-66;78,-66;79,-66;80,-66;81,-66;82,-66;83,-66;84,-66;85,-66;86,-66;87,-66;88,-66;74,-64;74,-63;74,-62;74,-61;74,-60;74,-59;74,-58;75,-64;75,-63;75,-62;75,-61;75,-60;75,-59;75,-58;76,-64;76,-63;76,-62;76,-61;76,-60;76,-59;76,-58;77,-64;77,-63;77,-62;77,-61;77,-60;77,-59;77,-58;78,-64;78,-63;78,-62;78,-61;78,-60;78,-59;78,-58;79,-64;79,-63;79,-62;79,-61;79,-60;79,-59;79,-58;80,-64;80,-63;80,-62;80,-61;80,-60;80,-59;80,-58;81,-64;81,-63;81,-62;81,-61;81,-60;81,-59;81,-58;82,-64;82,-63;82,-62;82,-61;82,-60;82,-59;82,-58;83,-64;83,-63;83,-62;83,-61;83,-60;83,-59;83,-58;84,-64;84,-63;84,-62;84,-61;84,-60;84,-59;84,-58;85,-64;85,-63;85,-62;85,-61;85,-60;85,-59;85,-58;86,-64;86,-63;86,-62;86,-61;86,-60;86,-59;86,-58;87,-64;87,-63;87,-62;87,-61;87,-60;87,-59;87,-58;88,-64;88,-63;88,-62;88,-61;88,-60;88,-59;88,-58
74,-67;75,-67;76,-67;77,-67;78,-67;79,-67;80,-67;81,-67;82,-67;83,-67;84,-67;85,-67;86,-67;87,-67;88,-67;74,-68;75,-68;76,-68;77,-68;78,-68;79,-68;80,-68;81,-68;82,-68;83,-68;84,-68;85,-68;86,-68;87,-68;88,-68;74,-69;75,-69;76,-69;77,-69;78,-69;79,-69;80,-69;81,-69;82,-69;83,-69;84,-69;85,-69;86,-69;87,-69;88,-69;74,-70;75,-70;76,-70;77,-70;78,-70;79,-70;80,-70;81,-70;82,-70;83,-70;84,-70;85,-70;86,-70;87,-70;88,-70;74,-71;75,-71;76,-71;77,-71;78,-71;79,-71;80,-71;81,-71;82,-71;83,-71;84,-71;85,-71;86,-71;87,-71;88,-71;74,-72;75,-72;76,-72;77,-72;78,-72;79,-72;80,-72;81,-72;82,-72;83,-72;84,-72;85,-72;86,-72;87,-72;88,-72;74,-73;75,-73;76,-73;77,-73;78,-73;79,-73;80,-73;81,-73;82,-73;83,-73;84,-73;85,-73;86,-73;87,-73;88,-73;74,-74;75,-74;76,-74;77,-74;78,-74;79,-74;80,-74;81,-74;82,-74;83,-74;84,-74;85,-74;86,-74;87,-74;88,-74;74,-75;75,-75;76,-75;77,-75;78,-75;79,-75;80,-75;81,-75;82,-75;83,-75;84,-75;85,-75;86,-75;87,-75;88,-75
74,48;75,48;76,50;74,50;75,50;74,49;75,49;76,49;76,48;77,48;77,49;77,50;78,50;78,49;78,48;74,46;74,47;75,46;75,47;76,47;77,47;78,47;78,46;78,45;79,46;79,45;80,46;80,45
74,51;75,56;75,55;75,54;75,53;75,52;75,51;74,56;74,55;74,54;74,53;74,52;76,56;76,55;76,54;76,53;76,52;76,51;77,56;77,55;77,54;77,53;77,52;77,51;78,56;78,55;78,54;78,53;78,52;78,51;79,56;79,55;79,54;79,53;79,52;79,51
75,60;75,61;75,62;75,63;75,64;75,65;76,60;76,61;76,62;76,63;76,64;76,65;77,60;77,61;77,62;77,63;77,64;77,65;78,60;78,61;78,62;78,63;78,64;78,65;79,60;79,61;79,62;79,63;79,64;79,65
77,-149
83,46;84,47;84,46;83,47;82,47;81,47;80,47;79,47;81,51;82,51;79,50;79,49;79,48;80,51;81,50;81,49;81,48;82,50;82,49;82,48;80,50;80,49;80,48
80,54;81,56;82,56;80,55;81,55;82,55;80,56;81,54;82,54;80,52;82,53;80,53;81,53;81,52;82,52;83,48;84,56;83,56;84,55;83,55;84,54;83,54;84,53;83,53;84,52;83,52;84,51;83,51;84,50;83,50;84,49;83,49;84,48
88,79;88,78;88,77;88,76;87,79;87,78;87,77;87,76;86,79;86,78;86,77;86,76;85,79;85,78;85,77;85,76;84,79;84,78;84,77;84,76;83,79;83,78;83,77;83,76
85,48;85,54;86,54;85,53;86,53;85,52;86,52;85,51;86,51;85,50;86,50;85,49;86,49;86,48;87,51;87,52;88,51;88,52;89,51;89,52;90,51;90,52;87,48;87,49;87,50;88,48;88,49;88,50;89,48;89,49;89,50;90,48;90,49;90,50;85,46;85,47;86,47;86,46
85,55;86,56;87,56;88,56;89,56;90,56;91,56;92,56;93,56;94,56;85,56;86,55;87,55;88,55;89,55;90,55;91,55;92,55;93,55;94,55;87,53;88,54;89,54;90,54;91,54;92,54;93,54;94,54;87,54;88,53;89,53;90,53;91,53;92,53;93,53;94,53
85,84
85,88
85,90
85,93
85,94
85,95
85,97
85,99
85,100
85,101
85,102
85,103
85,104
85,105
85,106
85,107
85,108
85,109
85,110
85,111
85,112
85,113
91,48;91,52;91,51;91,50;91,49;92,52;92,51;92,50;92,49;92,48;93,52;93,51;93,50;93,49;93,48;94,52;94,51;94,50;94,49;94,48;87,46;87,47;88,46;88,47;89,46;89,47;90,46;90,47;91,46;91,47;92,46;92,47;93,46;93,47;94,46;94,47
88,75
88,80
88,81
88,82
88,83
88,89
88,90
94,-125
89,75
89,76
89,80
89,81
89,82
89,83
89,89
89,90
90,75
90,76
90,77
90,78
90,79
90,80
90,81
90,83
90,89
90,90
91,75
91,76
91,77
91,78
91,81
91,82
91,83
91,89
91,90
92,75
92,76
92,77
92,78
92,81
92,82
92,83
92,89
92,90
93,75
93,76
93,77
93,78
93,79
93,80
93,81
93,82
93,83
93,89
93,90
94,24
94,75
94,76
94,77
94,78
94,79
94,80
94,81
94,82
94,83
94,89
94,90
95,75
95,76
95,77
95,78
95,79
95,80
95,81
95,82
95,89
95,90
96,75
96,76
96,77
96,78
96,79
96,80
96,81
96,82
96,83
96,89
96,90
97,75
97,76
97,77
97,78
97,79
97,80
97,81
97,83
97,89
97,90
98,17
98,75
98,76
98,77
98,78
98,79
98,81
98,90
99,17
99,75
99,76
99,77
99,78
99,79
99,81
99,90
100,17
100,33;100,34
100,75
100,76
100,90
101,-28
101,75
101,83
101,89
101,90
102,83
102,89
102,90
103,89
103,90
104,84
104,85
104,86
104,87
104,88
104,89
104,90
105,75
105,82
105,83
105,84
105,85
105,86
105,87
105,88
105,89
105,90
106,75
106,82
106,83
106,84
106,85
106,86
106,87
106,88
106,89
106,90
118,-118;119,-118;120,-118;121,-118;122,-118;118,-119;119,-119;120,-119;121,-119;122,-119;118,-120;119,-120;120,-120;121,-120;122,-120;118,-121;119,-121;120,-121;121,-121;122,-121
116,-120
109,-102;110,-102;109,-103;110,-103
107,75
107,76
107,80
107,81
107,82
107,83
107,84
107,85
107,86
107,87
107,88
107,89
107,90
108,75
108,76
108,77
108,78
108,79
108,80
108,81
108,82
108,83
108,84
108,85
108,86
108,87
108,88
108,89
108,90
109,75
109,76
109,77
109,78
109,79
109,80
109,81
109,82
109,83
109,84
109,85
109,86
109,87
109,88
109,89
109,90
110,75
110,76
110,77
110,78
110,79
110,80
110,81
110,82
110,83
110,84
110,85
110,86
110,87
110,88
110,89
110,90
114,-22
119,-12;119,-11;120,-12;120,-11
117,55
117,57
117,58
118,57
118,58
119,57
119,58
120,-20
120,57
120,58
121,57
121,58
122,-11
122,57
122,58
123,56
123,57
123,58
130,-113
126,-118;127,-118;126,-119;127,-119
130,-124;131,-124;130,-125;131,-125
130,-126
131,-126
124,57
124,58
125,-12
125,57
125,58
126,-12;126,-11;127,-12;127,-11
126,57
126,58
127,-13
127,57
127,58
128,-11;128,-10;129,-11;129,-10
128,-8
128,32;128,33
128,57
128,58
129,-12
129,-4;129,-3;129,-2;130,-4;130,-3;130,-2
131,-4;131,-3;131,-2
129,57
129,58
129,60
130,57
130,58
130,60
130,61
130,62
130,70
130,71
130,72
130,73
131,-140;131,-139;132,-140;132,-139
131,57
131,58
131,60
131,61
131,62
131,70
131,71
131,72
131,73
132,57
132,58
132,60
132,61
132,71
132,72
132,73
133,-5
133,57
133,58
133,60
133,61
133,62
133,70
133,71
133,72
133,73
134,-17
134,37
134,57
134,58
134,60
134,61
134,62
134,70
134,71
134,72
134,73
135,57
135,58
135,60
135,61
135,62
135,63
135,69
135,70
135,71
135,72
135,73
136,57
136,58
136,60
136,61
136,62
136,67
136,68
136,69
136,70
136,71
136,72
136,73
137,-4
137,-2;137,-3;138,-2;138,-3
137,56
137,57
137,58
137,60
137,61
137,62
137,63
137,67
137,68
137,69
137,70
137,71
137,72
137,73
139,-143
138,-143
138,56
138,57
138,58
138,62
138,68
138,70
138,71
139,-74
139,-73
139,-72
139,-71
139,-42
139,56
139,57
139,58
140,-74;140,-73
140,-72
140,-71
140,-2;140,-3;140,-4;140,-5;140,-6;140,-7;140,-8;140,-9;140,-10;140,-11;141,-2;141,-3;141,-4;141,-5;141,-6;141,-7;141,-8;141,-9;141,-10;141,-11;142,-2;142,-3;142,-4;142,-5;142,-6;142,-7;142,-8;142,-9;142,-10;142,-11;143,-2;143,-3;143,-4;143,-5;143,-6;143,-7;143,-8;143,-9;143,-10;143,-11;144,-2;144,-3;144,-4;144,-5;144,-6;144,-7;144,-8;144,-9;144,-10;144,-11;145,-2;145,-3;145,-4;145,-5;145,-6;145,-7;145,-8;145,-9;145,-10;145,-11;146,-2;146,-3;146,-4;146,-5;146,-6;146,-7;146,-8;146,-9;146,-10;146,-11;147,-2;147,-3;147,-4;147,-5;147,-6;147,-7;147,-8;147,-9;147,-10;147,-11;148,-2;148,-3;148,-4;148,-5;148,-6;148,-7;148,-8;148,-9;148,-10;148,-11;149,-2;149,-3;149,-4;149,-5;149,-6;149,-7;149,-8;149,-9;149,-10;149,-11
140,56
140,57
140,58
141,57
141,58
142,-146;142,-145;142,-144;143,-146;143,-145;143,-144
142,57
142,58
142,107;142,108
143,-14
143,57
143,58
144,57
144,58
145,-58
145,-57;146,-57
145,-37;146,-37;147,-37;148,-37
145,57
145,58
146,57
146,58
148,-34;148,-33
149,-83;149,-82
149,-41
149,6
150,63;150,64;150,65;150,66;150,67;150,68;150,69;150,70;150,71;150,72;150,73;151,63;151,64;151,65;151,66;151,67;151,68;151,69;151,70;151,71;151,72;151,73;152,63;152,64;152,65;152,66;152,67;152,68;152,69;152,70;152,71;152,72;152,73;153,63;153,64;153,65;153,66;153,67;153,68;153,69;153,70;153,71;153,72;153,73;154,63;154,64;154,65;154,66;154,67;154,68;154,69;154,70;154,71;154,72;154,73;155,63;155,64;155,65;155,66;155,67;155,68;155,69;155,70;155,71;155,72;155,73;156,63;156,64;156,65;156,66;156,67;156,68;156,69;156,70;156,71;156,72;156,73;157,63;157,64;157,65;157,66;157,67;157,68;157,69;157,70;157,71;157,72;157,73;158,63;158,64;158,65;158,66;158,67;158,68;158,69;158,70;158,71;158,72;158,73;159,63;159,64;159,65;159,66;159,67;159,68;159,69;159,70;159,71;159,72;159,73;160,63;160,64;160,65;160,66;160,67;160,68;160,69;160,70;160,71;160,72;160,73