-142,72;-146,71;-141,71;-149,70;-142,68;-139,68;-145,66;-148,65;-145,65;-142,65;-144,64;-145,72;-141,72;-150,70;-150,69;-145,67;-140,72;-139,72;-139,70;-146,66;-140,65;-147,64;-146,64;-140,64;-149,72;-146,72;-143,71;-140,71;-148,70;-146,70;-149,64;-148,69;-143,69;-147,68;-140,68;-147,67;-147,66;-141,65;-148,72;-143,72;-150,71;-140,70;-146,69;-139,69;-143,67;-141,66;-146,65;-147,70;-145,69;-140,66;-141,64;-147,71;-145,71;-139,66;-150,65;-144,65;-147,72;-142,71;-143,68;-150,66;-148,66;-150,64;-144,69;-140,69;-150,67;-142,69;-150,68;-144,68;-141,68;-149,66;-139,65;-145,64;-142,64;-139,64;-144,72;-146,67;-142,67;-140,67;-142,66;-148,64;-143,64;-150,72;-141,70;-149,69;-147,69;-144,67;-149,65;-149,71;-148,71;-144,71;-145,70;-148,67;-141,67;-139,67;-144,66;-143,66;-147,65;-144,70;-142,70;-148,68;-146,68;-149,67;-139,71;-143,70;-141,69;-149,68;-145,68;-143,65
-142,90;-143,90
-141,87
-130,-80
-123,26;-122,26
-119,-43;-120,-43
-114,-107
-114,-108
-113,-107
-113,-108
-112,-108
-112,-107
-109,-93
-96,112;-93,112;-96,111;-94,111;-92,111;-95,111;-95,110;-92,112;-93,111;-95,112;-94,110;-93,110;-92,110;-94,112;-96,110;-93,108;-95,108;-94,108;-92,109;-94,109;-93,109;-96,109;-95,109;-96,108;-92,108
-94,-89;-94,-88;-94,-87;-95,-88;-95,-89;-95,-87
-89,-85;-88,-86;-87,-84;-87,-86;-89,-86;-87,-85;-89,-84;-88,-84;-88,-85
-88,-63;-88,-66;-88,-64;-89,-66;-89,-64;-88,-65;-89,-65;-89,-63
-75,-150;-75,-149;-74,-149;-74,-150
-73,-150;-73,-149;-72,-150;-72,-149
-71,-150;-71,-149;-70,-150;-70,-149
-71,116;-71,117
-69,-149;-69,-150;-68,-149;-68,-150
-67,-114;-66,-114
-60,3;-60,7;-62,7;-60,2;-60,8;-62,2;-61,4;-61,9;-60,5;-61,1;-61,6;-62,5;-61,8;-62,4;-61,3;-62,6;-61,5;-61,7;-62,3;-60,4;-60,1;-62,9;-62,1;-61,2;-60,6;-62,8;-60,9;-58,1;-58,3;-58,2;-58,8;-57,3;-59,3;-59,7;-59,4;-59,8;-58,4;-57,2;-57,6;-59,2;-58,5;-57,8;-58,6;-58,9;-59,9;-59,5;-59,6;-57,9;-57,1;-57,4;-57,7;-58,7;-59,1;-57,5;-56,1
-49,112
-44,108
-44,107
-44,106
-45,107
-45,106
-45,108
-31,-27
-27,85;-25,82;-26,80;-26,84;-25,80;-29,83;-28,84;-28,80;-24,83;-24,84;-24,85;-26,83;-24,80;-27,83;-26,81;-26,82;-24,82;-28,82;-29,85;-24,81;-29,81;-28,81;-27,82;-29,80;-28,83;-26,85;-29,84;-27,80;-25,83;-29,82;-28,85;-25,81;-27,81;-27,84;-25,84;-25,85
-26,-125
-17,-21
-15,-114
-9,-85;-9,-81;-9,-77;-7,-91;-7,-90;-7,-85;-9,-89;-9,-80;-9,-76;-8,-89;-8,-75;-9,-91;-9,-90;-9,-84;-8,-73;-7,-82;-6,-87;-9,-74;-8,-91;-8,-88;-7,-78;-7,-77;-6,-86;-8,-90;-8,-72;-7,-73;-9,-75;-7,-87;-9,-73;-7,-84;-7,-83;-7,-76;-6,-81;-8,-86;-8,-85;-8,-80;-6,-88;-6,-83;-6,-79;-9,-86;-9,-78;-8,-82;-8,-77;-7,-88;-7,-74;-7,-86;-7,-79;-7,-75;-9,-82;-9,-79;-7,-72;-9,-88;-9,-83;-8,-81;-8,-78;-6,-91;-6,-82;-8,-84;-8,-79;-8,-74;-7,-89;-7,-81;-7,-80;-9,-72;-6,-90;-6,-89;-6,-85;-9,-87;-8,-87;-8,-83;-8,-76;-6,-84;-6,-80;-6,-78;-6,-77;-6,-75;-5,-87;-6,-74;-5,-82;-4,-82;-4,-81;-4,-78;-3,-85;-2,-77;-1,-79;0,-86;1,-91;2,-72;3,-80;5,-73;6,-82;6,-73;7,-76;8,-89;9,-86;9,-82;10,-72;-6,-76;-5,-84;-5,-79;-5,-76;-4,-84;-3,-74;-2,-91;-2,-87;-2,-86;-1,-90;-1,-86;-1,-77;-1,-73;0,-85;1,-80;1,-76;2,-91;3,-79;3,-76;3,-72;4,-90;4,-78;4,-77;4,-75;5,-89;5,-84;7,-75;7,-73;8,-73;9,-91;10,-80;-5,-88;-3,-84;0,-81;0,-80;0,-74;1,-89;1,-73;2,-83;3,-86;3,-82;4,-88;7,-81;8,-85;9,-79;-5,-86;-4,-89;-4,-80;0,-87;1,-87;5,-91;5,-87;5,-86;5,-74;6,-89;6,-86;6,-84;6,-75;7,-86;7,-79;8,-75;10,-85;10,-74;-6,-73;-5,-91;-5,-72;-4,-76;-2,-82;-1,-87;-1,-80;0,-90;0,-79;0,-77;1,-88;1,-77;2,-87;2,-74;4,-89;5,-82;6,-87;6,-80;6,-77;7,-89;7,-83;8,-83;9,-73;10,-90;-5,-90;-5,-81;-3,-78;0,-73;1,-86;1,-83;3,-77;4,-74;4,-72;6,-74;7,-84;8,-91;8,-78;10,-79;10,-77;-3,-90;-2,-83;-2,-81;-1,-83;3,-84;5,-85;5,-80;5,-79;5,-78;6,-72;8,-77;9,-83;9,-78;-4,-86;-6,-72;-4,-77;-4,-73;-4,-72;-3,-80;-2,-85;-2,-79;-2,-76;-2,-75;-2,-73;-1,-89;0,-89;2,-88;2,-84;2,-77;2,-76;3,-75;4,-86;4,-84;4,-76;6,-76;7,-87;8,-80;8,-79;8,-76;9,-84;9,-75;10,-89;-5,-89;-5,-75;-5,-77;-5,-85;-5,-83;-4,-83;-4,-79;-3,-82;-3,-75;-2,-78;-1,-91;2,-89;2,-78;3,-85;3,-78;4,-82;4,-81;6,-79;7,-90;7,-80;8,-72;10,-84;10,-82;-3,-91;-4,-88;-4,-87;-4,-74;-3,-83;-3,-79;-3,-77;-2,-90;-1,-75;0,-75;0,-72;1,-82;1,-74;3,-90;3,-88;3,-74;4,-87;4,-80;5,-90;5,-81;5,-75;5,-72;6,-91;8,-81;9,-85;-1,-88;-1,-85;-1,-74;0,-82;1,-84;4,-83;6,-88;8,-87;10,-75;10,-73;-4,-85;-3,-88;-3,-87;-3,-81;-3,-72;-1,-84;-1,-82;-1,-72;1,-81;1,-75;2,-86;2,-73;3,-89;6,-90;6,-81;7,-88;7,-72;-5,-78;-3,-73;-2,-72;-1,-81;-1,-78;0,-83;0,-76;1,-79;2,-79;3,-83;3,-73;5,-76;6,-85;7,-91;7,-78;8,-74;9,-87;9,-80;10,-87;-4,-90;-2,-88;0,-84;0,-78;1,-85;5,-88;6,-78;7,-82;7,-77;7,-74;8,-88;8,-84;10,-78;-5,-80;-5,-73;-5,-74;-4,-75;-3,-89;-3,-86;-2,-89;1,-90;1,-72;2,-82;2,-80;2,-75;3,-87;4,-85;4,-79;4,-73;5,-83;5,-77;7,-85;8,-86;8,-82;9,-90;9,-89;9,-88;9,-81;10,-88;10,-86;10,-76;-4,-91;-3,-76;-2,-84;-2,-80;-2,-74;-1,-76;0,-91;0,-88;1,-78;2,-90;2,-85;2,-81;3,-91;3,-81;4,-91;6,-83;8,-90;9,-77;9,-76;9,-74;9,-72;10,-91;10,-83;10,-81
-3,-105
17,-145
22,-75;23,-75
23,-25
25,-103
46,-1
49,-41;47,-40;48,-41;48,-40;47,-41;49,-40
48,-46
55,-42
62,32;63,32;62,31;63,31
65,-125
90,43;92,44;91,44;90,44;91,43;92,43
87,45
94,41
98,48
99,48
99,47
100,48
97,-101;97,-102
99,-131;99,-130;100,-130;100,-131
101,-111;102,-112;101,-112;102,-111;103,-112;103,-111
111,-101;111,-102;111,-100;112,-100;113,-101;113,-102;112,-101;113,-100;112,-102
116,-26;118,-25;118,-26;121,-26;120,-25;120,-27;117,-26;117,-27;119,-27;120,-26;117,-25;119,-25;121,-27;119,-26;118,-27;121,-25
124,46;124,48;124,53;124,50;124,47;125,44;124,42;124,45;124,51;124,43;125,48;125,51;125,54;124,44;124,49;125,43;125,45;125,52;125,42;124,52;125,49;124,54;125,46;124,55;125,41;125,53;125,47;125,50;125,55;126,51;127,45;128,48;128,50;131,45;131,50;127,53;126,43;130,47;130,49;126,55;130,45;132,44;127,44;127,49;129,49;128,46;131,44;131,47;132,45;132,47;130,46;126,45;126,48;130,50;131,49;126,54;127,52;127,54;126,47;126,44;126,46;127,41;127,43;132,49;127,48;131,46;131,48;132,46;132,50;127,51;127,46;128,44;128,47;126,41;129,47;129,48;126,53;127,50;128,49;129,45;126,49;127,47;129,44;130,44;132,48;126,42;126,50;129,46;130,48;127,42;128,45;129,50;126,52;127,55;129,43;129,51;129,55;128,52;129,52;128,54;128,41;128,43;129,54;128,51;128,53;128,42;128,55;129,42;129,53;129,41;131,52;131,53;132,42;130,52;131,42;132,52;131,41;130,51;130,53;131,43;132,51;132,55;130,42;130,55;132,54;130,43;131,51;132,43;132,53;131,55;130,41;130,54;131,54;132,41;133,50;133,44;133,46;133,48;133,49;133,43;133,51;133,41;133,47;133,52;133,42;133,55;133,53;133,54;133,45
137,-2;138,-3;137,-3;138,-2
146,59