-150,108
-150,148
-148,12
-143,-34
-143,-7
-125,-83
-120,-43;-119,-43
-118,-52
-113,-36;-113,-37;-113,-38
-110,20
-108,-95
-107,-97;-106,-97
-107,-94
-103,-97;-102,-97
-97,39;-97,38;-97,37;-98,39;-98,38;-98,37;-98,36;-98,35;-98,34;-99,39;-99,38;-99,37;-99,36;-99,35;-99,34;-100,39;-100,38;-100,37
-99,-94;-98,-94
-96,-21
-95,-21
-87,-84;-87,-85;-87,-86;-88,-84;-88,-85;-88,-86;-89,-84;-89,-85;-89,-86
-88,-20
-78,110
-77,110;-76,110;-75,110
-78,108
-77,108;-76,108;-75,108
-73,-150;-73,-149;-72,-150;-72,-149
-64,-68;-64,-69;-64,-70;-64,-71;-63,-68;-63,-69;-63,-70;-63,-71;-62,-68;-62,-69;-62,-70;-62,-71;-61,-68;-61,-69;-61,-70;-61,-71;-60,-68;-60,-69;-60,-70;-60,-71;-59,-68;-59,-69;-59,-70;-59,-71
-71,52;-71,53;-71,54;-71,55;-71,56;-71,57;-70,52;-70,53;-70,54;-70,55;-70,56;-70,57;-69,52;-69,53;-69,54;-69,55;-69,56;-69,57;-68,52;-68,53;-68,54;-68,55;-68,56;-68,57;-67,52;-67,53;-67,54;-67,55;-67,56;-67,57;-66,52;-66,53;-66,54;-66,55;-66,56;-66,57
-69,-150;-69,-149;-68,-150;-68,-149
-69,-139
-62,126
-62,125
-48,126
-40,-59
-29,106;-29,107;-29,108;-29,109;-28,106;-28,107;-28,108;-28,109;-29,110;-28,110;-27,106;-27,107;-27,108;-27,109;-27,110;-26,109;-26,110;-25,109;-25,110;-24,109;-24,110;-26,106;-26,107;-26,108;-25,106;-25,107;-25,108;-24,106;-24,107;-24,108
-32,140;-31,140
-30,143;-29,143;-30,144;-29,144
-25,66
-17,-23
-15,-115
-15,-66
-15,-65
-13,68
-9,-91;-9,-90;-9,-89;-9,-88;-9,-87;-9,-86;-9,-85;-9,-84;-9,-83;-9,-82;-9,-81;-9,-80;-9,-79;-9,-78;-9,-77;-9,-76;-9,-75;-9,-74;-9,-73;-9,-72;-8,-91;-8,-90;-8,-89;-8,-88;-8,-87;-8,-86;-8,-85;-8,-84;-8,-83;-8,-82;-8,-81;-8,-80;-8,-79;-8,-78;-8,-77;-8,-76;-8,-75;-8,-74;-8,-73;-8,-72;-7,-91;-7,-90;-7,-89;-7,-88;-7,-87;-7,-86;-7,-85;-7,-83;-7,-82;-7,-81;-7,-80;-7,-79;-7,-78;-7,-77;-7,-76;-7,-75;-7,-74;-7,-73;-7,-72;-6,-91;-6,-90;-6,-89;-6,-88;-6,-87;-6,-86;-6,-85;-6,-84;-6,-83;-6,-82;-6,-81;-6,-80;-6,-79;-6,-78;-6,-77;-6,-76;-6,-75;-6,-74;-6,-73;-6,-72;-5,-91;-5,-90;-5,-89;-5,-88;-5,-87;-5,-86;-5,-85;-5,-84;-5,-83;-5,-82;-5,-81;-5,-80;-5,-79;-5,-78;-5,-77;-5,-76;-5,-75;-5,-74;-5,-73;-5,-72;-4,-91;-4,-90;-4,-89;-4,-88;-4,-87;-4,-86;-4,-85;-4,-84;-4,-83;-4,-82;-4,-81;-4,-80;-4,-79;-4,-78;-4,-77;-4,-76;-4,-75;-4,-74;-4,-73;-4,-72;-3,-91;-3,-90;-3,-89;-3,-88;-3,-87;-3,-86;-3,-85;-3,-84;-3,-83;-3,-82;-3,-81;-3,-80;-3,-79;-3,-78;-3,-77;-3,-76;-3,-75;-3,-74;-3,-73;-3,-72;-2,-91;-2,-90;-2,-89;-2,-88;-2,-87;-2,-86;-2,-85;-2,-84;-2,-83;-2,-82;-2,-81;-2,-80;-2,-79;-2,-78;-2,-77;-2,-76;-2,-75;-2,-74;-2,-73;-2,-72;-1,-91;-1,-90;-1,-89;-1,-88;-1,-87;-1,-86;-1,-85;-1,-84;-1,-83;-1,-82;-1,-81;-1,-80;-1,-79;-1,-78;-1,-77;-1,-76;-1,-75;-1,-74;-1,-73;-1,-72;0,-91;0,-90;0,-89;0,-88;0,-87;0,-86;0,-85;0,-84;0,-83;0,-82;0,-81;0,-80;0,-79;0,-78;0,-77;0,-76;0,-75;0,-74;0,-73;0,-72;1,-91;1,-90;1,-89;1,-88;1,-87;1,-86;1,-85;1,-84;1,-83;1,-82;1,-81;1,-80;1,-79;1,-78;1,-77;1,-76;1,-75;1,-74;1,-73;1,-72;2,-91;2,-90;2,-89;2,-88;2,-87;2,-86;2,-85;2,-84;2,-83;2,-82;2,-81;2,-80;2,-79;2,-78;2,-77;2,-76;2,-75;2,-74;2,-73;2,-72;3,-91;3,-90;3,-89;3,-88;3,-87;3,-86;3,-85;3,-84;3,-83;3,-82;3,-81;3,-80;3,-79;3,-78;3,-77;3,-76;3,-75;3,-74;3,-73;3,-72;4,-91;4,-90;4,-89;4,-88;4,-87;4,-86;4,-85;4,-84;4,-83;4,-82;4,-81;4,-80;4,-79;4,-78;4,-77;4,-76;4,-75;4,-74;4,-73;4,-72;5,-91;5,-90;5,-89;5,-88;5,-87;5,-86;5,-85;5,-84;5,-83;5,-82;5,-81;5,-80;5,-79;5,-78;5,-77;5,-76;5,-75;5,-74;5,-73;5,-72;6,-91;6,-90;6,-89;6,-88;6,-87;6,-86;6,-85;6,-84;6,-83;6,-82;6,-81;6,-80;6,-79;6,-78;6,-77;6,-76;6,-75;6,-74;6,-73;6,-72;7,-91;7,-90;7,-89;7,-88;7,-87;7,-86;7,-85;7,-84;7,-83;7,-82;7,-81;7,-80;7,-79;7,-78;7,-77;7,-76;7,-75;7,-74;7,-73;7,-72;8,-91;8,-90;8,-89;8,-88;8,-87;8,-86;8,-85;8,-84;8,-83;8,-82;8,-81;8,-80;8,-79;8,-78;8,-77;8,-76;8,-75;8,-74;8,-73;8,-72;9,-91;9,-90;9,-89;9,-88;9,-87;9,-86;9,-85;9,-84;9,-83;9,-82;9,-81;9,-80;9,-79;9,-78;9,-77;9,-76;9,-75;9,-74;9,-73;9,-72;10,-91;10,-90;10,-89;10,-88;10,-87;10,-86;10,-85;10,-84;10,-83;10,-82;10,-81;10,-80;10,-79;10,-78;10,-77;10,-76;10,-75;10,-74;10,-73;10,-72
-7,-84
-5,-128;-5,-127;-4,-128;-4,-127
-5,44
-5,45
-4,44
-4,45
-3,44
-3,45
-2,44
-2,45
-1,44
-1,45
-5,49
5,100;5,101;5,102;5,103;5,104;6,100;6,101;6,102;6,103;6,104;7,100;7,101;7,102;7,103;7,104;8,100;8,101;8,102;8,103;8,104;9,100;9,101;9,102;9,103;9,104;10,100;10,101;10,102;10,103;10,104;11,100;11,101;11,102;11,103;11,104
15,-143
17,52;17,53;17,54;18,52;18,53;18,54
19,54;19,53;19,52
27,-123;27,-122;27,-121;28,-123;28,-122;28,-121;29,-123;29,-122;29,-121;30,-123;30,-122;30,-121
35,-79;35,-78;36,-78;35,-77;35,-76;36,-79;36,-77;36,-76;37,-79;37,-78;37,-77;37,-76
37,-115;37,-114
43,-110;43,-109;44,-110;44,-109;45,-110;45,-109;46,-110;46,-109
44,140;44,141;45,141;45,140
48,-46;49,-46;47,-45;48,-45;49,-45;47,-44;48,-44;49,-44;47,-43;48,-43;49,-43
60,26
60,27
61,26
61,27
62,26
62,27
63,26
63,27
64,26
64,27
65,26
65,27
66,26
66,27
67,26
67,27
68,26
68,27
69,26
69,27
70,26
70,27
71,26
71,27
72,26
72,27
73,26
73,27
74,26
74,27
61,-126;61,-125;61,-124
61,28;61,29;61,30;62,28;62,29;62,30
63,28;63,29;63,30
64,-127;64,-126;65,-127;65,-126
66,-1;66,-2
67,-1;67,-2
72,-9;72,-8;72,-7;72,-6;72,-5;72,-4;72,-3;72,-2;72,-1;72,0;72,1;72,2;72,3;72,4;72,5;72,6;72,7;72,8;72,9;72,10;73,-9;73,-8;73,-7;73,-6;73,-5;73,-4;73,-3;73,-2;73,-1;73,0;73,1;73,2;73,3;73,4;73,5;73,6;73,7;73,8;73,9;73,10;74,-9;74,-8;74,-7;74,-6;74,-5;74,-4;74,-3;74,-2;74,-1;74,0;74,1;74,2;74,3;74,4;74,5;74,6;74,7;74,8;74,9;74,10;75,-9;75,-8;75,-7;75,-6;75,-5;75,-4;75,-3;75,-2;75,-1;75,0;75,1;75,2;75,3;75,4;75,5;75,6;75,7;75,8;75,9;75,10;76,-9;76,-8;76,-7;76,-6;76,-5;76,-4;76,-3;76,-2;76,-1;76,0;76,1;76,2;76,3;76,4;76,5;76,6;76,7;76,8;76,9;76,10;77,-9;77,-8;77,-7;77,-6;77,-5;77,-4;77,-3;77,-2;77,-1;77,0;77,1;77,2;77,3;77,4;77,5;77,6;77,7;77,8;77,9;77,10;78,-9;78,-8;78,-7;78,-6;78,-5;78,-4;78,-3;78,-2;78,-1;78,0;78,1;78,2;78,3;78,4;78,5;78,6;78,7;78,8;78,9;78,10;79,-9;79,-8;79,-7;79,-6;79,-5;79,-4;79,-3;79,-2;79,-1;79,0;79,1;79,2;79,3;79,4;79,5;79,6;79,7;79,8;79,9;79,10;80,-9;80,-8;80,-7;80,-6;80,-5;80,-4;80,-3;80,-2;80,-1;80,0;80,1;80,2;80,3;80,4;80,5;80,6;80,7;80,8;80,9;80,10;81,-9;81,-8;81,-7;81,-6;81,-5;81,-4;81,-3;81,-2;81,-1;81,0;81,1;81,2;81,3;81,4;81,5;81,6;81,7;81,8;81,9;81,10;82,-9;82,-8;82,-7;82,-6;82,-5;82,-4;82,-3;82,-2;82,-1;82,0;82,1;82,2;82,3;82,4;82,5;82,6;82,7;82,8;82,9;82,10;83,-9;83,-8;83,-7;83,-6;83,-5;83,-4;83,-3;83,-2;83,-1;83,0;83,1;83,2;83,3;83,4;83,5;83,6;83,7;83,8;83,9;83,10;84,-9;84,-8;84,-7;84,-6;84,-5;84,-4;84,-3;84,-2;84,-1;84,0;84,1;84,2;84,3;84,4;84,5;84,6;84,7;84,8;84,9;84,10;85,-9;85,-8;85,-7;85,-6;85,-5;85,-4;85,-3;85,-2;85,-1;85,0;85,1;85,2;85,3;85,4;85,5;85,6;85,7;85,8;85,9;85,10;86,-9;86,-8;86,-7;86,-6;86,-5;86,-4;86,-3;86,-2;86,-1;86,0;86,1;86,2;86,3;86,4;86,5;86,6;86,7;86,8;86,9;86,10;87,-9;87,-8;87,-7;87,-6;87,-5;87,-4;87,-3;87,-2;87,-1;87,0;87,1;87,2;87,3;87,4;87,5;87,6;87,7;87,8;87,9;87,10;88,-9;88,-8;88,-7;88,-6;88,-5;88,-4;88,-3;88,-2;88,-1;88,0;88,1;88,2;88,3;88,4;88,5;88,6;88,7;88,8;88,9;88,10;89,-9;89,-8;89,-7;89,-6;89,-5;89,-4;89,-3;89,-2;89,-1;89,0;89,1;89,2;89,3;89,4;89,5;89,6;89,7;89,8;89,9;89,10;90,-9;90,-8;90,-7;90,-6;90,-5;90,-4;90,-3;90,-2;90,-1;90,0;90,1;90,2;90,3;90,4;90,5;90,6;90,7;90,8;90,9;90,10;91,-9;91,-8;91,-7;91,-6;91,-5;91,-4;91,-3;91,-2;91,-1;91,0;91,1;91,2;91,3;91,4;91,5;91,6;91,7;91,8;91,9;91,10
77,-102;77,-101
78,-105
88,79;88,78;88,77;88,76;87,79;87,78;87,77;87,76;86,79;86,78;86,77;86,76;85,79;85,78;85,77;85,76;84,79;84,78;84,77;84,76;83,79;83,78;83,77;83,76
89,78
89,79
96,-132;96,-131;97,-132;97,-131;98,-132;98,-131
99,36;99,37;99,38;100,36;100,37;100,38;101,36;101,37;101,38;102,36;102,37;102,38
101,80
101,81
102,80
102,81
105,77;105,78;105,79;106,77;106,78;106,79;107,79;107,78;107,77
105,80;105,81;106,80;106,81
105,76;106,76
103,75;104,75
103,82;104,82
105,52
105,53
105,54
105,55
106,52
106,53
106,54
107,52
107,53
108,52
109,49
126,-5
130,-140
133,130;133,131;134,130;134,131
135,50
140,-4;140,-5;140,-6;140,-7;140,-8;140,-9;140,-10;140,-11;141,-4;141,-5;141,-6;141,-7;141,-8;141,-9;141,-10;141,-11;142,-2;142,-3;142,-4;142,-5;142,-6;142,-7;142,-8;142,-9;142,-10;142,-11;143,-2;143,-3;143,-4;143,-5;143,-6;143,-7;143,-8;143,-9;143,-10;143,-11;144,-2;144,-3;144,-4;144,-5;144,-6;144,-7;144,-8;144,-9;144,-10;144,-11;145,-2;145,-3;145,-4;145,-5;145,-6;145,-7;145,-8;145,-9;145,-10;145,-11;146,-2;146,-3;146,-4;146,-5;146,-6;146,-7;146,-8;146,-9;146,-10;146,-11;147,-2;147,-3;147,-4;147,-5;147,-6;147,-7;147,-8;147,-9;147,-10;147,-11;148,-2;148,-3;148,-4;148,-5;148,-6;148,-7;148,-8;148,-9;148,-10;148,-11;149,-2;149,-3;149,-4;149,-5;149,-6;149,-7;149,-8;149,-9;149,-10;149,-11;141,-2;141,-3;140,-2;140,-3
142,-146;143,-146;142,-145;143,-145;142,-144;143,-144
145,60;145,61;145,62;145,63;145,64;145,65;146,60;146,61;146,62;146,63;146,64;146,65;147,60;147,61;147,62;147,63;147,64;148,60;147,65;148,61;148,62;148,63;148,64;148,65;149,60;149,61;149,62;149,63;149,64;149,65