-150,-150
-150,91;-150,92;-150,93;-150,94;-150,95;-149,91;-149,92;-149,93;-149,94;-149,95;-148,91;-148,92;-148,93;-148,94;-148,95
-150,122
-147,95
-139,-28
-138,-94
-135,4;-135,5;-135,6;-135,7;-135,8;-134,4;-134,5;-134,6;-134,7;-134,8;-133,4;-133,5;-133,6;-133,7;-133,8;-132,4;-132,5;-132,6;-132,7;-132,8;-131,4;-131,5;-131,6;-131,7;-131,8
-123,-69;-122,-69;-121,-69;-120,-69
-121,-60
-121,-59
-120,-60
-120,-43
-119,-43
-113,-36;-113,-37;-113,-38
-105,65
-109,-97
-108,-95
-108,-28
-104,-95
-103,-97;-102,-97
-91,70
-92,71
-91,71
-88,71
-93,69
-91,69
-91,-89
-87,-84;-87,-85;-87,-86;-88,-84;-88,-85;-88,-86;-89,-84;-89,-85;-89,-86
-89,-66;-88,-66;-88,-65;-88,-64;-88,-63;-89,-63;-89,-64;-89,-65
-85,-97
-74,101
-80,103;-80,104
-79,103;-79,104;-78,103;-78,104
-75,-150;-75,-149;-74,-150;-74,-149
-75,-46
-73,-150;-73,-149;-72,-150;-72,-149
-71,-150;-71,-149;-70,-150;-70,-149
-71,116;-71,117
-69,-150;-69,-149;-68,-150;-68,-149
-65,125
-64,125
-62,1
-62,2
-62,3
-62,4
-62,5
-62,6
-62,7
-62,8
-62,9
-61,1
-61,2
-61,3
-61,4
-61,5
-61,6
-61,7
-61,8
-61,9
-60,1
-60,2
-60,3
-60,4
-60,5
-60,6
-60,7
-60,8
-60,9
-59,25;-59,26
-60,-31
-59,1
-59,2
-59,3
-59,4
-59,5
-59,6
-59,7
-59,8
-59,9
-58,1
-58,2
-58,3
-58,4
-58,5
-58,6
-58,7
-58,8
-58,9
-57,1
-57,2
-57,3
-57,4
-57,5
-57,6
-57,7
-57,8
-57,9
-59,128
-58,128
-59,127
-58,127
-56,127
-56,128
-56,1
-55,127
-55,128
-54,126
-54,128
-53,128
-54,127
-53,127
-43,-110;-44,-110;-43,-111;-44,-111
-35,115
-34,118;-34,119;-33,118;-33,119
-32,68
-30,3
-23,2
-14,33;-14,34
5,-18
17,-114
32,-12
36,86
37,-115;37,-114
40,128
43,100
50,-88
60,-137
61,-22
78,-105
79,-30
81,-30
85,53
86,53
85,52
86,52
87,52
85,55;86,56;85,56;86,55
99,-131;99,-130;100,-131;100,-130
104,52;104,53
105,50;106,50;107,50;107,51
106,51
107,-135
110,49;110,50;111,49;111,50
124,-134
130,-126
131,-126
140,-4;140,-5;140,-6;140,-7;140,-8;140,-9;140,-10;140,-11;141,-4;141,-5;141,-6;141,-7;141,-8;141,-9;141,-10;141,-11;142,-2;142,-3;142,-4;142,-5;142,-6;142,-7;142,-8;142,-9;142,-10;142,-11;143,-2;143,-3;143,-4;143,-5;143,-6;143,-7;143,-8;143,-9;143,-10;143,-11;144,-2;144,-3;144,-4;144,-5;144,-6;144,-7;144,-8;144,-9;144,-10;144,-11;145,-2;145,-3;145,-4;145,-5;145,-6;145,-7;145,-8;145,-9;145,-10;145,-11;146,-2;146,-3;146,-4;146,-5;146,-6;146,-7;146,-8;146,-9;146,-10;146,-11;147,-2;147,-3;147,-4;147,-5;147,-6;147,-7;147,-8;147,-9;147,-10;147,-11;148,-2;148,-3;148,-4;148,-5;148,-6;148,-7;148,-8;148,-9;148,-10;148,-11;149,-2;149,-3;149,-4;149,-5;149,-6;149,-7;149,-8;149,-9;149,-10;149,-11;141,-2;141,-3;140,-2;140,-3