-150,105;-145,105;-140,105;-135,105;-130,105;-125,105
-150,125;-150,130
-150,135
-145,125;-140,125;-135,125;-145,150;-145,145;-145,140;-145,135;-145,130;-150,145;-140,145;-140,140
-150,20
-150,140
-145,-120
-145,45
-145,50
-140,130
-140,150
-140,-115
-140,45
-135,145;-130,145;-125,145;-140,135;-135,130;-130,130;-125,130
-140,-120
-140,95;-140,100;-135,95;-135,100
-135,140;-130,140
-140,-150
-130,135
-135,-40
-135,150;-130,150;-125,150
-115,65;-120,65;-125,65;-130,65;-135,65;-125,70;-120,70
-135,85;-135,80;-130,80;-130,85;-125,80;-120,80;-115,80;-120,85;-120,95;-120,90
-135,90;-130,90;-125,90
-135,120;-130,120;-125,120;-125,125
-135,15
-135,-35
-130,95
-130,100;-125,100
-130,125
-125,140;-125,135
-125,95
-120,130;-115,130;-115,150;-115,145;-115,140;-115,135
-120,125;-115,125;-115,120;-115,115;-120,115
-120,100;-120,105;-120,110;-115,95
-120,-150
-110,115;-105,115;-100,115;-95,115;-95,125;-95,120;-95,135;-95,130;-90,135;-90,130;-90,125;-90,120;-90,115;-90,110
-120,10
-115,-65
-115,85;-110,85;-110,80;-110,75;-110,70;-110,65;-115,70;-115,75
-115,-55;-110,-55
-115,90
-110,95;-110,90;-105,95;-105,105;-105,100;-100,105;-95,105;-90,105;-85,105;-80,105;-75,105
-110,150;-110,145;-110,140;-110,135;-110,130;-110,125;-110,120;-105,130;-105,125;-105,120
-105,65;-100,65;-95,65;-90,65;-85,65;-80,65;-80,90;-80,85;-80,80;-80,75;-80,70;-105,90;-100,90;-95,90;-90,90;-85,90
-105,145;-105,150;-100,150;-95,150;-90,150;-85,150
-110,-30
-110,-95
-110,-25
-110,-10;-110,-5
-105,80;-100,80;-95,80;-90,80;-85,80;-105,85;-100,85;-100,75;-90,85;-85,85;-85,75;-90,75;-95,85
-110,-40;-105,-40
-110,15
-105,-95
-105,-65
-105,-145;-100,-145
-100,130;-100,125;-100,120
-100,-95
-100,100;-100,95;-90,100;-90,95;-95,95
-105,110;-75,150;-75,145;-75,140;-75,135;-75,130;-75,125;-75,120;-75,115;-75,110
-100,-5
-100,110
-100,-80
-100,10
-100,15
-100,70;-95,70
-90,70;-85,70;-95,75
-100,-140
-95,110
-95,-40
-95,-20
-90,15;-95,15
-95,60
-90,60
-90,-75
-90,-70
-90,-85;-85,-85
-90,-80
-90,-20
-85,15;-85,10
-85,30
-80,140;-85,140;-85,145
-80,-115
-80,-55
-75,65;-75,100;-75,95;-75,90;-75,85;-75,80;-75,75;-75,70
-80,-15
-75,35
-75,-65
-75,30;-70,30
-75,25
-70,-140
-70,40
-70,140
-70,-20
-70,35
-65,-115
-65,-35;-65,-30
-65,-105;-60,-105;-65,-100;-60,-100
-60,-35
-60,130
-60,-10
-55,40;-50,40;-55,45;-50,45
-55,-125
-55,-140
-55,35
-55,90
-50,-100
-50,145;-45,145
-50,120;-50,125
-45,45;-45,40
-45,130
-45,75
-45,-50
-45,-30
-45,5
-40,110
-40,5;-40,10
-40,-25
-40,-60
-40,30
-35,25
-35,145
-35,-65;-35,-60;-30,-65;-30,-60
-30,-5
-30,-110;-30,-105
-25,-60;-25,-65
-30,10
-30,140
-30,90
-25,-20
-25,20;-20,20
-25,-125
-25,90
-25,140
-25,-45;-20,-45
-25,-55;-20,-55
-20,-100
-20,-135;-20,-130
-20,140
-15,140
-15,40
-15,-55
-15,-140
-10,20;-10,10;-10,15;-5,10;-5,15;-5,20
-10,140
-10,-130
-5,-35;0,-35
-5,-105
0,-55;5,-55
5,20;5,15;0,20;0,15
5,135
5,-110
5,-145
5,-45
5,-35;10,-35
10,-50
15,-110;10,-110
15,10
15,85;15,80;15,75;20,85;20,80;20,75;25,85;25,80;25,75;30,80
15,-145
15,-115
20,-115
15,-100
15,-65;20,-65
20,90
20,150
20,-70
20,5;25,5;30,5
20,130
25,-145;25,-140
25,-120;30,-120
25,-85
25,10
25,105;25,110;30,105;30,110;35,105;35,110
30,25;35,25
30,-85;35,-85
35,-105
35,-95
35,-65
35,10
35,-20;35,-15
35,-10
35,-115
35,135
40,-65
40,70
40,-60
40,-55
45,0
45,-5
45,140
45,10
45,130
45,-45;50,-45
45,-40;50,-40
50,-145
50,-85
50,-5
50,-150
55,25;50,25
55,-125
55,-130
55,30
55,-25
60,25;65,25;70,25;75,25
55,120
60,-20
60,30;65,30
60,-125
60,-25
65,-115
65,-50
65,-10;70,-10
65,50
70,-5
70,45;70,50
75,15
85,-130
80,-135;80,-140
75,-80;80,-80;85,-80;90,-80;75,-85;80,-85;85,-85;90,-85;75,-90;80,-90;85,-90;90,-90;75,-95;80,-95;85,-95;90,-95;75,-75;80,-75;85,-75;90,-75
75,-65;80,-65;85,-65;90,-65;75,-60;80,-60;85,-60;90,-60
75,-70;80,-70;85,-70;90,-70
75,50;80,50;75,45;80,45
75,55;80,55
75,-25
75,60;75,65;80,60;80,65
85,45
85,50;85,55
85,35
90,80;90,75;85,80;85,75
90,50
90,55;95,55
95,50;90,45;95,45
105,-100
95,-65;100,-65;105,-65;95,-70;100,-70;105,-70;95,-75;100,-75;105,-75;95,-60;100,-60;105,-60
95,-35
100,-140
100,-35
100,-30
105,-30
105,60
120,-120
110,-100;110,-105
110,-150;110,-145;115,-150;115,-145
110,75
110,80
110,85
110,90
115,65
120,-10
115,55
115,60
120,-5
120,55
120,60
125,55
125,60
125,-120
130,-125
130,-100
135,-100
130,-95
135,-95
125,-15
125,45;125,50;130,45;130,50
130,30;130,35
130,55
130,60
130,-5;130,0
130,70
130,75
130,65
135,-25
135,-5
135,55
135,60
135,70
135,75
135,-15
135,65
135,-20;140,-25;140,-20
135,0;140,0;140,-5
140,-145
140,55
140,60
140,70
140,-75
140,-10;145,0;145,-5;145,-10;150,0;150,-5;150,-10
140,30
145,-145
140,50
145,-15
145,55
145,60
145,-120;145,-115
145,-35
145,-60
145,-55
145,65;150,60;150,65
150,-35
150,-145
150,-85;150,-80
150,5
150,70;150,75