-150,95;-150,92;-150,91;-150,94;-150,93;-149,94;-149,93;-149,92;-149,95;-149,91;-148,91;-148,93;-148,94;-148,95;-148,92
-150,122
-126,-73
-116,132;-121,134;-115,135;-122,135;-119,132;-117,134;-120,134;-119,137;-118,132;-120,132;-117,135;-120,136;-117,132;-121,133;-124,134;-119,136;-122,137;-118,133;-122,134;-117,136;-122,132;-123,132;-117,133;-123,133;-119,135;-116,134;-118,134;-117,137;-121,137;-121,132;-115,132;-116,133;-124,135;-118,136;-119,133;-122,133;-124,133;-122,136;-120,137;-120,133;-121,135;-123,134;-124,132;-115,134;-120,135;-121,136;-118,137;-118,135;-119,134;-123,135;-115,133;-116,135
-123,148;-121,149;-123,147;-120,146;-124,148;-123,149;-124,146;-123,144;-122,146;-120,148;-124,149;-122,145;-121,144;-121,145;-120,149;-122,148;-121,148;-120,144;-124,150;-121,146;-124,147;-123,146;-120,147;-122,147;-121,147;-123,145;-122,149;-122,144;-124,145;-120,145;-124,144;-123,150;-121,150;-122,150;-120,150;-119,144;-118,144;-118,149;-118,148;-118,146;-119,145;-119,148;-119,150;-119,146;-118,147;-119,149;-118,145;-118,150;-119,147
-116,126
-120,20
-120,21
-119,21
-119,20
-118,25
-115,-65;-115,-66;-115,-67
-113,-38;-113,-36;-113,-37
-108,37
-110,40
-111,140;-111,142;-111,141;-109,140;-110,142;-109,142;-110,140;-109,141;-110,141
-107,38
-108,41
-108,35
-110,39
-108,40
-109,37
-107,35
-110,41
-110,35
-109,41
-109,39
-110,36
-107,34
-108,39
-108,34
-110,37
-108,38
-109,40
-109,38
-107,37
-108,36
-107,40
-107,39
-107,41
-109,36
-109,34
-110,34
-107,36
-109,35
-110,38
-106,38
-106,39
-104,40
-104,41
-103,36;-105,36;-105,35;-104,34;-105,34;-104,35;-104,36;-103,34;-103,35
-106,34
-106,41
-103,37
-105,37
-103,38
-106,35
-106,37
-105,40
-106,36
-106,40
-103,41
-103,39
-105,38
-104,37
-104,39
-105,39
-105,41
-103,40
-104,38
-100,36;-101,35;-102,35;-101,36;-100,34;-100,35;-102,34;-101,34;-102,36
-100,142
-94,83
-97,-61;-96,-60;-96,-61;-97,-60
-78,104;-79,104;-79,103;-78,103
-75,-150;-75,-149;-74,-149;-74,-150
-73,-150;-73,-149;-72,-150;-72,-149
-71,-150;-71,-149;-70,-150;-70,-149
-69,-149;-69,-150;-68,-149;-68,-150
-57,-138;-56,-138
-54,-140
-44,-111;-44,-110;-43,-111;-43,-110
-34,118;-34,119;-33,118;-33,119
-30,11
-22,137;-21,137;-21,136;-22,136
-9,-81;-7,-91;-7,-90;-7,-85;-9,-76;-7,-82;-6,-87;-7,-78;-7,-77;-7,-73;-7,-87;-7,-84;-7,-83;-7,-76;-8,-86;-6,-83;-6,-79;-9,-86;-7,-88;-7,-74;-7,-86;-7,-79;-7,-75;-7,-72;-8,-81;-7,-89;-7,-81;-7,-80;-9,-87;-8,-87;-8,-76;-6,-75;-5,-87;-3,-85;-1,-79;8,-89;-5,-79;-3,-74;-2,-87;-1,-90;1,-80;1,-76;2,-91;3,-79;5,-89;-3,-84;1,-73;9,-79;-4,-89;0,-87;1,-87;5,-91;5,-87;7,-79;-1,-87;0,-79;1,-77;2,-87;6,-87;-3,-78;1,-86;1,-83;8,-91;10,-79;-2,-83;-1,-83;5,-79;-3,-80;-2,-79;-2,-75;-1,-89;2,-88;7,-87;8,-79;-5,-75;-5,-83;-4,-83;-4,-79;-3,-82;-3,-75;-1,-91;2,-89;6,-79;-4,-88;-4,-87;-3,-83;-3,-79;-3,-77;-1,-75;0,-75;1,-82;1,-74;4,-87;5,-90;-1,-88;1,-84;8,-87;-3,-87;-3,-81;-3,-72;1,-81;1,-75;-3,-73;0,-83;1,-79;2,-79;9,-87;10,-87;-4,-90;1,-85;5,-88;8,-88;-4,-75;-3,-86;1,-72;3,-87;4,-79;-4,-91;-3,-76;1,-78;2,-90;8,-90
-9,-91;-9,-90;-8,-91;-8,-90
-9,-82
-9,-72
-2,-77;-1,-77;0,-77;-2,-76;-2,-78;-1,-78;0,-76;0,-78;-1,-76
2,-72;5,-73;6,-73;7,-76;10,-72;3,-76;3,-72;4,-78;4,-77;4,-75;7,-75;7,-73;8,-73;5,-74;6,-75;8,-75;10,-74;2,-74;6,-77;9,-73;3,-77;4,-74;4,-72;6,-74;8,-78;10,-77;5,-78;6,-72;8,-77;9,-78;2,-77;2,-76;3,-75;4,-76;6,-76;8,-76;9,-75;2,-78;3,-78;8,-72;3,-74;5,-75;5,-72;10,-75;10,-73;2,-73;7,-72;3,-73;5,-76;7,-78;8,-74;6,-78;7,-77;7,-74;10,-78;2,-75;4,-73;5,-77;10,-76;9,-77;9,-76;9,-74;9,-72
3,-80;6,-82;5,-84;2,-83;3,-86;3,-82;5,-86;6,-86;6,-84;5,-82;6,-80;3,-84;5,-85;5,-80;2,-84;4,-86;4,-84;3,-85;4,-82;4,-81;4,-80;5,-81;4,-83;2,-86;6,-81;3,-83;6,-85;2,-82;2,-80;4,-85;5,-83;2,-85;2,-81;3,-81;6,-83
-8,0;-6,-9;-6,-8;-6,-2;-6,2;-5,7;-4,2;-4,7;-3,2;-3,3;-3,8;-3,9;-2,-7;-2,-2;-9,-9;-9,8;-7,-3;-6,1;-6,5;-6,6;-5,-9;-5,-5;-5,-4;-4,-8;-4,-2;-4,5;-9,-7;-8,2;-8,4;-7,-9;-6,-5;-6,0;-5,-7;-5,5;-5,9;-4,-1;-3,-6;-2,-1;-9,-6;-9,9;-8,9;-5,6;-9,4;-7,8;-5,2;-4,-5;-3,-5;-3,4;-2,-9;-8,-7;-7,6;-6,-4;-4,-3;-4,0;-3,-9;-9,1;-8,-2;-8,5;-8,8;-7,4;-6,-1;-3,0;-3,7;-9,-2;-9,-1;-9,5;-8,-1;-8,3;-8,6;-8,7;-5,-3;-2,-6;-9,-8;-7,-6;-6,-6;-5,4;-3,-7;-3,-1;-3,1;-9,-5;-6,8;-5,-1;-4,-7;-3,5;-9,-3;-8,-6;-8,-3;-7,-7;-7,1;-6,-3;-6,3;-5,-2;-5,1;-4,-6;-4,1;-3,-3;-3,6;-2,-4;-9,-4;-9,7;-8,1;-7,5;-6,4;-5,-8;-4,-9;-4,6;-4,8;-3,-8;-3,-4;-2,0;-9,3;-8,-5;-7,-8;-7,-5;-7,-1;-7,3;-7,7;-5,-6;-5,8;-3,-2;-8,-4;-7,-2;-7,2;-7,9;-6,9;-5,0;-4,-4;-4,9;-2,-5;-9,0;-9,2;-8,-9;-5,3;-2,-3;-9,6;-8,-8;-7,-4;-7,0;-6,-7;-6,7;-4,3;-4,4;-2,-8;-2,5;-1,-2;-1,1;-2,4;-2,3;0,2;1,8;2,-6;3,0;3,9;4,-1;7,2;8,8;9,7;10,-2;1,-7;1,5;2,-4;2,-1;3,-6;3,7;3,8;4,-8;4,0;6,-9;6,-5;6,-2;7,0;8,-9;10,-5;-1,-8;2,-3;2,2;3,-8;3,1;4,-2;4,7;5,-6;5,2;5,3;6,-7;6,0;6,4;6,9;7,-9;7,-2;8,4;9,-6;10,-1;10,5;-1,9;0,-4;2,-2;2,1;2,4;4,-7;5,-2;6,2;6,8;7,-1;8,0;9,-5;10,3;0,-7;1,-6;1,-4;5,0;9,2;10,4;-1,6;0,9;-1,-9;-1,7;0,8;2,3;3,-3;4,4;4,6;6,7;7,-6;7,-5;8,-8;8,7;9,-7;9,-3;10,-3;10,6;-1,-6;1,-8;1,-5;5,-7;5,-1;6,-4;6,-3;8,5;9,-1;9,9;10,-8;10,0;10,1;-1,-7;-1,4;0,-5;0,-3;1,9;2,0;4,-4;5,8;7,1;7,5;7,9;8,-2;8,6;9,-9;10,-9;10,-4;10,7;-1,3;0,4;0,5;1,1;2,-9;2,5;3,6;4,1;4,5;5,-3;5,5;6,-1;7,-7;7,8;8,-3;8,-1;9,-2;-1,0;-2,7;-1,2;0,-2;3,-4;3,-2;3,2;3,4;4,-3;5,-5;7,-3;9,3;10,9;-2,9;0,-8;1,2;2,-8;5,-9;5,7;7,3;7,6;-1,8;0,6;1,-1;1,0;2,-7;2,9;3,-9;4,-9;5,6;6,-6;6,5;6,6;7,-8;7,-4;7,7;8,-5;8,-4;8,3;9,0;9,4;10,8;-2,6;-1,-5;1,-3;1,4;2,6;4,-5;4,8;4,9;5,-4;5,9;6,3;7,4;8,-7;8,-6;10,2;-2,2;0,-9;0,-6;0,-1;0,3;1,-9;1,-2;1,3;1,7;2,7;2,8;3,-7;3,-1;4,-6;5,1;5,4;-2,1;-1,-3;-1,-1;-1,5;0,0;0,7;1,6;2,-5;3,-5;3,3;3,5;5,-8;6,1;8,1;9,5;9,8;10,-6;-2,8;-1,-4;0,1;4,2;4,3;6,-8;8,2;8,9;9,-8;9,-4;9,1;9,6;10,-7
-4,-62
1,100;1,95;1,99;1,96;1,97;1,98;4,95;2,97;3,96;2,95;5,96;3,95;4,96;2,99;2,100;5,95;2,98;2,96;3,100;4,97;4,100;3,98;4,99;3,99;3,97;4,98;5,98;5,100;5,99;5,97
0,117;0,118
11,102;9,100;6,100;7,104;8,104;10,104;11,101;5,101;5,102;6,103;6,104;10,103;7,102;11,100;11,104;5,104;5,103;8,102;9,103;10,101;7,100;9,104;7,103;9,101;10,102;9,102;6,101;6,102;7,101;8,101;8,103;11,103;8,100;10,100
13,-1
17,-145
45,104
68,-54;68,-53;68,-55;69,-53;70,-54;69,-55;70,-53;69,-54;70,-55
62,-121
78,54;79,54;79,53;78,53
86,56;85,56;86,55;85,55
96,-131;96,-132;98,-132;97,-131;98,-131;97,-132
99,-131;99,-130;100,-130;100,-131
101,48
105,50;106,51;106,50;107,50;107,51
109,49;109,50;111,49;110,50;111,50;110,49
111,45;111,46;110,44;110,45;110,46;111,44;112,44;112,45;112,46
124,-134
124,46;124,48;124,53;124,50;124,47;125,44;124,42;124,45;124,51;124,43;125,48;125,51;125,54;124,44;124,49;125,43;125,45;125,52;125,42;124,52;125,49;124,54;125,46;124,55;125,41;125,53;125,47;125,50;125,55;126,51;127,45;128,48;128,50;131,45;131,50;127,53;126,43;130,47;130,49;126,55;130,45;132,44;127,44;127,49;129,49;128,46;131,44;131,47;132,45;132,47;130,46;126,45;126,48;130,50;131,49;126,54;127,52;127,54;126,47;126,44;126,46;127,41;127,43;132,49;127,48;131,46;131,48;132,46;132,50;127,51;127,46;128,44;128,47;126,41;129,47;129,48;126,53;127,50;128,49;129,45;126,49;127,47;129,44;130,44;132,48;126,42;126,50;129,46;130,48;127,42;128,45;129,50;126,52;127,55;129,43;129,51;129,55;128,52;129,52;128,54;128,41;128,43;129,54;128,51;128,53;128,42;128,55;129,42;129,53;129,41;131,52;131,53;132,42;130,52;131,42;132,52;131,41;130,51;130,53;131,43;132,51;132,55;130,42;130,55;132,54;130,43;131,51;132,43;132,53;131,55;130,41;130,54;131,54;132,41;133,50;133,44;133,46;133,48;133,49;133,43;133,51;133,41;133,47;133,52;133,42;133,55;133,53;133,54;133,45
128,-123;128,-122;129,-123;129,-122
133,-148
139,-20
140,-19
142,-3;146,-7;149,-7;141,-10;144,-2;145,-5;146,-5;148,-10;142,-8;142,-10;146,-10;149,-9;149,-11;140,-3;140,-6;141,-11;144,-11;146,-3;147,-2;148,-9;140,-8;141,-5;141,-9;143,-4;143,-9;144,-5;144,-6;148,-2;140,-10;141,-6;143,-10;145,-7;147,-5;147,-9;149,-4;149,-10;140,-2;141,-8;142,-9;143,-6;147,-3;149,-3;149,-8;140,-7;144,-7;146,-6;147,-6;141,-2;143,-7;140,-4;141,-7;144,-3;145,-4;147,-11;148,-4;149,-6;145,-9;145,-10;146,-9;148,-11;149,-2;142,-7;143,-8;145,-8;146,-8;140,-5;140,-9;141,-4;142,-4;143,-5;144,-4;144,-8;145,-3;145,-6;146,-4;146,-11;147,-10;148,-6;143,-2;145,-11;148,-7;142,-5;142,-11;143,-3;143,-11;144,-10;146,-2;147,-4;147,-7;148,-3;140,-11;142,-6;145,-2;147,-8;148,-8;141,-3;142,-2;144,-9;148,-5;149,-5
141,-19