-150,-143
-150,-87
-150,72;-149,72;-148,72;-147,72;-146,72;-145,72;-144,72;-143,72;-142,72;-141,72;-140,72;-139,72;-150,71;-149,71;-148,71;-147,71;-146,71;-145,71;-144,71;-143,71;-142,71;-141,71;-140,71;-139,71;-150,70;-149,70;-148,70;-147,70;-146,70;-145,70;-144,70;-143,70;-142,70;-141,70;-140,70;-139,70;-150,69;-149,69;-148,69;-147,69;-146,69;-145,69;-144,69;-143,69;-142,69;-141,69;-140,69;-139,69;-150,68;-149,68;-148,68;-147,68;-146,68;-145,68;-144,68;-143,68;-142,68;-141,68;-140,68;-139,68;-150,67;-149,67;-148,67;-147,67;-146,67;-145,67;-144,67;-143,67;-142,67;-141,67;-140,67;-139,67;-150,66;-149,66;-148,66;-147,66;-146,66;-145,66;-144,66;-143,66;-142,66;-141,66;-140,66;-139,66;-150,65;-149,65;-148,65;-147,65;-146,65;-145,65;-144,65;-143,65;-142,65;-141,65;-140,65;-139,65;-150,64;-149,64;-148,64;-147,64;-146,64;-145,64;-144,64;-143,64;-142,64;-141,64;-140,64;-139,64
-150,126;-149,126;-150,127;-149,127;-150,128;-149,128;-150,129;-149,129;-150,130;-149,130
-150,131;-149,131;-150,132;-149,132;-150,133;-149,133;-150,134;-149,134;-150,135;-149,135
-150,145
-150,146
-150,147
-150,148
-149,145
-149,146
-149,147
-149,148
-148,126;-147,126;-148,127;-147,127;-148,128;-147,128;-148,129;-147,129;-148,130;-147,130
-148,131;-147,131;-148,132;-147,132;-148,133;-147,133;-148,134;-147,134;-148,135;-147,135
-148,145
-148,146
-148,147
-148,148
-147,145
-147,146
-147,147
-147,148
-146,-120
-146,126
-146,127
-146,128
-146,129
-146,130
-146,145
-146,146
-146,147
-146,148
-145,126
-145,127
-145,128
-145,129
-145,130
-144,44
-144,45
-144,46
-144,47
-143,44
-143,45
-143,46
-143,47
-142,44
-142,45
-142,46
-142,47
-141,44
-141,45
-141,46
-141,47
-143,-7
-142,-150
-142,-116
-140,-119
-135,-75;-134,-75;-133,-75;-132,-75
-134,-35;-134,-34
-129,-67
-126,15
-125,-84
-125,-83
-115,132;-116,132;-117,132;-118,132;-119,132;-120,132;-121,132;-122,132;-123,132;-124,132;-115,133;-116,133;-117,133;-118,133;-119,133;-120,133;-121,133;-122,133;-123,133;-124,133;-115,134;-116,134;-117,134;-118,134;-119,134;-120,134;-121,134;-122,134;-123,134;-124,134;-115,135;-116,135;-117,135;-118,135;-119,135;-120,135;-121,135;-122,135;-123,135;-124,135;-117,136;-118,136;-119,136;-120,136;-121,136;-122,136;-117,137;-118,137;-119,137;-120,137;-121,137;-122,137
-123,-134;-123,-133;-123,-132;-123,-131;-123,-130;-123,-129;-123,-128;-123,-127;-122,-134;-122,-133;-122,-132;-122,-131;-122,-130;-122,-129;-122,-128;-122,-127;-121,-134;-121,-133;-121,-132;-121,-131;-121,-130;-121,-129;-121,-128;-121,-127;-120,-134;-120,-133;-120,-132;-120,-131;-120,-130;-120,-129;-120,-128;-120,-127;-119,-134;-119,-133;-119,-132;-119,-131;-119,-130;-119,-129;-119,-128;-119,-127;-118,-134;-118,-133;-118,-132;-118,-131;-118,-130;-118,-129;-118,-128;-118,-127;-117,-134;-117,-133;-117,-132;-117,-131;-117,-130;-117,-129;-117,-128;-117,-127;-116,-134;-116,-133;-116,-132;-116,-131;-116,-130;-116,-129;-116,-128;-116,-127
-122,20;-123,20
-122,-45
-120,91;-121,91
-120,-45;-119,-45
-119,-59;-119,-58;-118,-59;-118,-58
-115,-67;-115,-66;-115,-65
-115,25;-115,26;-115,27;-114,25;-114,26;-114,27;-113,25;-113,26;-113,27
-114,-70
-114,8
-113,-56;-112,-56;-112,-55
-113,-55
-111,-44
-110,-60
-109,-32;-110,-32
-110,-25
-109,-95
-109,-93
-109,-26;-109,-27
-109,-25
-107,-94
-106,-94
-106,21
-105,-143;-105,-144;-105,-145;-105,-146;-105,-147;-104,-142;-104,-143;-104,-144;-104,-145;-104,-146;-104,-147;-103,-142;-103,-143;-103,-144;-103,-145;-103,-146;-103,-147;-102,-144;-102,-143;-102,-145;-102,-146;-102,-147
-104,-95
-104,-45;-104,-44;-103,-45;-103,-44
-104,-43;-103,-43;-102,-43
-104,138;-104,132;-104,133;-104,134;-104,135;-104,136;-104,137;-103,138;-103,132;-103,133;-103,134;-103,135;-103,136;-103,137;-102,138;-102,132;-102,133;-102,134;-102,135;-102,136;-102,137;-101,138;-101,132;-101,133;-101,134;-101,135;-101,136;-101,137;-100,138;-100,132;-100,133;-100,134;-100,135;-100,136;-100,137;-99,138;-99,132;-99,133;-99,134;-99,135;-99,136;-99,137;-98,138;-98,132;-98,133;-98,134;-98,135;-98,136;-98,137
-102,-98
-103,-97;-102,-97
-103,-7;-103,-6
-102,-139;-102,-138;-102,-137;-102,-136;-102,-135;-102,-134;-102,-133;-102,-132;-102,-131;-102,-130;-101,-139;-101,-138;-101,-137;-101,-136;-101,-135;-101,-134;-101,-133;-101,-132;-101,-131;-101,-130;-100,-139;-100,-138;-100,-137;-100,-136;-100,-135;-100,-134;-100,-133;-100,-132;-100,-131;-100,-130;-99,-139;-99,-138;-99,-137;-99,-136;-99,-135;-99,-134;-99,-133;-99,-132;-99,-131;-99,-130;-98,-139;-98,-138;-98,-137;-98,-136;-98,-135;-98,-134;-98,-133;-98,-132;-98,-131;-98,-130;-97,-139;-97,-138;-97,-137;-97,-136;-97,-135;-97,-134;-97,-133;-97,-132;-97,-131;-97,-130;-96,-139;-96,-138;-96,-137;-96,-136;-96,-135;-96,-134;-96,-133;-96,-132;-96,-131;-96,-130;-95,-139;-95,-138;-95,-137;-95,-136;-95,-135;-95,-134;-95,-133;-95,-132;-95,-131;-95,-130;-94,-139;-94,-138;-94,-137;-94,-136;-94,-135;-94,-134;-94,-133;-94,-132;-94,-131;-94,-130;-93,-139;-93,-138;-93,-137;-93,-136;-93,-135;-93,-134;-93,-133;-93,-132;-93,-131;-93,-130
-102,-100;-102,-99;-101,-100;-101,-99
-102,-45;-102,-44
-102,-7;-102,-6;-102,-5;-101,-7;-101,-6;-101,-5;-100,-7;-100,-6;-100,-5
-101,-98
-101,-45;-101,-44
-101,-43
-101,14;-101,15;-100,14;-100,15
-100,-94
-98,-140
-95,-100;-95,-99;-95,-98;-94,-100;-94,-99;-94,-98;-93,-100;-93,-99;-93,-98
-95,-89;-95,-88;-95,-87;-94,-89;-94,-88;-94,-87
-92,-77;-92,-76;-91,-77;-91,-76;-92,-75;-91,-75
-90,-71;-90,-72;-90,-73;-89,-70;-89,-71;-89,-72;-89,-73;-88,-71;-88,-72;-88,-73
-90,108;-90,109;-89,108;-89,109;-88,108;-88,109;-90,110;-90,111;-89,110;-89,111;-88,110;-88,111
-88,-85;-89,-85
-88,-86
-89,-66;-88,-66;-88,-65;-88,-64;-88,-63;-89,-63;-89,-64;-89,-65
-87,-82
-86,-120
-86,-110
-86,-28
-81,59;-81,60;-80,59;-80,60
-80,-117
-74,96;-74,95;-74,94;-74,93;-74,92;-74,91;-74,90
-78,-15
-75,-64
-75,-31
-73,-122
-73,26
-71,-119;-71,-118;-70,-118;-70,-119
-71,-107;-70,-107
-71,80;-71,81;-71,92;-71,93;-70,93;-69,93;-68,78;-68,79;-68,80;-68,81;-68,82;-68,83;-68,84;-68,85;-68,86;-68,87;-68,88;-68,89;-68,90;-68,91;-68,92;-68,93;-68,94;-68,95;-68,96;-68,97;-67,97;-66,97;-65,97;-64,97;-63,97;-62,97;-61,97;-60,97;-59,78;-59,79;-59,80;-59,81;-59,82;-59,83;-59,84;-59,85;-59,86;-59,87;-59,88;-59,89;-59,90;-59,91;-59,92;-59,93;-59,94;-59,95;-59,96;-59,97;-70,80;-70,81;-70,92;-69,80;-69,81;-69,92;-64,74;-64,75;-64,76;-64,77;-64,78;-64,83;-64,88;-67,88;-66,88;-65,88;-63,88;-62,88;-61,88;-60,88;-67,83;-66,83;-65,83;-63,83;-62,83;-61,83;-60,83;-67,78;-66,78;-65,78;-63,78;-62,78;-61,78;-60,78;-67,89;-67,96;-66,89;-66,96;-65,89;-65,96;-64,89;-64,96;-63,89;-63,96;-62,89;-62,96;-61,89;-61,96;-60,89;-60,96;-63,74;-63,75;-63,76;-63,77;-63,82;-63,81;-63,80;-63,79;-63,84;-63,85;-63,86;-63,87;-62,74;-61,74;-60,74;-59,74;-59,75;-59,76;-59,77;-58,74;-58,75;-58,76;-58,77;-58,95;-58,96;-58,97;-57,74;-57,75;-57,76;-57,77;-57,95;-57,96;-57,97;-56,95;-56,96;-56,97;-55,95;-55,96;-55,97
-71,116
-71,117
-70,-3;-70,-2;-69,-3;-69,-2
-70,42
-70,117;-70,118
-69,-139
-69,-18
-69,28;-69,29;-69,30;-69,31;-68,28;-68,29;-68,30;-68,31;-67,28;-67,29;-67,30;-67,31;-66,28;-66,29;-66,30;-66,31;-65,28;-65,29;-65,30;-65,31;-64,28;-64,29;-64,30;-64,31;-63,28;-63,29;-63,30;-63,31;-62,28;-62,29;-62,30;-62,31;-61,28;-61,29;-61,30;-61,31
-65,-107
-64,-128
-64,116
-62,82;-61,82;-60,82;-62,81;-61,81;-60,81;-62,80;-61,80;-60,80;-62,79;-61,79;-60,79
-61,-12
-59,17;-59,16;-59,15;-60,17;-60,16;-60,15;-60,18;-59,18;-57,16;-57,15;-58,16;-58,15;-58,17;-58,18;-57,17;-57,18
-61,17
-61,16
-61,15
-61,18
-61,19
-60,19
-59,19
-59,128;-58,128;-59,127;-58,127
-56,127;-56,128;-55,127;-55,128
-56,-105;-55,-105
-56,44
-55,46;-54,46;-53,46;-55,47;-54,47;-53,47;-55,48;-54,48;-53,48;-56,48;-56,47;-56,46
-56,120
-55,-127
-54,-41;-54,-40;-54,-39;-53,-41;-53,-40;-53,-39;-52,-41;-52,-40;-52,-39
-54,80
-54,128;-53,128;-54,127;-53,127
-52,-98
-51,122;-51,123;-50,122;-50,123
-49,107
-47,133;-47,134;-47,135;-47,136;-47,137;-46,133;-46,134;-46,135;-46,136;-46,137;-45,133;-45,134;-45,135;-45,136;-45,137;-44,133;-44,134;-44,135;-44,136;-44,137;-43,133;-43,134;-43,135;-43,136;-43,137
-45,106;-45,107;-45,108;-44,106;-44,107;-44,108
-43,-52
-43,6
-42,133;-42,134;-42,135;-42,136;-42,137;-41,133;-41,134;-41,135;-41,136;-41,137;-40,133;-40,134;-40,135;-40,136;-40,137;-39,133;-39,134;-39,135;-39,136;-39,137;-38,133;-38,134;-38,135;-38,136;-38,137
-40,-59
-40,119;-40,120;-39,118;-39,119
-37,26;-36,26
-35,-65;-34,-65;-33,-65;-32,-65;-35,-64;-34,-64;-33,-64;-32,-64;-35,-63;-34,-63;-33,-63;-32,-63;-35,-62;-34,-62;-33,-62;-32,-62;-35,-61;-34,-61;-33,-61;-32,-61;-31,-65;-31,-64;-31,-63;-31,-62;-31,-61;-30,-62;-29,-62;-28,-62;-27,-62;-26,-62;-25,-62;-24,-62;-23,-62;-30,-63;-29,-63;-28,-63;-27,-63;-26,-63;-25,-63;-24,-63;-23,-63;-30,-64;-29,-64;-28,-64;-27,-64;-26,-64;-25,-64;-24,-64;-23,-64;-30,-65;-29,-65;-28,-65;-27,-65;-26,-65;-25,-65;-24,-65;-23,-65;-30,-61;-29,-61;-28,-61;-27,-61;-26,-61;-25,-61;-24,-61;-23,-61
-32,-53
-32,140;-31,140
-30,-108;-30,-107;-29,-108;-29,-107
-30,-66
-29,-66
-28,-66
-27,-66
-26,-66
-25,-66
-24,-66
-23,-66
-30,53;-30,54;-30,55;-30,56;-30,57
-30,141;-29,141;-30,142;-29,142
-29,55;-29,56;-29,57;-29,58;-29,59;-29,60;-29,61;-29,62;-28,55;-28,56;-28,57;-28,58;-28,59;-28,60;-28,61;-28,62;-27,55;-27,56;-27,57;-27,58;-27,59;-27,60;-27,61;-27,62;-26,55;-26,56;-26,57;-26,58;-26,59;-26,60;-26,61;-26,62;-25,55;-25,56;-25,57;-25,58;-25,59;-25,60;-25,61;-25,62
-28,-60;-28,-59;-28,-58;-28,-57;-28,-56;-28,-55;-27,-60;-27,-59;-27,-58;-27,-57;-27,-56;-27,-55;-26,-60;-26,-59;-26,-58;-26,-57;-26,-56;-26,-55;-25,-60;-25,-59;-25,-58;-25,-57;-25,-56;-25,-55;-24,-60;-24,-59;-24,-58;-24,-57;-24,-56;-24,-55
-28,4
-27,144;-28,144
-26,88;-26,89;-26,90;-26,91;-26,92;-25,88;-25,89;-25,90;-25,91;-25,92;-24,88;-24,89;-24,90;-24,91;-24,92;-23,88;-23,89;-23,90;-23,91;-23,92
-25,-46;-25,-45;-24,-46;-24,-45;-23,-46;-23,-45;-22,-46;-22,-45
-25,-39;-24,-39;-23,-39;-22,-39;-25,-38;-24,-38;-23,-38;-22,-38;-25,-37;-24,-37;-23,-37;-22,-37;-25,-36;-24,-36;-23,-36;-22,-36;-21,-36;-20,-36;-19,-36;-18,-36;-25,-35;-24,-35;-23,-35;-22,-35;-21,-35;-20,-35;-19,-35;-18,-35;-25,-34;-24,-34;-23,-34;-22,-34;-21,-34;-20,-34;-19,-34;-18,-34
-25,-8;-24,-8;-25,-9;-24,-9
-25,14
-23,-56;-23,-55;-22,-56;-22,-55
-22,-100
-17,-110;-17,-111;-17,-112;-17,-113;-17,-114;-17,-115;-18,-110;-18,-111;-18,-112;-18,-113;-18,-114;-18,-115;-19,-110;-19,-111;-19,-112;-19,-113;-19,-114;-19,-115;-20,-110;-20,-111;-20,-112;-20,-113;-20,-114;-20,-115;-21,-110;-21,-111;-21,-112;-21,-113;-21,-114;-21,-115
-21,148
-20,-133
-20,-30
-20,26;-19,26;-20,27;-19,27
-19,68
-18,-23
-17,-127
-17,71
-17,72
-16,71
-16,72;-16,73;-16,74;-16,75;-15,72;-15,73;-15,74;-15,75;-14,72;-14,73;-14,74;-14,75;-13,72;-13,73;-13,74;-13,75
-16,105;-15,105;-14,105;-13,105;-12,105;-16,106;-15,106;-14,106;-13,106;-12,106;-16,107;-15,107;-14,107;-13,107;-12,107
-15,-115
-15,-52
-11,-133;-11,-132
-10,-128
-9,-128
-9,-52
-9,-9;-9,-8;-9,-7;-9,-6;-9,-5;-9,-4;-9,-3;-9,-2;-9,-1;-9,0;-9,1;-9,2;-9,3;-9,4;-9,5;-9,6;-9,7;-9,8;-9,9;-8,-9;-8,-8;-8,-7;-8,-6;-8,-5;-8,-4;-8,-3;-8,-2;-8,-1;-8,0;-8,1;-8,2;-8,3;-8,4;-8,5;-8,6;-8,7;-8,8;-8,9;-7,-9;-7,-8;-7,-7;-7,-6;-7,-5;-7,-4;-7,-3;-7,-2;-7,-1;-7,0;-7,1;-7,2;-7,3;-7,4;-7,5;-7,6;-7,7;-7,8;-7,9;-6,-9;-6,-8;-6,-7;-6,-6;-6,-5;-6,-4;-6,-3;-6,-2;-6,-1;-6,0;-6,1;-6,2;-6,3;-6,4;-6,5;-6,6;-6,7;-6,8;-6,9;-5,-9;-5,-8;-5,-7;-5,-6;-5,-5;-5,-4;-5,-3;-5,-2;-5,-1;-5,0;-5,1;-5,2;-5,3;-5,4;-5,5;-5,6;-5,7;-5,8;-5,9;-4,-9;-4,-8;-4,-7;-4,-6;-4,-5;-4,-4;-4,-3;-4,-2;-4,-1;-4,0;-4,1;-4,2;-4,3;-4,4;-4,5;-4,6;-4,7;-4,8;-4,9;-3,-9;-3,-8;-3,-7;-3,-6;-3,-5;-3,-4;-3,-3;-3,-2;-3,-1;-3,0;-3,1;-3,2;-3,3;-3,4;-3,5;-3,6;-3,7;-3,8;-3,9;-2,-9;-2,-8;-2,-7;-2,-6;-2,-5;-2,-4;-2,-3;-2,-2;-2,-1;-2,0;-2,1;-2,2;-2,3;-2,4;-2,5;-2,6;-2,7;-2,8;-2,9;-1,-9;-1,-8;-1,-7;-1,-6;-1,-5;-1,-4;-1,-3;-1,-2;-1,-1;-1,0;-1,1;-1,2;-1,3;-1,4;-1,5;-1,6;-1,7;-1,8;-1,9;0,-9;0,-8;0,-7;0,-6;0,-5;0,-4;0,-3;0,-2;0,-1;0,0;0,1;0,2;0,3;0,4;0,5;0,6;0,7;0,8;0,9;1,-9;1,-8;1,-7;1,-6;1,-5;1,-4;1,-3;1,-2;1,-1;1,0;1,1;1,2;1,3;1,4;1,5;1,6;1,7;1,8;1,9;2,-9;2,-8;2,-7;2,-6;2,-5;2,-4;2,-3;2,-2;2,-1;2,0;2,1;2,2;2,3;2,4;2,5;2,6;2,7;2,8;2,9;3,-9;3,-8;3,-7;3,-6;3,-5;3,-4;3,-3;3,-2;3,-1;3,0;3,1;3,2;3,3;3,4;3,5;3,6;3,7;3,8;3,9;4,-9;4,-8;4,-7;4,-6;4,-5;4,-4;4,-3;4,-2;4,-1;4,0;4,1;4,2;4,3;4,4;4,5;4,6;4,7;4,8;4,9;5,-9;5,-8;5,-7;5,-6;5,-5;5,-4;5,-3;5,-2;5,-1;5,0;5,1;5,2;5,3;5,4;5,5;5,6;5,7;5,8;5,9;6,-9;6,-8;6,-7;6,-6;6,-5;6,-4;6,-3;6,-2;6,-1;6,0;6,1;6,2;6,3;6,4;6,5;6,6;6,7;6,8;6,9;7,-9;7,-8;7,-7;7,-6;7,-5;7,-4;7,-3;7,-2;7,-1;7,0;7,1;7,2;7,3;7,4;7,5;7,6;7,7;7,8;7,9;8,-9;8,-8;8,-7;8,-6;8,-5;8,-4;8,-3;8,-2;8,-1;8,0;8,1;8,2;8,3;8,4;8,5;8,6;8,7;8,8;8,9;9,-9;9,-8;9,-7;9,-6;9,-5;9,-4;9,-3;9,-2;9,-1;9,0;9,1;9,2;9,3;9,4;9,5;9,6;9,7;9,8;9,9;10,-9;10,-8;10,-7;10,-6;10,-5;10,-4;10,-3;10,-2;10,-1;10,0;10,1;10,2;10,3;10,4;10,5;10,6;10,7;10,8;10,9
-7,-110
-5,44;-5,45;-4,44;-4,45;-3,44;-3,45;-2,44;-2,45;-1,44;-1,45
-4,-34;-3,-34;-4,-35;-3,-35;-2,-34;-2,-35;-1,-35;-1,-34
-1,120;-1,121;-1,122;0,120;0,121;0,122
2,-123
2,-54;3,-54
2,-25
2,16;3,16;4,16;5,16;2,17;3,17;4,17;5,17;2,18;3,18;4,18;5,18
4,-110;4,-111
6,137;6,136;6,135;7,137;7,136;7,135
7,-36;7,-35;7,-34;7,-33;8,-36;8,-35;8,-34;8,-33;9,-36;9,-35;9,-34;9,-33;10,-36;10,-35;10,-34;10,-33
7,97;7,98;7,99;8,97;8,98;8,99;9,97;9,98;9,99;10,97;10,98;10,99;11,97;11,98;11,99
8,137
9,137
10,137
11,-120
11,137
11,145;11,146;11,147;11,148;11,149;12,145;12,146;12,147;12,148;12,149;13,145;13,146;13,147;13,148;13,149;14,145;14,146;14,147;14,148;14,149;15,145;15,146;15,147;15,148;15,149
12,-48
12,-19;12,-18;13,-19;13,-18;14,-19;14,-18;15,-19;15,-18;16,-19;16,-18;17,-19;17,-18
12,-16;12,-15;13,-16;13,-15;14,-16;14,-15
13,-13;13,-12;14,-13;14,-12
13,85;13,84;13,83;13,82;13,81;13,80;13,79;13,78;13,77;13,76;13,75;14,85;14,84;14,83;14,82;14,81;14,80;14,79;14,78;14,77;14,76;14,75;15,85;15,84;15,83;15,82;15,81;15,80;15,79;15,78;15,77;15,76;15,75;16,85;16,84;16,83;16,82;16,81;16,80;16,79;16,78;16,77;16,76;16,75;17,85;17,84;17,83;17,82;17,81;17,80;17,79;17,78;17,77;17,76;17,75;18,85;18,84;18,83;18,82;18,81;18,80;18,79;18,78;18,77;18,76;18,75;19,85;19,84;19,83;19,82;19,81;19,80;19,79;19,78;19,77;19,76;19,75;20,85;20,84;20,83;20,82;20,81;20,80;20,79;20,78;20,77;20,76;20,75;21,85;21,84;21,83;21,82;21,81;21,80;21,79;21,78;21,77;21,76;21,75;22,85;22,84;22,83;22,82;22,81;22,80;22,79;22,78;22,77;22,76;22,75
14,-66;14,-65;15,-66;15,-65;16,-66;16,-65
14,100;14,101;14,102;14,103;14,104;15,100;15,101;15,102;15,103;15,104;16,100;16,101;16,102;16,103;16,104;17,100;17,101;17,102;17,103;17,104;18,101;18,102;18,103;18,104
15,-117;16,-117;17,-117
15,55;15,56;16,55;16,56
16,-15;16,-16;17,-15;17,-16
16,-13;17,-13;17,-11;17,-12;16,-11;16,-12
16,9
19,-19;19,-18;20,-19;20,-18
19,-16;19,-15;19,-14;20,-16;20,-15;20,-14;20,-11;20,-12;20,-13;19,-11;19,-12;19,-13
19,92
20,-123;20,-122;21,-123;21,-122
21,9
21,15
22,89
23,-20
24,-32
25,-54
26,-143
26,-118;27,-118;28,-118;29,-118;29,-119
26,111;26,112;26,113;26,114;26,115;26,116;26,117;26,118;27,111;27,112;27,113;27,114;27,115;27,116;27,117;27,118;28,111;28,112;28,113;28,114;28,115;28,116;28,117;28,118;29,111;29,112;29,113;29,114;29,115;29,116;29,117;29,118;30,111;30,112;30,113;30,114;30,115;30,116;30,117;30,118;31,111;31,112;31,113;31,114;31,115;31,116;31,117;31,118;32,111;32,112;32,113;32,114;32,115;32,116;32,117;32,118;33,111;33,112;33,113;33,114;33,115;33,116;33,117;33,118
27,-143
30,135;30,136;30,137;31,135;31,136;31,137;32,135;32,136;32,137
31,-4
31,10
33,10
33,141;33,142;34,141;34,142;35,141;35,142
34,71;35,71;36,71;34,72;35,72;36,72;34,73;35,73;36,73
35,-86
38,-80;38,-81;38,-82;38,-83;37,-80;37,-81;37,-82;37,-83;36,-80;36,-81;36,-82;36,-83;35,-80;35,-81;35,-82;35,-83
35,10;36,10
36,94;36,95;37,94;37,95;38,94;38,95
37,-115
37,-114
38,27;38,28;39,27;39,28;40,27;40,28
38,103
39,-62
40,-149
40,-42;40,-41;40,-40;41,-41;41,-42;41,-40;42,-42;42,-41;42,-40
40,-5
40,36;40,37;40,38;40,39;40,40;40,41;40,42;40,43;40,44;41,36;41,37;41,38;41,39;41,40;41,41;41,42;41,43;41,44;42,36;42,37;42,38;42,39;42,40;42,41;42,42;42,43;43,36;43,37;43,38;43,39;43,40;43,41;43,42;43,43
40,47;40,48;40,49;41,47;41,48;41,49;42,47;42,48;42,49;43,47;43,48;43,49
41,-118
44,-45
45,-45
44,-44
44,-43
45,-44
45,-43
45,11;45,12;46,11;46,12
46,-45
46,-44
46,-43
47,-46;48,-46;49,-46;47,-45;48,-45;49,-45;47,-44;48,-44;49,-44;47,-43;48,-43;49,-43
47,-12;48,-12;49,-12
48,-85;48,-84;49,-85;49,-84;50,-85;50,-84
48,140;48,141
50,74
52,26;52,27;53,26;53,27;54,26;54,27;55,26;55,27
54,-20
54,28
55,-140
55,28
56,-126
56,28
57,43
58,-24
59,-21;59,-22
60,-21
60,-22
60,25;61,25;62,25;60,24;61,24;62,24
61,-123
61,-27;61,-26;62,-27;62,-26
63,-13
65,-124
66,-11;66,-10;66,-9;66,-8;67,-11;67,-10;67,-9;67,-8;68,-11;68,-10;68,-9;68,-8;69,-11;69,-10;69,-9
66,-1;66,-2;67,-1;67,-2
69,-147
69,-146
71,-147
71,-146
69,-5
69,31
74,-102;74,-101;75,-102;75,-101
74,40;74,41;74,42;74,43;74,44;74,45;74,46;75,46;78,46;78,45;79,46;79,45;80,46;80,45;75,40;75,41;75,42;75,43;75,44;75,45;76,40;76,41;76,42;76,43;76,44;76,45;76,46;77,40;77,41;77,42;77,43;77,44;77,45;77,46;78,40;78,41;78,42;78,43;78,44;79,40;79,41;79,42;79,43;79,44;80,40;80,41;80,42;80,43;80,44;81,40;81,41;81,42;81,43;81,44;81,45;81,46
74,48;75,48;76,50;74,50;75,50;74,49;75,49;76,49;76,48;77,48;77,49;77,50;78,50;78,49;78,48;74,47;75,47;76,47;77,47;78,47;81,47;80,47;79,47;81,51;79,50;79,49;79,48;80,51;81,50;81,49;81,48;80,50;80,49;80,48;80,52;80,53;81,53;81,52;80,54;81,56;80,55;81,55;80,56;81,54
74,51;75,56;75,55;75,54;75,53;75,52;75,51;74,56;74,55;74,54;74,53;74,52;76,56;76,55;76,54;76,53;76,52;76,51;77,56;77,55;77,54;77,53;77,52;77,51;78,56;78,55;78,54;78,53;78,52;78,51;79,56;79,55;79,54;79,53;79,52;79,51
77,-100
78,-105
79,-138
83,46
84,47
84,46
83,47
82,47
82,51
82,50
82,49
82,48
83,48
84,56
83,56
84,55
83,55
84,54
83,54
84,53
83,53
84,52
83,52
84,51
83,51
84,50
83,50
84,49
83,49
84,48
82,53
82,52
82,56
82,55
82,54
81,-138
82,-33;83,-33
82,-32;82,-31;82,-30;83,-32;83,-31;83,-30;84,-32;84,-31;84,-30;85,-32;85,-31;86,-31;85,-30;86,-30;86,-32
83,-16
83,34;84,34
84,-33
85,-148;86,-148
85,48;85,54;86,54;85,53;86,53;85,52;86,52;85,51;86,51;85,50;86,50;85,49;86,49;86,48;87,51;87,52;88,51;88,52;89,51;89,52;90,51;90,52;87,48;87,49;87,50;88,48;88,49;88,50;89,48;89,49;89,50;90,48;90,49;90,50;85,46;85,47;86,47;86,46
85,55;86,56;87,56;88,56;89,56;90,56;91,56;92,56;93,56;94,56;85,56;86,55;87,55;88,55;89,55;90,55;91,55;92,55;93,55;94,55;87,53;88,54;89,54;90,54;91,54;92,54;93,54;94,54;87,54;88,53;89,53;90,53;91,53;92,53;93,53;94,53
86,-33
91,48;91,52;91,51;91,50;91,49;92,52;92,51;92,50;92,49;92,48;93,52;93,51;93,50;93,49;93,48;94,52;94,51;94,50;94,49;94,48;87,46;87,47;88,46;88,47;89,46;89,47;90,46;90,47;91,46;91,47;92,46;92,47;93,46;93,47;94,46;94,47
87,129;87,130;87,131;87,132;87,133;88,129;88,130;88,131;88,132;88,133;89,128;89,129;89,130;89,131;89,132;89,133;89,134;90,127;90,128;90,129;90,130;90,131;90,132;90,133;90,134;91,122;91,123;91,124;91,125;91,126;91,127;91,128;91,129;91,130;91,131;91,132;91,133;91,134;92,122;92,123;92,124;92,125;92,126;92,127;92,128;92,129;92,130;92,131;92,132;92,133;92,134;93,121;93,122;93,123;93,124;93,125;93,126;93,127;93,128;93,129;93,130;93,131;93,132;93,133;94,121;94,122;94,123;94,124;94,125;94,126;94,127;94,128;94,129;94,130;94,131;94,132;94,133;95,121;95,122;95,123;95,124;95,125;95,126;95,127;95,128;95,129;95,130;95,131;95,132;95,133;96,121;96,122;96,123;96,124;96,125;96,126;96,127;96,128;96,129;96,130;96,131;96,132;96,133;97,122;97,123;97,124;97,125;97,126;97,127;97,128;97,129;97,130;97,131;97,132;97,133;97,134;98,122;98,123;98,124;98,125;98,126;98,127;98,128;98,129;98,130;98,131;98,132;98,133;98,134;99,127;99,128;99,129;99,130;99,131;99,132;99,133;99,134;100,128;100,129;100,130;100,131;100,132;100,133;100,134;101,129;101,130;101,131;101,132;101,133;102,129;102,130;102,131;102,132;102,133
90,-111;90,-110
93,-114;93,-113;93,-112;93,-111;93,-110;94,-114;94,-113;94,-112;94,-111;94,-110
94,-32;94,-31;94,-30;94,-29;94,-28;95,-32;95,-31;95,-30;95,-29;95,-28;96,-32;96,-31;96,-30;96,-29;96,-28;97,-32;97,-31;97,-30;97,-29;97,-28;98,-32;98,-31;98,-30;98,-29;98,-28;99,-32;99,-31;99,-30;99,-29;99,-28
94,22;94,23;95,22;95,23;96,22;96,23;97,22;97,23;98,22;98,23;99,22;99,23
99,-131;99,-130;100,-131;100,-130
100,-138;100,-137;100,-136;101,-138;101,-137;101,-136;102,-138;102,-137;102,-136
100,77;100,78;100,79;100,80;100,81;101,77;101,78;101,79;101,80;101,81;102,77;102,78;102,79;102,80;102,81;103,77;103,78;103,79;103,80;103,81;104,77;104,78;104,79;104,80;104,81;105,77;105,78;105,79;105,80;105,81;106,77;106,78;106,79;106,80;106,81;107,79;107,78;107,77;101,76;102,76;103,76;104,76;105,76;106,76;103,75;104,75;100,82;101,82;102,82;103,82;104,82
101,-116;101,-115;101,-114;101,-113;102,-116;102,-115;102,-114;102,-113;103,-116;103,-115;103,-114;103,-113;104,-116;104,-115;104,-114;104,-113
101,-28
103,-138
103,-137
107,-135
109,-21
110,-21
111,-21;111,-22;108,-23;109,-23;110,-23;111,-23;112,-23;110,-24;111,-24;112,-22;111,-25;112,-24;112,-25;113,-25
109,-22
110,-22
111,-142
116,-16
116,-12;116,-11
117,-11
117,-8
118,-8
119,-12;120,-12;119,-11;120,-11
120,-6
122,-12;122,-11;122,-10;123,-12;123,-11;123,-10;124,-12;124,-11;124,-10;125,-12;125,-11;125,-10;126,-12;126,-11;126,-10;127,-12;127,-11;127,-10;128,-12;128,-11;128,-10;129,-12;129,-11;129,-10
126,44;126,45;126,46;126,47;126,48;126,49;126,50;127,44;127,45;127,46;127,47;127,48;127,49;127,50;128,44;128,45;128,46;128,47;128,48;128,49;128,50;129,44;129,45;129,46;129,47;129,48;129,49;129,50;130,44;130,45;130,46;130,47;130,48;130,49;130,50;131,44;131,45;131,46;131,47;131,48;131,49;131,50;132,44;132,45;132,46;132,47;132,48;132,49;132,50
129,-9
129,-4;129,-3;129,-2;130,-4;130,-3;130,-2
131,-131
131,-4;131,-3;131,-2
133,36
136,1;135,1
137,-4
138,-143;139,-143
139,-74;139,-73;140,-74;140,-73
140,-4;140,-5;140,-6;140,-7;140,-8;140,-9;140,-10;140,-11;141,-4;141,-5;141,-6;141,-7;141,-8;141,-9;141,-10;141,-11;142,-2;142,-3;142,-4;142,-5;142,-6;142,-7;142,-8;142,-9;142,-10;142,-11;143,-2;143,-3;143,-4;143,-5;143,-6;143,-7;143,-8;143,-9;143,-10;143,-11;144,-2;144,-3;144,-4;144,-5;144,-6;144,-7;144,-8;144,-9;144,-10;144,-11;145,-2;145,-3;145,-4;145,-5;145,-6;145,-7;145,-8;145,-9;145,-10;145,-11;146,-2;146,-3;146,-4;146,-5;146,-6;146,-7;146,-8;146,-9;146,-10;146,-11;147,-2;147,-3;147,-4;147,-5;147,-6;147,-7;147,-8;147,-9;147,-10;147,-11;148,-2;148,-3;148,-4;148,-5;148,-6;148,-7;148,-8;148,-9;148,-10;148,-11;149,-2;149,-3;149,-4;149,-5;149,-6;149,-7;149,-8;149,-9;149,-10;149,-11;141,-2;141,-3;140,-2;140,-3
142,-146;143,-146;142,-145;143,-145;142,-144;143,-144
143,-58;143,-57;144,-58;144,-57
145,-148;144,-148
145,-51;145,-50;145,-49;145,-48;146,-51;146,-50;146,-49;146,-48;147,-51;147,-50;147,-49;147,-48;148,-51;148,-50;148,-49;148,-48
145,60;145,61;145,62;145,63;145,64;145,65;146,60;146,61;146,62;146,63;146,64;146,65;147,60;147,61;147,62;147,63;147,64;148,60;147,65;148,61;148,62;148,63;148,64;148,65;149,60;149,61;149,62;149,63;149,64;149,65
147,-53;147,-52;148,-53;148,-52
148,-34;148,-33
149,-51
149,-50
149,6