-150,-143
-116,132;-121,134;-115,135;-122,135;-119,132;-117,134;-120,134;-119,137;-118,132;-120,132;-117,135;-120,136;-117,132;-121,133;-124,134;-119,136;-122,137;-118,133;-122,134;-117,136;-122,132;-123,132;-117,133;-123,133;-119,135;-116,134;-118,134;-117,137;-121,137;-121,132;-115,132;-116,133;-124,135;-118,136;-119,133;-122,133;-124,133;-122,136;-120,137;-120,133;-121,135;-123,134;-124,132;-115,134;-120,135;-121,136;-118,137;-118,135;-119,134;-123,135;-115,133;-116,135
-123,148;-121,149;-123,147;-120,146;-124,148;-123,149;-124,146;-123,144;-122,146;-120,148;-124,149;-122,145;-121,144;-121,145;-120,149;-122,148;-121,148;-120,144;-124,150;-121,146;-124,147;-123,146;-120,147;-122,147;-121,147;-123,145;-122,149;-122,144;-124,145;-120,145;-124,144;-123,150;-121,150;-122,150;-120,150;-119,144;-118,144;-118,149;-118,148;-118,146;-119,145;-119,148;-119,150;-119,146;-118,147;-119,149;-118,145;-118,150;-119,147
-123,127;-122,127;-115,125;-114,124;-121,124;-120,127;-116,125;-119,125;-118,125;-118,126;-118,127;-115,127;-115,128;-123,124;-122,124;-121,125;-117,126;-119,126;-116,124;-123,125;-117,127;-115,124;-114,125;-121,126;-117,124;-122,128;-122,125;-119,124;-119,127;-118,128;-117,125;-116,128;-114,126;-120,124;-118,124;-123,126;-122,126;-116,127;-123,128;-121,127;-121,128;-120,126;-120,128;-115,126;-120,125;-119,128;-116,126;-117,128;-114,127;-114,128
-123,143;-123,141;-123,140;-123,142;-122,140;-122,141;-122,142;-120,140;-121,142;-121,143;-122,143;-121,140;-121,141;-120,141;-120,143;-120,142
-119,-43;-120,-43
-119,-45;-120,-45
-118,84;-118,83;-117,84;-116,83;-117,83;-116,84
-112,-43
-108,129;-108,127;-111,130;-110,128;-110,127;-108,130;-111,127;-110,129;-111,128;-108,128;-109,127;-109,128;-109,130;-109,129;-111,129;-110,130
-106,132;-108,136;-110,132;-107,134;-109,136;-106,136;-111,135;-105,131;-105,135;-106,137;-108,133;-109,132;-108,137;-109,131;-111,137;-109,133;-105,137;-107,137;-110,133;-111,136;-107,131;-110,136;-110,137;-111,133;-107,133;-107,135;-107,136;-108,131;-108,132;-109,135;-109,137;-111,132;-111,134;-105,132;-106,135;-110,131;-110,135;-105,133;-106,134;-105,134;-106,131;-108,134;-109,134;-110,134;-111,131;-107,132;-105,136;-106,133;-108,135
-110,-32
-109,-32
-107,123;-108,123;-110,118;-108,117;-108,122;-107,118;-108,118;-109,118;-109,121;-110,123;-107,117;-108,121;-109,119;-110,119;-110,120;-110,122;-108,120;-109,122;-109,123;-107,121;-107,119;-110,121;-107,120;-107,122;-110,117;-108,119;-109,117;-109,120
-109,-93
-107,-94
-104,-95
-104,134;-104,136;-101,138;-104,135;-98,134;-99,138;-98,132;-103,137;-101,136;-98,136;-100,132;-102,137;-100,138;-103,133;-103,135;-102,134;-100,135;-98,135;-103,134;-103,136;-98,138;-104,133;-102,135;-102,136;-99,137;-104,138;-101,134;-100,136;-99,134;-98,137;-103,132;-102,133;-103,138;-101,132;-101,135;-101,137;-100,137;-99,133;-104,132;-104,137;-102,132;-99,135;-102,138;-100,133;-99,132;-101,133;-100,134;-99,136;-98,133
-95,34;-96,36;-96,35;-95,35;-96,34;-95,36
-98,37;-98,34;-99,37;-97,39;-98,39;-99,38;-99,39;-99,34;-98,38;-98,35;-98,36;-99,36;-99,35;-97,38;-100,38;-100,37;-97,37;-100,39
-100,127;-101,126;-99,128;-101,127;-100,128;-99,129;-100,129;-99,126;-100,126;-99,127;-101,128;-102,126;-102,128;-101,129;-102,127;-102,129
-101,35;-100,35
-97,36;-97,35;-97,34
-100,34
-102,37;-102,36
-101,34
-98,-94;-99,-94
-96,112;-93,112;-96,111;-94,111;-92,111;-95,111;-95,110;-92,112;-93,111;-95,112;-94,110;-93,110;-92,110;-94,112;-96,110;-93,108;-95,108;-94,108;-92,109;-94,109;-93,109;-96,109;-95,109;-96,108;-92,108
-90,-150
-90,-100
-89,-85;-88,-86;-87,-84;-87,-86;-89,-86;-87,-85;-89,-84;-88,-84;-88,-85
-82,84;-83,83;-82,85;-85,83;-85,86;-84,84;-82,86;-83,85;-82,83;-84,86;-84,83;-83,86;-85,85;-83,84;-84,85;-85,84
-75,72;-75,74;-80,76;-76,78;-78,76;-75,76;-75,75;-79,76;-80,77;-75,73;-76,76;-80,78;-75,77;-80,74;-77,76;-80,75;-76,77;-75,71;-75,78
-75,-150;-75,-149;-74,-149;-74,-150
-73,-150;-73,-149;-72,-150;-72,-149
-71,-150;-71,-149;-70,-150;-70,-149
-64,-69;-63,-71;-59,-68;-62,-68;-61,-70;-59,-70;-64,-70;-62,-69;-62,-71;-61,-71;-64,-68;-63,-70;-60,-71;-60,-70;-61,-68;-59,-69;-59,-71;-61,-69;-64,-71;-63,-69;-60,-68;-60,-69;-63,-68;-62,-70
-71,53;-70,56;-70,53;-71,55;-71,52;-71,56;-69,52;-68,53;-68,54;-67,54;-70,54;-68,55;-67,53;-69,53;-68,52;-67,55;-71,54;-70,55;-69,55;-68,56;-69,54;-70,52;-67,56;-69,56;-67,52
-68,57;-67,65;-66,62;-71,67;-69,66;-67,66;-66,57;-66,65;-66,67;-65,68;-64,58;-71,66;-71,68;-69,57;-68,58;-67,61;-66,71;-71,65;-68,63;-68,65;-66,61;-69,71;-68,60;-66,53;-66,56;-65,54;-71,57;-71,59;-71,63;-68,59;-66,55;-66,66;-65,58;-65,64;-65,71;-71,62;-70,63;-67,57;-65,61;-64,54;-69,60;-68,64;-67,71;-71,60;-70,60;-67,62;-66,52;-66,58;-65,67;-71,58;-71,69;-68,61;-68,71;-66,54;-66,69;-65,62;-65,63;-65,69;-64,52;-65,55;-70,66;-69,63;-65,56;-65,60;-70,71;-66,70;-65,59;-64,53;-64,55;-71,61;-71,64;-68,62;-67,58;-65,65;-71,71;-64,57;-71,70;-70,57;-68,66;-66,68;-65,52;-64,56;-63,71;-61,58;-61,66;-60,53;-59,52;-58,64;-58,65;-58,69;-57,61;-52,60;-60,65;-60,66;-60,70;-59,58;-59,67;-59,68;-58,55;-57,53;-57,69;-55,61;-64,66;-64,68;-62,65;-58,54;-58,56;-54,57;-53,66;-52,58;-52,65;-63,65;-61,70;-58,62;-57,66;-62,58;-59,70;-58,68;-56,62;-52,57;-60,57;-58,60;-57,54;-57,57;-57,65;-56,57;-55,65;-53,57;-64,70;-63,52;-63,66;-61,52;-61,53;-59,53;-57,67;-55,60;-55,62;-55,64;-61,65;-60,52;-55,63;-64,71;-55,66;-53,60;-58,58;-58,67;-58,71;-57,56;-56,61;-56,65;-55,57;-63,57;-59,55;-59,65;-57,52;-54,66;-52,61;-62,66;-62,70;-61,57;-59,69;-58,59;-58,61;-57,62;-52,63;-64,67;-63,70;-61,71;-57,71;-52,59;-64,65;-63,53;-62,52;-62,53;-60,58;-59,66;-58,63;-55,58;-54,63;-53,63;-52,64;-64,69;-63,58;-59,54;-59,71;-58,52;-57,55;-57,70;-56,58;-59,56;-57,58;-55,59;-54,60;-52,66;-62,57;-62,71;-60,71;-59,57;-57,68;-56,66;-52,62
-65,57
-67,60;-66,59;-66,60;-67,59
-66,64;-67,63;-66,63;-67,64
-67,69;-70,67;-67,70;-68,67;-68,69;-69,68;-70,68;-70,70;-67,67;-70,69;-68,68;-69,70;-69,67;-68,70;-69,69;-67,68
-70,65;-70,64;-69,64;-69,65
-69,58;-70,59;-70,58;-69,59
-71,41
-60,54;-63,54;-63,55;-60,56;-62,56;-62,55;-63,56;-61,56;-61,55;-61,54;-60,55;-62,54
-57,64;-56,63;-57,63;-56,64
-55,56;-56,56;-54,55;-53,52;-53,56;-56,53;-54,53;-53,55;-52,53;-56,54;-53,54;-52,55;-52,52;-53,53;-54,52;-56,55;-55,52;-55,55;-55,53;-54,54;-54,56;-52,54;-52,56;-56,52;-55,54
-54,69
-54,71;-52,70;-54,70;-53,70;-52,71;-53,71
-52,68;-53,67;-53,68;-52,69;-53,69;-52,67
-61,69;-62,68;-60,68;-60,69;-63,67;-62,67;-63,68;-63,69;-62,69;-60,67;-61,67;-61,68
-56,68;-55,67;-55,68;-54,67;-54,68;-56,67
-55,71;-56,69;-55,69;-55,70;-56,70;-56,71
-54,64;-53,64;-53,65;-54,65
-56,59;-57,60;-56,60;-57,59
-53,59;-54,59;-53,58;-54,58
-53,62;-53,61;-54,61;-54,62
-58,57
-58,66
-58,53
-69,-149;-69,-150;-68,-149;-68,-150
-69,31
-68,29
-67,31
-65,31;-63,31;-62,31;-65,30;-66,29;-62,28;-62,30;-64,29;-63,28;-61,29;-65,29;-64,28;-61,28;-64,31;-63,30;-66,30;-66,31;-63,29;-62,29;-61,31;-66,28;-65,28;-61,30;-64,30
-68,28
-69,28
-69,29
-68,31
-67,28
-67,29
-69,30
-68,30
-67,30
-64,-31;-64,-30;-65,-31;-65,-30;-62,-31;-63,-30;-63,-31;-62,-30
-61,-32
-60,-31
-59,-5
-59,-6
-39,8;-40,8;-39,7;-40,7
-36,-6
-31,14
-20,-30
-16,-131
-17,-21
-9,-85;-9,-81;-9,-77;-7,-91;-7,-90;-7,-85;-9,-89;-9,-80;-9,-76;-8,-89;-8,-75;-9,-91;-9,-90;-9,-84;-8,-73;-7,-82;-6,-87;-9,-74;-8,-91;-8,-88;-7,-78;-7,-77;-6,-86;-8,-90;-8,-72;-7,-73;-9,-75;-7,-87;-9,-73;-7,-84;-7,-83;-7,-76;-6,-81;-8,-86;-8,-85;-8,-80;-6,-88;-6,-83;-6,-79;-9,-86;-9,-78;-8,-82;-8,-77;-7,-88;-7,-74;-7,-86;-7,-79;-7,-75;-9,-82;-9,-79;-7,-72;-9,-88;-9,-83;-8,-81;-8,-78;-6,-91;-6,-82;-8,-84;-8,-79;-8,-74;-7,-89;-7,-81;-7,-80;-9,-72;-6,-90;-6,-89;-6,-85;-9,-87;-8,-87;-8,-83;-8,-76;-6,-84;-6,-80;-6,-78;-6,-77;-6,-75;-5,-87;-6,-74;-5,-82;-4,-82;-4,-81;-4,-78;-3,-85;-2,-77;-1,-79;0,-86;1,-91;2,-72;3,-80;5,-73;6,-82;6,-73;7,-76;8,-89;9,-86;9,-82;10,-72;-6,-76;-5,-84;-5,-79;-5,-76;-4,-84;-3,-74;-2,-91;-2,-87;-2,-86;-1,-90;-1,-86;-1,-77;-1,-73;0,-85;1,-80;1,-76;2,-91;3,-79;3,-76;3,-72;4,-90;4,-78;4,-77;4,-75;5,-89;5,-84;7,-75;7,-73;8,-73;9,-91;10,-80;-5,-88;-3,-84;0,-81;0,-80;0,-74;1,-89;1,-73;2,-83;3,-86;3,-82;4,-88;7,-81;8,-85;9,-79;-5,-86;-4,-89;-4,-80;0,-87;1,-87;5,-91;5,-87;5,-86;5,-74;6,-89;6,-86;6,-84;6,-75;7,-86;7,-79;8,-75;10,-85;10,-74;-6,-73;-5,-91;-5,-72;-4,-76;-2,-82;-1,-87;-1,-80;0,-90;0,-79;0,-77;1,-88;1,-77;2,-87;2,-74;4,-89;5,-82;6,-87;6,-80;6,-77;7,-89;7,-83;8,-83;9,-73;10,-90;-5,-90;-5,-81;-3,-78;0,-73;1,-86;1,-83;3,-77;4,-74;4,-72;6,-74;7,-84;8,-91;8,-78;10,-79;10,-77;-3,-90;-2,-83;-2,-81;-1,-83;3,-84;5,-85;5,-80;5,-79;5,-78;6,-72;8,-77;9,-83;9,-78;-4,-86;-6,-72;-4,-77;-4,-73;-4,-72;-3,-80;-2,-85;-2,-79;-2,-76;-2,-75;-2,-73;-1,-89;0,-89;2,-88;2,-84;2,-77;2,-76;3,-75;4,-86;4,-84;4,-76;6,-76;7,-87;8,-80;8,-79;8,-76;9,-84;9,-75;10,-89;-5,-89;-5,-75;-5,-77;-5,-85;-5,-83;-4,-83;-4,-79;-3,-82;-3,-75;-2,-78;-1,-91;2,-89;2,-78;3,-85;3,-78;4,-82;4,-81;6,-79;7,-90;7,-80;8,-72;10,-84;10,-82;-3,-91;-4,-88;-4,-87;-4,-74;-3,-83;-3,-79;-3,-77;-2,-90;-1,-75;0,-75;0,-72;1,-82;1,-74;3,-90;3,-88;3,-74;4,-87;4,-80;5,-90;5,-81;5,-75;5,-72;6,-91;8,-81;9,-85;-1,-88;-1,-85;-1,-74;0,-82;1,-84;4,-83;6,-88;8,-87;10,-75;10,-73;-4,-85;-3,-88;-3,-87;-3,-81;-3,-72;-1,-84;-1,-82;-1,-72;1,-81;1,-75;2,-86;2,-73;3,-89;6,-90;6,-81;7,-88;7,-72;-5,-78;-3,-73;-2,-72;-1,-81;-1,-78;0,-83;0,-76;1,-79;2,-79;3,-83;3,-73;5,-76;6,-85;7,-91;7,-78;8,-74;9,-87;9,-80;10,-87;-4,-90;-2,-88;0,-84;0,-78;1,-85;5,-88;6,-78;7,-82;7,-77;7,-74;8,-88;8,-84;10,-78;-5,-80;-5,-73;-5,-74;-4,-75;-3,-89;-3,-86;-2,-89;1,-90;1,-72;2,-82;2,-80;2,-75;3,-87;4,-85;4,-79;4,-73;5,-83;5,-77;7,-85;8,-86;8,-82;9,-90;9,-89;9,-88;9,-81;10,-88;10,-86;10,-76;-4,-91;-3,-76;-2,-84;-2,-80;-2,-74;-1,-76;0,-91;0,-88;1,-78;2,-90;2,-85;2,-81;3,-91;3,-81;4,-91;6,-83;8,-90;9,-77;9,-76;9,-74;9,-72;10,-91;10,-83;10,-81
-8,109;-8,108;-7,109;-7,108
-4,-142
-1,-34;-4,-35;-2,-35;-4,-34;-1,-35;-2,-34;-3,-35;-3,-34
3,-54;2,-54
2,-116
11,102;9,100;6,100;7,104;8,104;10,104;11,101;5,101;5,102;6,103;6,104;10,103;7,102;11,100;11,104;5,104;5,103;8,102;9,103;10,101;7,100;9,104;7,103;9,101;10,102;9,102;6,101;6,102;7,101;8,101;5,100;8,103;11,103;8,100;10,100
6,99
14,103;18,103;18,102;15,104;16,103;18,104;14,101;14,104;15,103;17,103;18,101;16,101;17,100;15,102;16,104;17,101;15,100;17,104;17,102;14,100;15,101;16,102;14,102;16,100
26,-84
36,36
36,-77;36,-76;35,-79;35,-76;35,-78;36,-79;35,-77;36,-78;37,-76;37,-78;37,-77;37,-79
40,-5
44,140;45,140;44,141;45,141
45,104
49,-41;47,-40;48,-41;48,-40;47,-41;49,-40
48,-46;47,-45;48,-44;49,-45;48,-43;47,-44;47,-43;49,-46;48,-45;49,-44;49,-43
66,-1;66,-2
79,-137
78,-105
92,47
95,47
98,48
96,49
98,49
96,47
97,49
99,48
99,47
100,48
95,49
100,47
95,48
96,48
96,-131;96,-132;98,-132;97,-131;98,-131;97,-132
99,-111;100,-111;100,-112;99,-112
100,49
96,-114;96,-113;96,-115;97,-115;98,-115;97,-116;97,-113;97,-114;98,-116;98,-114;98,-113;99,-116;100,-115;99,-115;100,-114;100,-113;99,-113;100,-116;99,-114
98,47
96,-104
99,49
97,47
97,48
99,-131;99,-130;100,-130;100,-131
100,55;101,55
102,77;101,77;101,78;100,78;102,78;101,79;100,77;100,79;102,79
104,52;104,53
104,51
104,42
105,50
106,50;107,50
109,49
109,50
111,45;111,46;110,44;110,45;110,46;111,44;112,44;112,45;112,46
116,-26;118,-25;118,-26;121,-26;120,-25;120,-27;117,-26;117,-27;119,-27;120,-26;117,-25;119,-25;121,-27;119,-26;118,-27;121,-25
126,-5
137,-2;138,-3;137,-3;138,-2
147,61;147,62;147,63;148,60;149,65;145,65;146,61;145,64;148,61;149,63;145,62;147,60;145,60;146,65;149,64;147,65;149,61;148,63;149,60;146,60;147,64;145,63;145,61;146,62;148,62;148,64;146,64;148,65;149,62;146,63