-150,72;-149,72;-148,72;-147,72;-146,72;-145,72;-144,72;-143,72;-142,72;-141,72;-140,72;-139,72;-150,71;-149,71;-148,71;-147,71;-146,71;-145,71;-144,71;-143,71;-142,71;-141,71;-140,71;-139,71;-150,70;-149,70;-148,70;-147,70;-146,70;-145,70;-144,70;-143,70;-142,70;-141,70;-140,70;-139,70;-150,69;-149,69;-148,69;-147,69;-146,69;-145,69;-144,69;-143,69;-142,69;-141,69;-140,69;-139,69;-150,68;-149,68;-148,68;-147,68;-146,68;-145,68;-144,68;-143,68;-142,68;-141,68;-140,68;-139,68;-150,67;-149,67;-148,67;-147,67;-146,67;-145,67;-144,67;-143,67;-142,67;-141,67;-140,67;-139,67;-150,66;-149,66;-148,66;-147,66;-146,66;-145,66;-144,66;-143,66;-142,66;-141,66;-140,66;-139,66;-150,65;-149,65;-148,65;-147,65;-146,65;-145,65;-144,65;-143,65;-142,65;-141,65;-140,65;-139,65;-150,64;-149,64;-148,64;-147,64;-146,64;-145,64;-144,64;-143,64;-142,64;-141,64;-140,64;-139,64
-150,126;-149,126;-150,127;-149,127;-150,128;-149,128;-150,129;-149,129;-150,130;-149,130
-150,131;-149,131;-150,132;-149,132;-150,133;-149,133;-150,134;-149,134;-150,135;-149,135
-148,126;-147,126;-148,127;-147,127;-148,128;-147,128;-148,129;-147,129;-148,130;-147,130
-148,131;-147,131;-148,132;-147,132;-148,133;-147,133;-148,134;-147,134;-148,135;-147,135
-147,149
-146,126;-146,127;-146,128;-146,129;-146,130;-145,126;-145,127;-145,128;-145,129;-145,130
-146,149
-145,148
-145,149
-143,-7
-138,-116
-137,-48
-137,-13;-136,-13;-135,-13
-131,-71
-129,9
-129,10
-128,9
-128,10
-125,-96
-115,132;-116,132;-117,132;-118,132;-119,132;-120,132;-121,132;-122,132;-123,132;-124,132;-115,133;-116,133;-117,133;-118,133;-119,133;-120,133;-121,133;-122,133;-123,133;-124,133;-115,134;-116,134;-117,134;-118,134;-119,134;-120,134;-121,134;-122,134;-123,134;-124,134;-115,135;-116,135;-117,135;-118,135;-119,135;-120,135;-121,135;-122,135;-123,135;-124,135;-117,136;-118,136;-119,136;-120,136;-121,136;-122,136;-117,137;-118,137;-119,137;-120,137;-121,137;-122,137
-124,144;-124,145;-124,146;-124,147;-124,148;-124,149;-123,144;-123,145;-123,146;-123,147;-123,148;-123,149;-122,144;-122,145;-122,146;-122,147;-122,148;-122,149;-121,144;-121,145;-121,146;-121,147;-121,148;-121,149;-120,144;-120,145;-120,146;-120,147;-120,148;-120,149;-124,150;-123,150;-122,150;-121,150;-120,150;-119,144;-119,145;-119,146;-119,147;-119,148;-119,149;-119,150;-118,144;-118,145;-118,146;-118,147;-118,148;-118,149;-118,150
-123,140;-123,141;-123,142;-123,143;-122,140;-122,141;-122,142;-122,143;-121,140;-121,141;-120,140;-120,141;-121,142;-121,143;-120,142;-120,143
-121,90
-120,90
-118,6;-117,6
-118,83;-118,84;-117,83;-117,84;-116,83;-116,84
-115,-19;-115,-18;-115,-17;-115,-16;-115,-15;-114,-19;-114,-18;-114,-17;-114,-16;-114,-15;-113,-19;-113,-18;-113,-17;-113,-16;-113,-15;-112,-19;-112,-18;-112,-17;-111,-17;-112,-16;-112,-15;-111,-19;-111,-18
-115,6;-115,7;-114,6;-114,7
-113,-36;-113,-37;-113,-38
-111,-44
-111,-41;-111,-40;-110,-40
-107,41
-107,40
-107,39
-107,38
-108,41
-108,40
-108,39
-108,38
-109,41
-109,40
-109,39
-109,38
-110,41
-110,40
-110,39
-110,38
-108,-89
-107,-90
-107,-89
-105,-143;-105,-144;-105,-145;-105,-146;-105,-147;-104,-142;-104,-143;-104,-144;-104,-145;-104,-146;-104,-147;-103,-142;-103,-143;-103,-144;-103,-145;-103,-146;-103,-147;-102,-144;-102,-143;-102,-145;-102,-146;-102,-147
-104,138;-104,132;-104,133;-104,134;-104,135;-104,136;-104,137;-103,138;-103,132;-103,133;-103,134;-103,135;-103,136;-103,137;-102,138;-102,132;-102,133;-102,134;-102,135;-102,136;-102,137;-101,138;-101,132;-101,133;-101,134;-101,135;-101,136;-101,137;-100,138;-100,132;-100,133;-100,134;-100,135;-100,136;-100,137;-99,138;-99,132;-99,133;-99,134;-99,135;-99,136;-99,137;-98,138;-98,132;-98,133;-98,134;-98,135;-98,136;-98,137
-103,-21
-102,-139;-102,-138;-102,-137;-102,-136;-102,-135;-102,-134;-102,-133;-102,-132;-102,-131;-102,-130;-101,-139;-101,-138;-101,-137;-101,-136;-101,-135;-101,-134;-101,-133;-101,-132;-101,-131;-101,-130;-100,-139;-100,-138;-100,-137;-100,-136;-100,-135;-100,-134;-100,-133;-100,-132;-100,-131;-100,-130;-99,-139;-99,-138;-99,-137;-99,-136;-99,-135;-99,-134;-99,-133;-99,-132;-99,-131;-99,-130;-98,-139;-98,-138;-98,-137;-98,-136;-98,-135;-98,-134;-98,-133;-98,-132;-98,-131;-98,-130;-97,-139;-97,-138;-97,-137;-97,-136;-97,-135;-97,-134;-97,-133;-97,-132;-97,-131;-97,-130;-96,-139;-96,-138;-96,-137;-96,-136;-96,-135;-96,-134;-96,-133;-96,-132;-96,-131;-96,-130;-95,-139;-95,-138;-95,-137;-95,-136;-95,-135;-95,-134;-95,-133;-95,-132;-95,-131;-95,-130;-94,-139;-94,-138;-94,-137;-94,-136;-94,-135;-94,-134;-94,-133;-94,-132;-94,-131;-94,-130;-93,-139;-93,-138;-93,-137;-93,-136;-93,-135;-93,-134;-93,-133;-93,-132;-93,-131;-93,-130
-95,41;-95,40;-96,41;-96,40
-100,35;-101,35
-99,126;-99,127;-99,128;-99,129;-100,126;-100,127;-100,128;-100,129;-101,126;-101,127;-101,128;-101,129;-102,126;-102,127;-102,128;-102,129
-98,-21
-96,126;-96,127;-96,128;-96,129;-96,130;-95,126;-95,127;-95,128;-95,129;-95,130;-94,126;-94,127;-94,128;-94,129;-94,130;-93,126;-93,127;-93,128;-93,129;-93,130;-92,126;-92,127;-92,128;-92,129;-92,130
-92,-84
-91,-22
-87,-84;-87,-85;-87,-86;-88,-84;-88,-85;-88,-86;-89,-84;-89,-85;-89,-86
-87,31
-87,146
-82,83;-82,84;-82,85;-82,86;-83,83;-83,84;-83,85;-83,86;-84,83;-84,84;-84,85;-84,86;-85,83;-85,84;-85,85;-85,86
-76,-109
-76,-28
-73,-122
-71,-119;-71,-118;-70,-118;-70,-119;-69,-119;-69,-118
-70,-107
-69,28;-69,29;-69,30;-69,31;-68,28;-68,29;-68,30;-68,31;-67,28;-67,29;-67,30;-67,31;-66,28;-66,29;-66,30;-66,31;-65,28;-65,29;-65,30;-65,31;-64,28;-64,29;-64,30;-64,31;-63,28;-63,29;-63,30;-63,31;-62,28;-62,29;-62,30;-62,31;-61,28;-61,29;-61,30;-61,31
-67,-111;-67,-110;-67,-109;-66,-110;-66,-109;-65,-111;-65,-110;-65,-109;-64,-111;-64,-110;-64,-109
-65,117;-64,117
-62,126;-62,125
-61,125
-61,126
-60,126
-60,125
-59,125
-59,126
-59,128;-58,128;-59,127;-58,127
-58,-9;-58,-8;-57,-9;-57,-8
-58,125
-58,126
-57,-112;-57,-111;-57,-110;-56,-112;-56,-111;-56,-110;-55,-112;-55,-111;-55,-110
-57,125
-57,126
-56,127;-56,128;-55,127;-55,128
-56,125
-56,126
-55,-127
-55,29
-55,125
-55,126
-54,128;-53,128;-54,127;-53,127
-53,20;-53,21
-52,-98
-52,147;-51,147;-50,147;-49,147;-48,147;-47,147
-51,74;-51,75;-51,76;-51,77;-51,78;-51,79;-50,74;-50,75;-50,76;-50,77;-50,78;-50,79;-50,80;-49,74;-49,75;-49,76;-49,77;-49,78;-49,79;-49,80;-48,74;-48,75;-48,76;-48,77;-48,78;-48,79;-48,80;-47,74;-47,75;-47,76;-47,77;-47,78;-47,79;-47,80
-51,104;-51,103;-50,104;-49,104;-48,104;-47,104;-46,104;-45,104;-44,104;-50,103;-49,103;-48,103;-47,103;-46,103;-45,103;-44,103;-50,102;-49,102;-48,102;-47,102;-46,102;-45,102;-44,102
-45,81
-44,74
-40,-59
-39,-3;-38,-3;-37,-3;-36,-3
-32,-65;-32,-64;-32,-63;-32,-62;-32,-61;-31,-65;-31,-64;-31,-63;-31,-62;-31,-61;-30,-62;-29,-62;-28,-62;-27,-62;-26,-62;-25,-62;-30,-63;-29,-63;-28,-63;-27,-63;-26,-63;-25,-63;-30,-64;-29,-64;-28,-64;-27,-64;-26,-64;-25,-64;-30,-65;-29,-65;-28,-65;-27,-65;-26,-65;-25,-65;-30,-61;-29,-61;-28,-61;-27,-61;-26,-61;-25,-61
-35,-60;-35,-59;-34,-60;-34,-59;-33,-60;-33,-59;-32,-60;-32,-59;-31,-60;-31,-59;-35,-58;-35,-57;-34,-58;-34,-57;-33,-57;-33,-58
-33,-56;-33,-55
-29,80;-29,81;-29,82;-29,83;-29,84;-29,85;-28,80;-28,81;-28,82;-28,83;-28,84;-28,85;-27,80;-27,81;-27,82;-27,83;-27,84;-27,85;-26,80;-26,81;-26,82;-26,83;-26,84;-26,85;-25,80;-25,81;-25,82;-25,83;-25,84;-25,85;-24,80;-24,81;-24,82;-24,83;-24,84;-24,85
-26,-110
-28,-45
-27,19;-27,20;-26,19;-26,20;-25,19;-25,20;-24,19;-24,20;-23,19;-23,20;-22,19;-22,20;-21,19
-26,88;-26,89;-26,90;-26,91;-26,92;-25,88;-25,89;-25,90;-25,91;-25,92;-24,88;-24,89;-24,90;-24,91;-24,92;-23,88;-23,89;-23,90;-23,91;-23,92
-25,34;-25,35
-25,65
-25,66
-18,-97
-14,33;-14,34
-5,-128;-5,-127;-4,-128;-4,-127
-4,-34;-3,-34;-4,-35;-3,-35;-2,-34;-2,-35;-1,-35;-1,-34
2,-54;3,-54
2,-24
2,16;3,16;4,16;5,16;2,17;3,17;4,17;5,17;2,18;3,18;4,18;5,18
3,-35
5,-18
10,-45
11,145;11,146;11,147;11,148;11,149;12,145;12,146;12,147;12,148;12,149;13,145;13,146;13,147;13,148;13,149;14,145;14,146;14,147;14,148;14,149;15,145;15,146;15,147;15,148;15,149
12,-130
14,-130;13,-130
14,-91
15,-117;16,-117;17,-117
17,-145
21,71
26,-143
30,-112;30,-111
30,79
35,-116
35,80;35,81;36,80;36,81
37,-114
38,9
38,103
40,-42;40,-41;40,-40;41,-41;41,-42;41,-40;42,-42;42,-41;42,-40
40,9;40,10;40,11;41,9;41,10;41,11;42,9;42,10;42,11
41,-118
41,-7
42,-55
47,-46;48,-46;49,-46;47,-45;48,-45;49,-45;47,-44;48,-44;49,-44;47,-43;48,-43;49,-43
47,-41;47,-40;48,-41;48,-40;49,-41;49,-40
54,-136
55,31;56,31
57,27;57,26;56,27;56,26;58,26;58,27;59,26;59,27
67,-29
74,40;74,41;74,42;74,43;74,44;74,45;74,46;75,46;78,46;78,45;79,46;79,45;80,46;80,45;75,40;75,41;75,42;75,43;75,44;75,45;76,40;76,41;76,42;76,43;76,44;76,45;76,46;77,40;77,41;77,42;77,43;77,44;77,45;77,46;78,40;78,41;78,42;78,43;78,44;79,40;79,41;79,42;79,43;79,44;80,40;80,41;80,42;80,43;80,44;81,40;81,41;81,42;81,43;81,44;81,45;81,46
74,48;75,48;76,50;74,50;75,50;74,49;75,49;76,49;76,48;77,48;77,49;77,50;78,50;78,49;78,48;74,47;75,47;76,47;77,47;78,47;81,47;80,47;79,47;81,51;79,50;79,49;79,48;80,51;81,50;81,49;81,48;80,50;80,49;80,48;80,52;80,53;81,53;81,52;80,54;81,56;80,55;81,55;80,56;81,54
74,51;75,56;75,55;75,54;75,53;75,52;75,51;74,56;74,55;74,54;74,53;74,52;76,56;76,55;76,54;76,53;76,52;76,51;77,56;77,55;77,54;77,53;77,52;77,51;78,56;78,55;78,54;78,53;78,52;78,51;79,56;79,55;79,54;79,53;79,52;79,51
77,-102;77,-101
78,-105
79,-138
83,46;84,46;82,40;82,41;82,42;82,43;82,44;82,45;82,46;83,41;83,42;83,43;83,44;83,45;84,41;84,42;84,43;84,44;84,45;83,40;84,40;85,40;85,41;85,42;85,43;86,41;86,42;86,43;87,41;87,42;87,43;88,41;88,42;88,43;89,41;89,42;89,43;90,41;90,42;90,43;85,44;86,44;87,44;88,44;89,44;90,44;85,45;86,45;87,45;88,45;89,45;90,45;85,46;86,46;86,40;87,40;87,46;88,46;89,46;90,46;88,40;89,40;90,40
88,-110
89,-130
96,-132;96,-131;97,-132;97,-131;98,-132;98,-131
96,-102
99,-131;99,-130;100,-131;100,-130
103,-31
106,-116;106,-115;106,-114;107,-116;107,-115;107,-114
114,-22
116,-26;117,-25;117,-26;117,-27;118,-25;118,-26;118,-27;119,-25;119,-26;119,-27;120,-25;120,-26;120,-27;121,-25;121,-26;121,-27
119,-4
124,-15
126,-101;126,-100
128,-15
129,130;129,131;129,132;129,133;130,130;130,131;130,132;130,133;131,130;131,131;131,132;131,133;132,130;132,131;132,132;132,133
129,136
130,135;130,136;131,135;131,136
132,136
131,-127
131,40
134,-143
136,1;135,1
135,47
136,-15
137,-15
137,-2;137,-3;138,-2;138,-3
140,-4;140,-5;140,-6;140,-7;140,-8;140,-9;140,-10;140,-11;141,-4;141,-5;141,-6;141,-7;141,-8;141,-9;141,-10;141,-11;142,-2;142,-3;142,-4;142,-5;142,-6;142,-7;142,-8;142,-9;142,-10;142,-11;143,-2;143,-3;143,-4;143,-5;143,-6;143,-7;143,-8;143,-9;143,-10;143,-11;144,-2;144,-3;144,-4;144,-5;144,-6;144,-7;144,-8;144,-9;144,-10;144,-11;145,-2;145,-3;145,-4;145,-5;145,-6;145,-7;145,-8;145,-9;145,-10;145,-11;146,-2;146,-3;146,-4;146,-5;146,-6;146,-7;146,-8;146,-9;146,-10;146,-11;147,-2;147,-3;147,-4;147,-5;147,-6;147,-7;147,-8;147,-9;147,-10;147,-11;148,-2;148,-3;148,-4;148,-5;148,-6;148,-7;148,-8;148,-9;148,-10;148,-11;149,-2;149,-3;149,-4;149,-5;149,-6;149,-7;149,-8;149,-9;149,-10;149,-11;141,-2;141,-3;140,-2;140,-3
142,-146;143,-146;142,-145;143,-145;142,-144;143,-144
144,44
145,60;145,61;145,62;145,63;145,64;145,65;146,60;146,61;146,62;146,63;146,64;146,65;147,60;147,61;147,62;147,63;147,64;148,60;147,65;148,61;148,62;148,63;148,64;148,65;149,60;149,61;149,62;149,63;149,64;149,65
148,-24
148,-22
149,91;149,92;149,93;150,91;150,92
150,64;150,63;150,65;150,66;150,67;150,68;150,69;150,70;150,71;150,72;150,73;151,63;151,64;151,65;151,66;151,67;151,68;151,69;151,70;151,71;151,72;151,73;152,63;152,64;152,65;152,66;152,67;152,68;152,69;152,70;152,71;152,72;152,73;153,63;153,64;153,65;153,66;153,67;153,68;153,69;153,70;153,71;153,72;153,73;154,63;154,64;154,65;154,66;154,67;154,68;154,69;154,70;154,71;154,72;154,73;155,63;155,64;155,65;155,66;155,67;155,68;155,69;155,70;155,71;155,72;155,73;156,63;156,64;156,65;156,66;156,67;156,68;156,69;156,70;156,71;156,72;156,73;157,63;157,64;157,65;157,66;157,67;157,68;157,69;157,70;157,71;157,72;157,73;158,63;158,64;158,65;158,66;158,67;158,68;158,69;158,70;158,71;158,72;158,73;159,63;159,64;159,65;159,66;159,67;159,68;159,69;159,70;159,71;159,72;159,73;160,63;160,64;160,65;160,66;160,67;160,68;160,69;160,70;160,71;160,72;160,73