-145,43;-145,44;-145,45;-145,46;-145,47;-145,48;-144,43;-144,44;-144,45;-144,46;-144,47;-143,44;-143,45;-143,46;-143,47;-142,44;-142,45;-142,46;-142,47;-141,44;-141,45;-141,46;-141,47;-144,48;-143,43;-142,43;-143,48;-142,48;-141,48;-141,43;-140,43;-140,44;-140,45;-140,46;-140,47;-140,48
-139,-124
-129,-77
-107,-94
-104,-95
-103,-97;-102,-97
-95,36;-95,35;-95,34;-96,36;-96,35;-96,34;-97,36;-97,35;-97,34
-96,40;-96,39;-96,38;-96,37;-97,40;-97,39;-97,38;-97,37;-98,40;-98,39;-98,38;-98,37;-98,36;-98,35;-98,34;-99,40;-99,39;-99,38;-99,37;-99,36;-99,35;-99,34;-100,40;-100,39;-100,38;-100,37;-101,40;-101,39;-101,38;-101,37
-100,36;-100,35;-100,34;-101,36;-101,35;-101,34;-102,36;-102,35;-102,34
-102,40;-102,39;-102,38
-96,112;-95,112;-94,112;-93,112;-92,112;-96,111;-95,111;-94,111;-93,111;-92,111;-96,110;-95,110;-94,110;-93,110;-92,110;-96,109;-95,109;-94,109;-93,109;-92,109;-96,108;-95,108;-94,108;-93,108;-92,108
-93,16;-92,16;-91,14;-91,15;-91,16;-91,17;-91,18;-91,19;-91,20;-91,21;-91,22;-91,23;-90,14;-89,12;-89,13;-89,14;-88,14;-87,14;-86,14;-85,14
-89,60;-90,60;-88,60
-91,60
-91,-89
-91,56
-90,56;-89,56;-88,56
-90,57;-90,58;-90,59;-89,57;-89,58;-89,59;-88,59;-88,58;-88,57
-86,128;-85,128;-84,128;-86,127;-85,127;-84,127;-86,126;-85,126;-84,126
-83,128
-82,128
-81,128
-80,128
-79,128
-83,127
-82,127
-81,127
-80,127
-79,127
-83,126
-82,126
-81,126
-80,126
-79,126
-86,125
-85,125
-84,125
-83,125
-82,125
-81,125
-80,125
-79,125
-86,124
-85,124
-84,124
-83,124
-82,124
-81,124
-80,124
-79,124
-86,123
-85,123
-84,123
-83,123
-82,123
-81,123
-80,123
-79,123
-75,-150;-75,-149;-74,-150;-74,-149
-73,-150;-73,-149;-72,-150;-72,-149
-71,-150;-71,-149;-70,-150;-70,-149
-64,-68;-64,-69;-64,-70;-64,-71;-63,-68;-63,-69;-63,-70;-63,-71;-62,-68;-62,-69;-62,-70;-62,-71;-61,-68;-61,-69;-61,-70;-61,-71;-60,-68;-60,-69;-60,-70;-60,-71;-59,-68;-59,-69;-59,-70;-59,-71
-67,59;-67,60;-66,59;-66,60
-71,116;-71,117
-69,-150;-69,-149;-68,-150;-68,-149
-64,1;-64,2;-64,3;-64,4;-64,5;-63,1;-63,2;-63,3;-63,4;-63,5
-61,-32
-39,-3;-38,-3;-37,-3;-36,-3
-35,126;-35,127;-35,128;-35,129;-35,130;-35,131;-34,126;-34,127;-34,128;-34,129;-34,130;-34,131;-33,126;-33,127;-33,128;-33,129;-33,130;-33,131;-32,126;-32,127;-32,128;-32,129;-32,130;-32,131;-31,126;-31,127;-31,128;-31,129;-31,130;-31,131;-30,126;-30,127;-30,128;-30,129;-30,130;-30,131
-35,136;-35,137;-34,136;-34,137
-33,136
-33,137
-30,-107
-29,80;-29,81;-29,82;-29,83;-29,84;-29,85;-28,80;-28,81;-28,82;-28,83;-28,84;-28,85;-27,80;-27,81;-27,82;-27,83;-27,84;-27,85;-26,80;-26,81;-26,82;-26,83;-26,84;-26,85;-25,80;-25,81;-25,82;-25,83;-25,84;-25,85;-24,80;-24,81;-24,82;-24,83;-24,84;-24,85
-16,-131
-12,105;-12,106;-12,107;-11,105;-11,106;-11,107;-10,105;-10,106;-10,107
-14,33;-14,34
-9,-91;-9,-90;-9,-89;-9,-88;-9,-87;-9,-86;-9,-85;-9,-84;-9,-83;-9,-82;-9,-81;-9,-80;-9,-79;-9,-78;-9,-77;-9,-76;-9,-75;-9,-74;-9,-73;-9,-72;-8,-91;-8,-90;-8,-89;-8,-88;-8,-87;-8,-86;-8,-85;-8,-84;-8,-83;-8,-82;-8,-81;-8,-80;-8,-79;-8,-78;-8,-77;-8,-76;-8,-75;-8,-74;-8,-73;-8,-72;-7,-91;-7,-90;-7,-89;-7,-88;-7,-87;-7,-86;-7,-85;-7,-84;-7,-83;-7,-82;-7,-81;-7,-80;-7,-79;-7,-78;-7,-77;-7,-76;-7,-75;-7,-74;-7,-73;-7,-72;-6,-91;-6,-90;-6,-89;-6,-88;-6,-87;-6,-86;-6,-85;-6,-84;-6,-83;-6,-82;-6,-81;-6,-80;-6,-79;-6,-78;-6,-77;-6,-76;-6,-75;-6,-74;-6,-73;-6,-72;-5,-91;-5,-90;-5,-89;-5,-88;-5,-87;-5,-86;-5,-85;-5,-84;-5,-83;-5,-82;-5,-81;-5,-80;-5,-79;-5,-78;-5,-77;-5,-76;-5,-75;-5,-74;-5,-73;-5,-72;-4,-91;-4,-90;-4,-89;-4,-88;-4,-87;-4,-86;-4,-85;-4,-84;-4,-83;-4,-82;-4,-81;-4,-80;-4,-79;-4,-78;-4,-77;-4,-76;-4,-75;-4,-74;-4,-73;-4,-72;-3,-91;-3,-90;-3,-89;-3,-88;-3,-87;-3,-86;-3,-85;-3,-84;-3,-83;-3,-82;-3,-81;-3,-80;-3,-79;-3,-78;-3,-77;-3,-76;-3,-75;-3,-74;-3,-73;-3,-72;-2,-91;-2,-90;-2,-89;-2,-88;-2,-87;-2,-86;-2,-85;-2,-84;-2,-83;-2,-82;-2,-81;-2,-80;-2,-79;-2,-78;-2,-77;-2,-76;-2,-75;-2,-74;-2,-73;-2,-72;-1,-91;-1,-90;-1,-89;-1,-88;-1,-87;-1,-86;-1,-85;-1,-84;-1,-83;-1,-82;-1,-81;-1,-80;-1,-79;-1,-78;-1,-77;-1,-76;-1,-75;-1,-74;-1,-73;-1,-72;0,-91;0,-90;0,-89;0,-88;0,-87;0,-86;0,-85;0,-84;0,-83;0,-82;0,-81;0,-80;0,-79;0,-78;0,-77;0,-76;0,-75;0,-74;0,-73;0,-72;1,-91;1,-90;1,-89;1,-88;1,-87;1,-86;1,-85;1,-84;1,-83;1,-82;1,-81;1,-80;1,-79;1,-78;1,-77;1,-76;1,-75;1,-74;1,-73;1,-72;2,-91;2,-90;2,-89;2,-88;2,-87;2,-86;2,-85;2,-84;2,-83;2,-82;2,-81;2,-80;2,-79;2,-78;2,-77;2,-76;2,-75;2,-74;2,-73;2,-72;3,-91;3,-90;3,-89;3,-88;3,-87;3,-86;3,-85;3,-84;3,-83;3,-82;3,-81;3,-80;3,-79;3,-78;3,-77;3,-76;3,-75;3,-74;3,-73;3,-72;4,-91;4,-90;4,-89;4,-88;4,-87;4,-86;4,-85;4,-84;4,-83;4,-82;4,-81;4,-80;4,-79;4,-78;4,-77;4,-76;4,-75;4,-74;4,-73;4,-72;5,-91;5,-90;5,-89;5,-88;5,-87;5,-86;5,-85;5,-84;5,-83;5,-82;5,-81;5,-80;5,-79;5,-78;5,-77;5,-76;5,-75;5,-74;5,-73;5,-72;6,-91;6,-90;6,-89;6,-88;6,-87;6,-86;6,-85;6,-84;6,-83;6,-82;6,-81;6,-80;6,-79;6,-78;6,-77;6,-76;6,-75;6,-74;6,-73;6,-72;7,-91;7,-90;7,-89;7,-88;7,-87;7,-86;7,-85;7,-84;7,-83;7,-82;7,-81;7,-80;7,-79;7,-78;7,-77;7,-76;7,-75;7,-74;7,-73;7,-72;8,-91;8,-90;8,-89;8,-88;8,-87;8,-86;8,-85;8,-84;8,-83;8,-82;8,-81;8,-80;8,-79;8,-78;8,-77;8,-76;8,-75;8,-74;8,-73;8,-72;9,-91;9,-90;9,-89;9,-88;9,-87;9,-86;9,-85;9,-84;9,-83;9,-82;9,-81;9,-80;9,-79;9,-78;9,-77;9,-76;9,-75;9,-74;9,-73;9,-72;10,-91;10,-90;10,-89;10,-88;10,-87;10,-86;10,-85;10,-84;10,-83;10,-82;10,-81;10,-80;10,-79;10,-78;10,-77;10,-76;10,-75;10,-74;10,-73;10,-72
-7,-119
-8,-69
-8,-68
-7,-69
-7,-68
-6,-69
-6,-68
-5,-69
-5,-68
-4,-69
-4,-68
-8,-66
-8,-65
-8,-64
-8,-63
-7,-66
-7,-65
-7,-64
-7,-63
-6,-66
-6,-65
-6,-64
-6,-63
-5,-66
-5,-65
-5,-64
-5,-63
-4,-66
-4,-65
-4,-64
-4,-63
-8,108;-8,109;-7,108;-7,109
-7,124;-7,125
-7,129
-5,122
-4,-34;-3,-34;-4,-35;-3,-35;-2,-34;-2,-35;-1,-35;-1,-34
-3,132;-3,133;-3,134;-2,132;-2,133;-2,134;-1,132;-1,133;-1,134
1,107;2,107;3,106;3,107
5,117;5,118;6,117;6,118
7,97;7,98;7,99;8,97;8,98;8,99;9,97;9,98;9,99;10,97;10,98;10,99;11,97;11,98;11,99
11,95;11,96
13,85;13,84;13,83;13,82;13,81;13,80;13,79;13,78;13,77;13,76;13,75;14,85;14,84;14,83;14,82;14,81;14,80;14,79;14,78;14,77;14,76;14,75;15,85;15,84;15,83;15,82;15,81;15,80;15,79;15,78;15,77;15,76;15,75;16,85;16,84;16,83;16,82;16,81;16,80;16,79;16,78;16,77;16,76;16,75;17,85;17,84;17,83;17,82;17,81;17,80;17,79;17,78;17,77;17,76;17,75;18,85;18,84;18,83;18,82;18,81;18,80;18,79;18,78;18,77;18,76;18,75;19,85;19,84;19,83;19,82;19,81;19,80;19,79;19,78;19,77;19,76;19,75;20,85;20,84;20,83;20,82;20,81;20,80;20,79;20,78;20,77;20,76;20,75;21,85;21,84;21,83;21,82;21,81;21,80;21,79;21,78;21,77;21,76;21,75;22,85;22,84;22,83;22,82;22,81;22,80;22,79;22,78;22,77;22,76;22,75
17,-145
23,74
27,123
27,122
26,123
26,122
35,80;35,81;36,80;36,81
47,-46
48,-46;49,-46;47,-45;48,-45;49,-45;47,-44;48,-44;49,-44;47,-43;48,-43;49,-43
55,125;55,126;55,127;55,128;55,129;56,125;56,126;56,127;56,128;56,129;57,125;57,126;57,127;57,128;57,129;58,125;58,126;58,127;58,128;58,129;59,125;59,126;59,127;59,128;59,129
60,-137
61,28;61,29;61,30;62,28;62,29;62,30
64,-127;64,-126;65,-127;65,-126
74,-106;74,-105;75,-106;75,-105
78,-105
79,-137
92,50;93,50
88,-110
95,51
96,-132;96,-131;97,-132;97,-131;98,-132;98,-131
96,-115;96,-114;96,-113;97,-116;97,-115;97,-114;97,-113;98,-116;98,-115;98,-114;98,-113;99,-116;99,-115;99,-114;99,-113;100,-116;100,-115;100,-114;100,-113
99,-111;100,-111;99,-112;100,-112
99,-131;99,-130;100,-131;100,-130
100,77;100,78;100,79;101,77;101,78;101,79;102,77;102,78;102,79
101,-116
101,-115
101,-114
101,-113
104,51
102,-116
102,-115
102,-114
102,-113
103,-116
103,-115
103,-114
103,-113
104,-116
104,-115
104,-114
104,-113
105,50
106,50;107,50
106,55;107,55
107,51
109,49
116,-26;117,-25;117,-26;117,-27;118,-25;118,-26;118,-27;119,-25;119,-26;119,-27;120,-25;120,-26;120,-27;121,-25;121,-26;121,-27
127,-116;128,-116;129,-116;130,-116
136,130;137,130;138,130
140,-4;140,-5;140,-6;140,-7;140,-8;140,-9;140,-10;140,-11;141,-4;141,-5;141,-6;141,-7;141,-8;141,-9;141,-10;141,-11;142,-2;142,-3;142,-4;142,-5;142,-6;142,-7;142,-8;142,-9;142,-10;142,-11;143,-2;143,-3;143,-4;143,-5;143,-6;143,-7;143,-8;143,-9;143,-10;143,-11;144,-2;144,-3;144,-4;144,-5;144,-6;144,-7;144,-8;144,-9;144,-10;144,-11;145,-2;145,-3;145,-4;145,-5;145,-6;145,-7;145,-8;145,-9;145,-10;145,-11;146,-2;146,-3;146,-4;146,-5;146,-6;146,-7;146,-8;146,-9;146,-10;146,-11;147,-2;147,-3;147,-4;147,-5;147,-6;147,-7;147,-8;147,-9;147,-10;147,-11;148,-2;148,-3;148,-4;148,-5;148,-6;148,-7;148,-8;148,-9;148,-10;148,-11;149,-2;149,-3;149,-4;149,-5;149,-6;149,-7;149,-8;149,-9;149,-10;149,-11;141,-2;141,-3;140,-2;140,-3
145,60;145,61;145,62;145,63;145,64;145,65;146,60;146,61;146,62;146,63;146,64;146,65;147,60;147,61;147,62;147,63;147,64;148,60;147,65;148,61;148,62;148,63;148,64;148,65;149,60;149,61;149,62;149,63;149,64;149,65