-142,86
-140,-117
-135,3
-135,5
-135,7;-135,8
-132,5
-132,7
-134,-31
-133,-107
-131,-21
-123,85;-124,85
-118,-49
-108,64
-105,64
-109,-95
-109,-93
-107,-15
-107,-14
-107,-13
-107,-12
-106,-15
-106,-14
-105,-15
-105,-14
-105,-12
-105,-13
-106,-12
-106,-13
-96,40;-96,39;-96,38;-96,37;-97,40;-97,39;-97,38;-97,37;-98,40;-98,39;-98,38;-98,37;-98,36;-98,35;-98,34;-99,40;-99,39;-99,38;-99,37;-99,36;-99,35;-99,34;-100,40;-100,39;-100,38;-100,37;-101,40;-101,39;-101,38;-101,37
-100,36;-100,35;-100,34;-101,36;-101,35;-101,34;-102,36;-102,35;-102,34
-100,-98
-98,-95;-97,-95
-87,-84;-87,-85;-87,-86;-88,-84;-88,-85;-88,-86;-89,-84;-89,-85;-89,-86
-87,110
-71,-121
-71,-120
-70,-120
-70,-121
-71,116;-71,117
-69,-125
-69,-122
-69,-123
-69,-124
-69,-121
-69,-120
-68,-125
-68,-124
-68,-123
-68,-122
-68,-120
-68,-121
-67,-121
-66,-121
-67,-122
-66,-122
-68,-119
-68,-118
-67,-125
-67,-124
-67,-123
-66,-125
-66,-124
-66,-123
-61,24
-61,25;-61,26;-61,27
-60,24
-60,25
-60,26
-60,27
-59,24
-59,25
-59,26
-59,27
-58,24
-58,25
-58,26
-58,27
-57,24
-57,25
-57,26
-57,27
-56,24
-56,25
-56,26
-56,27
-55,24
-55,25
-55,26
-55,27
-60,20;-60,21;-59,20;-59,21
-58,-116
-58,-115
-58,-114
-57,-116
-57,-115
-57,-114
-56,-116
-56,-115
-56,-114
-56,16
-56,17
-56,18
-56,20
-56,21
-55,20
-55,21
-54,20
-54,21
-55,16
-55,17
-55,18
-54,-140
-54,16
-54,17
-54,18
-54,88
-53,-135
-53,16
-53,17
-53,18
-52,16
-52,17
-52,18
-51,-125
-51,-124
-51,-123
-50,-125
-50,-124
-50,-123
-50,149;-49,149
-49,-125
-49,-124
-49,-123
-48,33
-48,34
-43,-110;-44,-110
-46,-108
-31,-27
-29,80;-29,81;-29,82;-29,83;-29,84;-29,85;-28,80;-28,81;-28,82;-28,83;-28,84;-28,85;-27,80;-27,81;-27,82;-27,83;-27,84;-27,85;-26,80;-26,81;-26,82;-26,83;-26,84;-26,85;-25,80;-25,81;-25,82;-25,83;-25,84;-25,85;-24,80;-24,81;-24,82;-24,83;-24,84;-24,85
-26,-125
-15,-114
-15,69
-14,-15
-12,-14
-10,39
-10,40
-9,-91;-9,-90;-9,-89;-9,-88;-9,-87;-9,-86;-9,-85;-9,-84;-9,-83;-9,-82;-9,-81;-9,-80;-9,-79;-9,-78;-9,-77;-9,-76;-9,-75;-9,-74;-9,-73;-9,-72;-8,-91;-8,-90;-8,-89;-8,-88;-8,-87;-8,-86;-8,-85;-8,-84;-8,-83;-8,-82;-8,-81;-8,-80;-8,-79;-8,-78;-8,-77;-8,-76;-8,-75;-8,-74;-8,-73;-8,-72;-7,-91;-7,-90;-7,-89;-7,-88;-7,-87;-7,-86;-7,-85;-7,-84;-7,-83;-7,-82;-7,-81;-7,-80;-7,-79;-7,-78;-7,-77;-7,-76;-7,-75;-7,-74;-7,-73;-7,-72;-6,-91;-6,-90;-6,-89;-6,-88;-6,-87;-6,-86;-6,-85;-6,-84;-6,-83;-6,-82;-6,-81;-6,-80;-6,-79;-6,-78;-6,-77;-6,-76;-6,-75;-6,-74;-6,-73;-6,-72;-5,-91;-5,-90;-5,-89;-5,-88;-5,-87;-5,-86;-5,-85;-5,-84;-5,-83;-5,-82;-5,-81;-5,-80;-5,-79;-5,-78;-5,-77;-5,-76;-5,-75;-5,-74;-5,-73;-5,-72;-4,-91;-4,-90;-4,-89;-4,-88;-4,-87;-4,-86;-4,-85;-4,-84;-4,-83;-4,-82;-4,-81;-4,-80;-4,-79;-4,-78;-4,-77;-4,-76;-4,-75;-4,-74;-4,-73;-4,-72;-3,-91;-3,-90;-3,-89;-3,-88;-3,-87;-3,-86;-3,-85;-3,-84;-3,-83;-3,-82;-3,-81;-3,-80;-3,-79;-3,-78;-3,-77;-3,-76;-3,-75;-3,-74;-3,-73;-3,-72;-2,-91;-2,-90;-2,-89;-2,-88;-2,-87;-2,-86;-2,-85;-2,-84;-2,-83;-2,-82;-2,-81;-2,-80;-2,-79;-2,-78;-2,-77;-2,-76;-2,-75;-2,-74;-2,-73;-2,-72;-1,-91;-1,-90;-1,-89;-1,-88;-1,-87;-1,-86;-1,-85;-1,-84;-1,-83;-1,-82;-1,-81;-1,-80;-1,-79;-1,-78;-1,-77;-1,-76;-1,-75;-1,-74;-1,-73;-1,-72;0,-91;0,-90;0,-89;0,-88;0,-87;0,-86;0,-85;0,-84;0,-83;0,-82;0,-81;0,-80;0,-79;0,-78;0,-77;0,-76;0,-75;0,-74;0,-73;0,-72;1,-91;1,-90;1,-89;1,-88;1,-87;1,-86;1,-85;1,-84;1,-83;1,-82;1,-81;1,-80;1,-79;1,-78;1,-77;1,-76;1,-75;1,-74;1,-73;1,-72;2,-91;2,-90;2,-89;2,-88;2,-87;2,-86;2,-85;2,-84;2,-83;2,-82;2,-81;2,-80;2,-79;2,-78;2,-77;2,-76;2,-75;2,-74;2,-73;2,-72;3,-91;3,-90;3,-89;3,-88;3,-87;3,-86;3,-85;3,-84;3,-83;3,-82;3,-81;3,-80;3,-79;3,-78;3,-77;3,-76;3,-75;3,-74;3,-73;3,-72;4,-91;4,-90;4,-89;4,-88;4,-87;4,-86;4,-85;4,-84;4,-83;4,-82;4,-81;4,-80;4,-79;4,-78;4,-77;4,-76;4,-75;4,-74;4,-73;4,-72;5,-91;5,-90;5,-89;5,-88;5,-87;5,-86;5,-85;5,-84;5,-83;5,-82;5,-81;5,-80;5,-79;5,-78;5,-77;5,-76;5,-75;5,-74;5,-73;5,-72;6,-91;6,-90;6,-89;6,-88;6,-87;6,-86;6,-85;6,-84;6,-83;6,-82;6,-81;6,-80;6,-79;6,-78;6,-77;6,-76;6,-75;6,-74;6,-73;6,-72;7,-91;7,-90;7,-89;7,-88;7,-87;7,-86;7,-85;7,-84;7,-83;7,-82;7,-81;7,-80;7,-79;7,-78;7,-77;7,-76;7,-75;7,-74;7,-73;7,-72;8,-91;8,-90;8,-89;8,-88;8,-87;8,-86;8,-85;8,-84;8,-83;8,-82;8,-81;8,-80;8,-79;8,-78;8,-77;8,-76;8,-75;8,-74;8,-73;8,-72;9,-91;9,-90;9,-89;9,-88;9,-87;9,-86;9,-85;9,-84;9,-83;9,-82;9,-81;9,-80;9,-79;9,-78;9,-77;9,-76;9,-75;9,-74;9,-73;9,-72;10,-91;10,-90;10,-89;10,-88;10,-87;10,-86;10,-85;10,-84;10,-83;10,-82;10,-81;10,-80;10,-79;10,-78;10,-77;10,-76;10,-75;10,-74;10,-73;10,-72
-9,73;-9,74;-9,75;-9,76;-9,77;-9,78;-9,79;-9,80;-9,81;-9,82;-9,83;-9,84;-9,85;-9,86;-9,87;-9,88;-9,89;-9,90;-9,91;-9,92;-8,73;-8,78;-8,80;-8,81;-8,82;-8,83;-8,84;-8,85;-8,87;-8,92;-7,73;-7,78;-7,79;-7,80;-7,81;-7,82;-7,83;-7,84;-7,85;-7,86;-7,87;-7,92;-6,73;-6,78;-6,79;-6,81;-6,82;-6,83;-6,84;-6,86;-6,87;-6,92;-5,73;-5,78;-5,79;-5,80;-5,81;-5,82;-5,83;-5,84;-5,85;-5,86;-5,87;-5,92;-4,73;-4,74;-4,75;-4,76;-4,77;-4,78;-4,80;-4,81;-4,82;-4,83;-4,84;-4,85;-4,87;-4,88;-4,89;-4,90;-4,91;-4,92;-3,73;-3,74;-3,75;-3,76;-3,77;-3,78;-3,79;-3,80;-3,81;-3,82;-3,83;-3,84;-3,85;-3,86;-3,87;-3,88;-3,89;-3,90;-3,91;-3,92;-2,73;-2,75;-2,76;-2,77;-2,79;-2,80;-2,81;-2,82;-2,83;-2,84;-2,85;-2,86;-2,88;-2,89;-2,90;-2,92;-1,73;-1,74;-1,75;-1,77;-1,78;-1,79;-1,80;-1,81;-1,82;-1,83;-1,84;-1,85;-1,86;-1,87;-1,88;-1,90;-1,91;-1,92;0,73;0,74;0,75;0,76;0,77;0,78;0,79;0,80;0,81;0,82;0,83;0,84;0,85;0,86;0,87;0,88;0,89;0,90;0,91;0,92;1,73;1,74;1,75;1,76;1,77;1,78;1,79;1,80;1,81;1,82;1,83;1,84;1,85;1,86;1,87;1,88;1,89;1,90;1,91;1,92;2,73;2,74;2,75;2,77;2,78;2,79;2,80;2,81;2,82;2,83;2,84;2,85;2,86;2,87;2,88;2,90;2,91;2,92;3,73;3,75;3,76;3,77;3,79;3,80;3,81;3,82;3,83;3,84;3,85;3,86;3,88;3,89;3,90;3,92;4,73;4,74;4,75;4,76;4,77;4,78;4,79;4,80;4,81;4,82;4,83;4,84;4,85;4,86;4,87;4,88;4,90;4,91;4,92;5,73;5,74;5,75;5,76;5,77;5,78;5,80;5,81;5,82;5,83;5,84;5,85;5,87;5,88;5,89;5,90;5,91;5,92;6,73;6,78;6,79;6,80;6,81;6,82;6,83;6,84;6,85;6,86;6,87;6,92;7,73;7,78;7,79;7,81;7,82;7,83;7,84;7,86;7,87;7,92;8,73;8,78;8,79;8,80;8,81;8,82;8,83;8,84;8,85;8,86;8,87;8,92;9,73;9,78;9,80;9,81;9,82;9,83;9,84;9,85;9,87;9,92;10,73;10,74;10,75;10,76;10,77;10,78;10,79;10,80;10,81;10,82;10,83;10,84;10,85;10,86;10,87;10,88;10,89;10,90;10,91;10,92
-8,74;-8,75;-8,76;-8,77;-7,74;-7,75;-7,76;-7,77;-6,74;-6,75;-6,76;-6,77;-5,74;-5,75;-5,76;-5,77
-2,74
2,89
6,74;6,75;6,76;6,77;7,74;7,75;7,76;7,77;8,74;8,75;8,76;8,77;9,74;9,75;9,76;9,77
6,88;6,89;6,90;6,91;7,88;7,89;7,90;7,91;8,88;8,89;8,90;8,91;9,88;9,89;9,90;9,91
9,79
9,86
-7,33
-7,40
-4,-142
-6,143
2,-25
2,150;3,150
3,-133
3,-132
5,35
6,35
7,35
7,34
6,34
5,34
5,33
6,33
7,33
7,32
7,31
6,31
5,31
5,32
6,32
4,61
5,-21
7,-111;7,-110;8,-110;8,-111
7,-21
8,137
9,137
10,137
11,137
14,-25
14,-24
14,100;14,101;14,102;14,103;14,104;15,100;15,101;15,102;15,103;15,104;16,100;16,101;16,102;16,103;16,104;17,100;17,101;17,102;17,103;17,104;18,101;18,102;18,103;18,104
15,-102
16,-123
16,9
17,-145
17,147
18,9
22,-118;23,-118
22,-19
23,-20
28,9
32,34
32,35
32,36
32,37
32,38
33,34
33,35
33,36
33,37
33,38
34,35
34,36
34,37
34,38
35,-121;35,-120;35,-119;35,-118;36,-121;36,-120;36,-119;36,-118;37,-121;37,-120;37,-119;37,-118;38,-121;38,-120;38,-119;38,-118
35,36
35,37
35,38
36,38
45,11;45,12;46,11;46,12
46,133
49,-46;47,-45;48,-45;49,-45;47,-44;48,-44;49,-44;47,-43;48,-43;49,-43
47,-41;47,-40;48,-41;48,-40;49,-41;49,-40
49,-120
68,-55;68,-54;68,-53;69,-55;69,-54;69,-53;70,-55;70,-54;70,-53
52,80
52,81
53,80
53,81
52,143
55,146
55,145
55,144
55,143
55,142
56,146
56,145
56,144
56,143
56,142
57,146
57,145
57,144
57,143
57,142
58,146
58,145
58,144
58,143
58,142
59,146
59,145
59,144
59,143
59,142
58,141
58,140
58,139
59,141
59,140
59,139
59,-135
59,-134
62,32;63,32;62,31;63,31
61,28;61,29;61,30;62,28;62,29;62,30
62,-121
63,-116
75,-104
79,-137
82,-35
82,-34
83,-35
83,-34
86,56;85,56
87,56;88,56
89,54;90,54;89,53;90,53
94,24
98,17
99,17
100,17
101,48
104,51
104,60
105,50;106,50;106,51;107,50;107,51
107,-133
109,49
110,44;110,45;110,46;111,44;111,45;111,46;112,44;112,45;112,46
110,49;110,50;111,49;111,50
134,-32
137,-23;137,-22;138,-23;138,-22
140,-4;140,-5;140,-6;140,-7;140,-8;140,-9;140,-10;140,-11;141,-4;141,-5;141,-6;141,-7;141,-8;141,-9;141,-10;141,-11;142,-2;142,-3;142,-4;142,-5;142,-6;142,-7;142,-8;142,-9;142,-10;142,-11;143,-2;143,-3;143,-4;143,-5;143,-6;143,-7;143,-8;143,-9;143,-10;143,-11;144,-2;144,-3;144,-4;144,-5;144,-6;144,-7;144,-8;144,-9;144,-10;144,-11;145,-2;145,-3;145,-4;145,-5;145,-6;145,-7;145,-8;145,-9;145,-10;145,-11;146,-2;146,-3;146,-4;146,-5;146,-6;146,-7;146,-8;146,-9;146,-10;146,-11;147,-2;147,-3;147,-4;147,-5;147,-6;147,-7;147,-8;147,-9;147,-10;147,-11;148,-2;148,-3;148,-4;148,-5;148,-6;148,-7;148,-8;148,-9;148,-10;148,-11;149,-2;149,-3;149,-4;149,-5;149,-6;149,-7;149,-8;149,-9;149,-10;149,-11;141,-2;141,-3;140,-2;140,-3
145,60;145,61;145,62;145,63;145,64;145,65;146,60;146,61;146,62;146,63;146,64;146,65;147,60;147,61;147,62;147,63;147,64;148,60;147,65;148,61;148,62;148,63;148,64;148,65;149,60;149,61;149,62;149,63;149,64;149,65
149,91
149,92
149,93
150,91
150,92