-150,72;-149,72;-148,72;-147,72;-146,72;-145,72;-144,72;-143,72;-142,72;-141,72;-140,72;-139,72;-150,71;-149,71;-148,71;-147,71;-146,71;-145,71;-144,71;-143,71;-142,71;-141,71;-140,71;-139,71;-150,70;-149,70;-148,70;-147,70;-146,70;-145,70;-144,70;-143,70;-142,70;-141,70;-140,70;-139,70;-150,69;-149,69;-148,69;-147,69;-146,69;-145,69;-144,69;-143,69;-142,69;-141,69;-140,69;-139,69;-150,68;-149,68;-148,68;-147,68;-146,68;-145,68;-144,68;-143,68;-142,68;-141,68;-140,68;-139,68;-150,67;-149,67;-148,67;-147,67;-146,67;-145,67;-144,67;-143,67;-142,67;-141,67;-140,67;-139,67;-150,66;-149,66;-148,66;-147,66;-146,66;-145,66;-144,66;-143,66;-142,66;-141,66;-140,66;-139,66;-150,65;-149,65;-148,65;-147,65;-146,65;-145,65;-144,65;-143,65;-142,65;-141,65;-140,65;-139,65;-150,64;-149,64;-148,64;-147,64;-146,64;-145,64;-144,64;-143,64;-142,64;-141,64;-140,64;-139,64
-150,75;-150,76;-150,77;-150,78;-150,79;-150,80;-150,81;-150,82;-150,83;-149,75;-149,76;-149,77;-149,78;-149,79;-149,80;-149,81;-149,82;-149,83;-148,75;-148,76;-148,77;-148,78;-148,79;-148,80;-148,81;-148,82;-148,83;-147,75;-147,76;-147,77;-147,78;-147,79;-147,80;-147,81;-147,82;-147,83;-146,75;-146,76;-146,77;-146,78;-146,79;-146,80;-146,81;-146,82;-146,83;-145,75;-145,76;-145,77;-145,78;-145,79;-145,80;-145,81;-145,82;-145,83;-144,75;-144,76;-144,77;-144,78;-144,79;-144,80;-144,81;-144,82;-144,83;-143,75;-143,76;-143,77;-143,78;-143,79;-143,80;-143,81;-143,82;-143,83;-142,75;-142,76;-142,77;-142,78;-142,79;-142,80;-142,81;-142,82;-142,83
-150,126;-149,126;-150,127;-149,127;-150,128;-149,128;-150,129;-149,129;-150,130;-149,130
-149,12
-145,148
-143,-7
-141,-6;-141,-5;-141,-4;-140,-6;-140,-5;-140,-4;-139,-6;-139,-5;-139,-4
-136,-36
-133,-35
-132,98;-133,98
-127,-82;-126,-82
-127,-72;-126,-72
-126,15
-122,26
-120,4;-120,5;-119,4;-119,5
-118,6;-117,6
-115,-19;-115,-18;-115,-17;-115,-16;-115,-15;-114,-19;-114,-18;-114,-17;-114,-16;-114,-15;-113,-19;-113,-18;-113,-17;-113,-16;-113,-15;-112,-19;-112,-18;-112,-17;-111,-17;-112,-16;-112,-15;-111,-19;-111,-18
-115,6;-115,7;-114,6;-114,7
-113,-36;-113,-37;-113,-38
-112,21
-111,-44
-111,-41;-111,-40;-110,-40
-111,150;-110,150;-109,150;-108,150;-107,150;-106,150;-105,150;-104,150;-111,149;-110,149;-109,149;-108,149;-107,149;-106,149;-105,149;-104,149;-111,148;-110,148;-109,148;-108,148;-107,148;-106,148;-105,148;-104,148;-111,147;-110,147;-109,147;-108,147;-107,147;-106,147;-105,147;-104,147;-111,146;-110,146;-109,146;-108,146;-107,146;-106,146;-105,146;-104,146;-111,145;-110,145;-109,145;-108,145;-107,145;-106,145;-105,145;-104,145;-111,144;-110,144;-109,144;-108,144;-107,144;-106,144;-105,144;-104,144
-109,41;-110,41
-109,-8;-109,-7;-108,-8;-108,-7
-108,13
-107,20
-105,-143;-105,-144;-105,-145;-105,-146;-105,-147;-104,-142;-104,-143;-104,-144;-104,-145;-104,-146;-104,-147;-103,-142;-103,-143;-103,-144;-103,-145;-103,-146;-103,-147;-102,-144;-102,-143;-102,-145;-102,-146;-102,-147
-103,-97;-102,-97
-95,41;-95,40;-96,41;-96,40
-101,-43
-100,10;-100,9;-100,8;-101,10;-101,9;-101,8
-100,-94
-92,-84
-92,-10
-92,-9
-92,-8
-92,-7
-92,-6
-92,-5
-92,-4
-92,-3
-92,-2
-92,-1
-92,0
-92,1
-92,2
-92,3
-92,4
-92,5
-92,6
-92,7
-92,8
-92,9
-91,-10
-91,-9;-91,-8;-91,-7;-90,-9;-90,-8;-90,-7;-89,-9;-89,-8;-89,-7
-91,-6
-91,-5
-91,-4
-91,-3
-91,-2
-91,-1
-91,0
-91,1
-91,2
-91,3
-91,4;-91,5;-90,4;-90,5
-91,6
-91,7;-91,8;-90,7;-90,8
-91,9
-90,-10
-90,-6
-90,-5
-90,-4
-90,-3
-90,-2
-90,-1
-90,0
-90,1
-90,2
-90,3
-90,6
-90,9
-89,-10
-89,-6
-89,-5
-89,-4
-89,-3
-89,-2
-89,-1
-89,0
-89,1
-89,2
-89,3
-89,4
-89,5
-89,6
-89,7
-89,8
-89,9
-88,-10
-88,-9
-88,-8
-88,-7
-88,-6
-88,-5
-88,-4
-88,-3
-88,-2
-88,-1
-88,0
-88,1;-88,2;-87,1;-87,2
-88,3
-88,4
-88,5
-88,6
-88,7;-88,8;-87,7;-87,8
-88,9
-87,-10
-87,-9
-87,-8
-87,-7
-87,-6
-87,-5
-87,-4;-87,-3;-87,-2;-86,-4;-86,-3;-86,-2
-87,-1
-87,0
-87,3
-87,4
-87,5
-87,6
-87,9
-86,-10
-86,-9
-86,-8
-86,-7
-86,-6
-86,-5
-86,-1
-86,0
-86,1
-86,2
-86,3
-86,4
-86,5
-86,6
-86,7
-86,8
-86,9
-85,-10
-85,-9
-85,-8
-85,-7
-85,-6
-85,-5
-85,-4
-85,-3
-85,-2
-85,-1
-85,0
-85,1
-85,2
-85,3
-85,4
-85,5
-85,6
-85,7;-85,8;-84,7;-84,8
-85,9
-84,-10
-84,-9
-84,-8
-84,-7
-84,-6
-84,-5
-84,-4
-84,-3;-84,-2;-84,-1;-84,0;-84,1;-83,-3;-83,-2;-83,-1;-83,0;-83,1;-82,-3;-82,-2;-82,-1;-82,0;-82,1;-81,-3;-81,-2;-81,-1;-81,0;-81,1
-84,2
-84,3
-84,4
-84,5
-84,6
-84,9
-83,-10
-83,-9
-83,-8
-83,-7
-83,-6
-83,-5
-83,-4
-83,2
-83,3;-83,4;-83,5;-82,3;-82,4;-82,5
-83,6
-83,7
-83,8
-83,9
-82,-10
-82,-9
-82,-8
-82,-7
-82,-6
-82,-5
-82,-4
-82,2
-82,6
-82,7
-82,8
-82,9
-81,-10
-81,-9
-81,-8
-81,-7
-81,-6
-81,-5
-81,-4
-81,2
-81,3
-81,4
-81,5
-81,6
-81,7;-81,8;-80,7;-80,8
-81,9
-80,-10
-80,-9
-80,-8
-80,-7
-80,-6
-80,-5
-80,-4
-80,-3
-80,-2
-80,-1
-80,0
-80,1
-80,2
-80,3
-80,4
-80,5
-80,6
-80,9
-79,-10
-79,-9
-79,-8
-79,-7
-79,-6
-79,-5
-79,-4
-79,-3
-79,-2
-79,-1
-79,0
-79,1
-79,2
-79,3
-79,4
-79,5
-79,6
-79,7
-79,8
-79,9
-78,-10
-78,-9
-78,-8
-78,-7
-78,-6
-78,-5
-78,-4
-78,-3
-78,-2
-78,-1
-78,0
-78,1;-78,2;-77,1;-77,2
-78,3
-78,4;-78,5;-77,4;-77,5
-78,6
-78,7;-78,8;-77,7;-77,8
-78,9
-77,-10
-77,-9
-77,-8
-77,-7
-77,-6
-77,-5
-77,-4
-77,-3
-77,-2
-77,-1
-77,0
-77,3
-77,6
-77,9
-76,-10
-76,-9;-76,-8;-76,-7;-75,-9;-75,-8;-75,-7;-74,-9;-74,-8;-74,-7
-76,-6
-76,-5
-76,-4
-76,-3
-76,-2
-76,-1
-76,0
-76,1
-76,2
-76,3
-76,4
-76,5
-76,6
-76,7
-76,8
-76,9
-75,-10
-75,-6
-75,-5
-75,-4
-75,-3;-75,-2;-74,-3;-74,-2
-75,-1
-75,0
-75,1
-75,2
-75,3
-75,4;-75,5;-74,4;-74,5
-75,6
-75,7;-75,8;-74,7;-74,8
-75,9
-74,-10
-74,-6
-74,-5
-74,-4
-74,-1
-74,0
-74,1
-74,2
-74,3
-74,6
-74,9
-73,-10
-73,-9
-73,-8
-73,-7
-73,-6
-73,-5
-73,-4
-73,-3
-73,-2
-73,-1
-73,0
-73,1
-73,2
-73,3
-73,4
-73,5
-73,6
-73,7
-73,8
-73,9
-87,-84;-87,-85;-87,-86;-88,-84;-88,-85;-88,-86;-89,-84;-89,-85;-89,-86
-88,-20
-82,83;-82,84;-82,85;-82,86;-83,83;-83,84;-83,85;-83,86;-84,83;-84,84;-84,85;-84,86;-85,83;-85,84;-85,85;-85,86
-75,-150;-75,-149;-74,-150;-74,-149
-74,-99
-73,-150;-73,-149;-72,-150;-72,-149
-71,-150;-71,-149;-70,-150;-70,-149
-70,-107
-69,-150;-69,-149;-68,-150;-68,-149
-69,28;-69,29;-69,30;-69,31;-68,28;-68,29;-68,30;-68,31;-67,28;-67,29;-67,30;-67,31;-66,28;-66,29;-66,30;-66,31;-65,28;-65,29;-65,30;-65,31;-64,28;-64,29;-64,30;-64,31;-63,28;-63,29;-63,30;-63,31;-62,28;-62,29;-62,30;-62,31;-61,28;-61,29;-61,30;-61,31
-67,-111;-67,-110;-67,-109;-66,-110;-66,-109;-65,-111;-65,-110;-65,-109;-64,-111;-64,-110;-64,-109
-67,5;-67,6;-66,5;-66,6
-67,110
-65,-37
-65,117;-64,117
-64,-128
-62,128;-62,129;-61,128;-61,129
-61,125
-59,-6
-57,-112;-57,-111;-57,-110;-56,-112;-56,-111;-56,-110;-55,-112;-55,-111;-55,-110
-56,-24
-53,-22
-53,-23
-54,-22
-54,-23
-55,-22
-55,-23
-56,-22
-56,-23
-55,46;-54,46;-53,46;-55,47;-54,47;-53,47;-55,48;-54,48;-53,48;-56,48;-56,47;-56,46
-55,-127
-54,108
-54,112
-53,20;-53,21
-52,-98
-52,-22
-52,147;-51,147;-50,147;-49,147;-48,147;-47,147
-51,74;-51,75;-51,76;-51,77;-51,78;-51,79;-50,74;-50,75;-50,76;-50,77;-50,78;-50,79;-50,80;-49,74;-49,75;-49,76;-49,77;-49,78;-49,79;-49,80;-48,74;-48,75;-48,76;-48,77;-48,78;-48,79;-48,80;-47,74;-47,75;-47,76;-47,77;-47,78;-47,79;-47,80
-51,92;-50,92;-51,91;-50,91
-50,149;-49,149
-49,73;-48,73;-47,73
-45,81
-45,106;-45,107;-45,108;-44,106;-44,107;-44,108
-41,111;-41,112;-40,111;-40,112;-39,111;-39,112;-38,111;-38,112
-39,-100
-39,-99
-39,-3;-38,-3;-37,-3;-36,-3
-35,-60;-35,-59;-34,-60;-34,-59;-33,-60;-33,-59;-32,-60;-32,-59;-31,-60;-31,-59;-35,-58;-35,-57;-34,-58;-34,-57;-33,-57;-33,-58
-35,145
-30,-120
-30,141
-29,141
-30,142
-29,142
-29,55;-29,56;-29,57;-29,58;-29,59;-29,60;-29,61;-29,62;-28,55;-28,56;-28,57;-28,58;-28,59;-28,60;-28,61;-28,62;-27,55;-27,56;-27,57;-27,58;-27,59;-27,60;-27,61;-27,62;-26,55;-26,56;-26,57;-26,58;-26,59;-26,60;-26,61;-26,62;-25,55;-25,56;-25,57;-25,58;-25,59;-25,60;-25,61;-25,62
-26,-110
-28,-45
-25,66
-23,-130
-22,-130
-23,-129
-22,-129
-23,70;-23,69
-17,-110
-17,-111
-17,-112
-17,-113
-17,-114
-17,-115
-18,-110
-18,-111
-18,-112
-18,-113
-18,-114
-18,-115
-19,-110;-19,-111;-19,-112;-20,-110;-20,-111;-20,-112;-21,-110;-21,-111;-21,-112
-19,-113
-19,-114
-19,-115
-20,-113
-20,-114
-20,-115
-21,-113
-21,-114
-21,-115
-21,-53
-19,143;-19,144;-19,145;-19,146;-19,147;-19,148;-19,149;-19,150;-18,143;-18,144;-18,145;-18,146;-18,147;-18,148;-18,149;-18,150;-17,143;-17,144;-17,145;-17,146;-17,147;-17,148;-17,149;-17,150;-16,143;-16,144;-16,145;-16,150;-15,150;-14,150;-13,150;-12,150;-16,149;-15,149;-14,149;-13,149;-12,149;-16,148;-15,148;-14,148;-13,148;-12,148;-16,147;-15,147;-14,147;-13,147;-12,147;-16,146;-15,146;-14,146;-13,146;-12,146;-15,143;-15,144;-15,145;-14,143;-14,144;-14,145;-13,143;-13,144;-13,145;-12,143;-12,144;-12,145
-15,-115
-13,-108
-8,-55
-5,-128;-5,-127;-4,-128;-4,-127
-4,-34;-3,-34;-4,-35;-3,-35;-2,-34;-2,-35;-1,-35;-1,-34
-2,-122
2,16;3,16;4,16;5,16;2,17;3,17;4,17;5,17;2,18;3,18;4,18;5,18
5,-18
9,61
15,-117;16,-117;17,-117
15,-110
17,-145
21,-125
22,-118;23,-118
26,-143
26,89
30,-112;30,-111
30,71
34,20
35,80;35,81;36,80;36,81
36,8;37,8;36,9;37,9
37,-115
37,-114
40,9;40,10;40,11;41,9;41,10;41,11;42,9;42,10;42,11
42,-118;43,-118
43,84;43,85;44,84;44,85
47,-46;48,-46;49,-46;47,-45;48,-45;49,-45;47,-44;48,-44;49,-44;47,-43;48,-43;49,-43
47,-41;47,-40;48,-41;48,-40;49,-41;49,-40
52,25;53,25;54,25;55,25;56,25;57,25;58,25;59,25;52,24;53,24;54,24;55,24;56,24;57,24;58,24;59,24;52,23;53,23;54,23;55,23;56,23;57,23;58,23;59,23;52,22;53,22;54,22;55,22;56,22;57,22;58,22;59,22
53,-5
53,-6
54,-136
54,-6
55,-135;55,-134;56,-135;56,-134
57,27;57,26;56,27;56,26;58,26;58,27;59,26;59,27
60,32
61,32
62,32
63,32
60,31
61,31
62,31
63,31
69,-123
74,40;74,41;74,42;74,43;74,44;74,45;74,46;75,46;78,46;78,45;79,46;79,45;80,46;80,45;75,40;75,41;75,42;75,43;75,44;75,45;76,40;76,41;76,42;76,43;76,44;76,45;76,46;77,40;77,41;77,42;77,43;77,44;77,45;77,46;78,40;78,41;78,42;78,43;78,44;79,40;79,41;79,42;79,43;79,44;80,40;80,41;80,42;80,43;80,44;81,40;81,41;81,42;81,43;81,44;81,45;81,46
74,48;75,48;76,50;74,50;75,50;74,49;75,49;76,49;76,48;77,48;77,49;77,50;78,50;78,49;78,48;74,47;75,47;76,47;77,47;78,47;81,47;80,47;79,47;81,51;79,50;79,49;79,48;80,51;81,50;81,49;81,48;80,50;80,49;80,48;80,52;80,53;81,53;81,52;80,54;81,56;80,55;81,55;80,56;81,54
74,51;75,56;75,55;75,54;75,53;75,52;75,51;74,56;74,55;74,54;74,53;74,52;76,56;76,55;76,54;76,53;76,52;76,51;77,56;77,55;77,54;77,53;77,52;77,51;78,56;78,55;78,54;78,53;78,52;78,51;79,56;79,55;79,54;79,53;79,52;79,51
77,-102;77,-101
78,-105
79,-137
83,46;84,46;82,40;82,41;82,42;82,43;82,44;82,45;82,46;83,41;83,42;83,43;83,44;83,45;84,41;84,42;84,43;84,44;84,45;83,40;84,40;85,40;85,41;85,42;85,43;86,41;86,42;86,43;87,41;87,42;87,43;88,41;88,42;88,43;89,41;89,42;89,43;90,41;90,42;90,43;85,44;86,44;87,44;88,44;89,44;90,44;85,45;86,45;87,45;88,45;89,45;90,45;85,46;86,46;86,40;87,40;87,46;88,46;89,46;90,46;88,40;89,40;90,40
85,-115
87,-110
88,-129
89,-76;90,-76;91,-76;92,-76;93,-76;94,-76;95,-76;96,-76;97,-76;98,-76;99,-76;100,-76;101,-76;102,-76;103,-76;104,-76;105,-76;106,-76;89,-77;90,-77;91,-77;92,-77;93,-77;94,-77;95,-77;96,-77;97,-77;98,-77;99,-77;100,-77;101,-77;102,-77;103,-77;104,-77;105,-77;106,-77;89,-78;90,-78;91,-78;92,-78;93,-78;94,-78;95,-78;96,-78;97,-78;98,-78;99,-78;100,-78;101,-78;102,-78;103,-78;104,-78;105,-78;106,-78;89,-79;90,-79;91,-79;92,-79;93,-79;94,-79;95,-79;96,-79;97,-79;98,-79;99,-79;100,-79;101,-79;102,-79;103,-79;104,-79;105,-79;106,-79;89,-80;90,-80;91,-80;92,-80;93,-80;94,-80;95,-80;96,-80;97,-80;98,-80;99,-80;100,-80;101,-80;102,-80;103,-80;104,-80;105,-80;106,-80;89,-81;90,-81;91,-81;92,-81;93,-81;94,-81;95,-81;96,-81;97,-81;98,-81;99,-81;100,-81;101,-81;102,-81;103,-81;104,-81;105,-81;106,-81;89,-82;90,-82;91,-82;92,-82;93,-82;94,-82;95,-82;96,-82;97,-82;98,-82;99,-82;100,-82;101,-82;102,-82;103,-82;104,-82;105,-82;106,-82;89,-83;90,-83;91,-83;92,-83;93,-83;94,-83;95,-83;96,-83;97,-83;98,-83;99,-83;100,-83;101,-83;102,-83;103,-83;104,-83;105,-83;106,-83;89,-84;90,-84;91,-84;92,-84;93,-84;94,-84;95,-84;96,-84;97,-84;98,-84;99,-84;100,-84;101,-84;102,-84;103,-84;104,-84;105,-84;106,-84;89,-85;90,-85;91,-85;92,-85;93,-85;94,-85;95,-85;96,-85;97,-85;98,-85;99,-85;100,-85;101,-85;102,-85;103,-85;104,-85;105,-85;106,-85
89,-86
90,-86
91,-86
92,-86
93,-86
94,-86
95,-86
96,-86
97,-86
98,-86
99,-86
100,-86
101,-86
102,-86
103,-86
104,-86
105,-86
106,-86
89,-87
90,-87
91,-87
92,-87
93,-87
94,-87
95,-87
96,-87
97,-87
98,-87
99,-87
100,-87
101,-87
102,-87
103,-87
104,-87
105,-87
106,-87
89,-88
90,-88
91,-88
92,-88
93,-88
94,-88
95,-88
96,-88
97,-88
98,-88
99,-88
100,-88
101,-88
102,-88
103,-88
104,-88
105,-88
106,-88
89,-89
90,-89
91,-89
92,-89
93,-89
94,-89
95,-89
96,-89
97,-89
98,-89
99,-89
100,-89
101,-89
102,-89
103,-89
104,-89
105,-89
106,-89
89,-90
90,-90
91,-90
92,-90
93,-90
94,-90
95,-90
96,-90
97,-90
98,-90
99,-90
100,-90
101,-90
102,-90
103,-90
104,-90
105,-90
106,-90
89,-91
90,-91
91,-91
92,-91
93,-91
94,-91
95,-91
96,-91
97,-91
98,-91
99,-91
100,-91
101,-91
102,-91
103,-91
104,-91
105,-91
106,-91
89,-92
90,-92
91,-92
92,-92
93,-92
94,-92
95,-92
96,-92
97,-92
98,-92
99,-92
100,-92
101,-92
102,-92
103,-92
104,-92
105,-92
106,-92
89,-93
90,-93
91,-93
92,-93
93,-93
94,-93
95,-93
96,-93
97,-93
98,-93
99,-93
100,-93
101,-93
102,-93
103,-93
104,-93
105,-93
106,-93
89,-94
90,-94
91,-94
92,-94
93,-94
94,-94
95,-94
96,-94
97,-94
98,-94
99,-94
100,-94
101,-94
102,-94
103,-94
104,-94
105,-94
106,-94
95,98;96,98;97,98;98,98;95,99;96,99;97,99;98,99;95,100;96,100;97,100;98,100;95,101;96,101;97,101;98,101
96,-132;96,-131;97,-132;97,-131;98,-132;98,-131
99,-131;99,-130;100,-131;100,-130
101,-132;101,-131;101,-130;102,-132;102,-131;102,-130;103,-132;103,-131;103,-130
106,-116;106,-115;106,-114;107,-116;107,-115;107,-114
107,-133
108,105;108,106;108,107;108,108;108,109;108,110;108,111;108,112;108,113;108,114;109,105;109,106;109,107;109,108;109,109;109,110;109,111;109,112;109,113;109,114;110,105;110,106;110,107;110,108;110,109;110,110;110,111;110,112;110,113;110,114;111,105;111,106;111,107;111,108;111,109;111,110;111,111;111,112;111,113;111,114;112,105;112,106;112,107;112,108;112,109;112,110;112,111;112,112;112,113;112,114;113,105;113,106;113,107;113,108;113,109;113,110;113,111;113,112;113,113;113,114;114,105;114,106;114,107;114,108;114,109;114,110;114,111;114,112;114,113;114,114;115,105;115,106;115,107;115,108;115,109;115,110;115,111;115,112;115,113;115,114;116,105;116,106;116,107;116,108;116,109;116,110;116,111;116,112;116,113;116,114;117,105;117,106;117,107;117,108;117,109;117,110;117,111;117,112;117,113;117,114
114,-22
116,-26;117,-25;117,-26;117,-27;118,-25;118,-26;118,-27;119,-25;119,-26;119,-27;120,-25;120,-26;120,-27;121,-25;121,-26;121,-27
122,-12
122,-11
122,-10
123,-12
123,-11
123,-10
124,-12
124,-11
124,-10
125,-12
125,-11
125,-10
126,-12
126,-11
126,-10
127,-12
127,-11
127,-10
128,-12
128,-11
128,-10
129,-12
129,-11
129,-10
123,130;123,131;124,130;124,131;125,130;125,131;126,130;126,131;127,130;127,131
124,-15
124,42;124,43;124,44;124,45;124,46;124,47;124,48;124,49;124,50;124,51;124,52;124,53;124,54;124,55;125,41;125,42;125,43;125,44;125,45;125,46;125,47;125,48;125,49;125,50;125,51;125,52;125,53;125,54;125,55;126,41;126,42;126,43;126,44;126,45;126,46;126,47;126,48;126,49;126,50;127,44;127,45;127,46;127,47;127,48;127,49;127,50;128,44;128,45;128,46;128,47;128,48;128,49;128,50;129,44;129,45;129,46;129,47;129,48;129,49;129,50;130,44;130,45;130,46;130,47;130,48;130,49;130,50;131,44;131,45;131,46;131,47;131,48;131,49;131,50;132,44;132,45;132,46;132,47;132,48;132,49;132,50;126,51;126,52;126,53;126,54;126,55;127,41;127,42;127,43;127,51;127,52;127,53;127,54;127,55;128,41;128,42;128,43;128,51;128,52;128,53;128,54;128,55;129,41;129,42;129,43;129,51;129,52;129,53;129,54;129,55;130,41;130,42;130,43;130,51;130,52;130,53;130,54;130,55;131,41;131,42;131,43;131,51;131,52;131,53;131,54;131,55;132,41;132,42;132,43;132,51;132,52;132,53;132,54;132,55;133,41;133,42;133,43;133,44;133,45;133,46;133,47;133,48;133,49;133,50;133,51;133,52;133,53;133,54;133,55
130,-140
130,40
131,-127
133,36
134,-149
135,-23
135,-22
136,-23
136,-22
135,-10;135,-11;136,-10;136,-11;137,-10;137,-11;138,-10;138,-11
136,1;135,1
137,-2;137,-3;138,-2;138,-3
139,-112;139,-111;140,-112;140,-111;141,-112;141,-111;142,-112;142,-111;143,-112;143,-111;144,-112;144,-111;145,-112;145,-111;146,-112;146,-111;147,-112;147,-111;148,-112;148,-111;149,-112;149,-111
140,-4;140,-5;140,-6;140,-7;140,-8;140,-9;140,-10;140,-11;141,-4;141,-5;141,-6;141,-7;141,-8;141,-9;141,-10;141,-11;142,-2;142,-3;142,-4;142,-5;142,-6;142,-7;142,-8;142,-9;142,-10;142,-11;143,-2;143,-3;143,-4;143,-5;143,-6;143,-7;143,-8;143,-9;143,-10;143,-11;144,-2;144,-3;144,-4;144,-5;144,-6;144,-7;144,-8;144,-9;144,-10;144,-11;145,-2;145,-3;145,-4;145,-5;145,-6;145,-7;145,-8;145,-9;145,-10;145,-11;146,-2;146,-3;146,-4;146,-5;146,-6;146,-7;146,-8;146,-9;146,-10;146,-11;147,-2;147,-3;147,-4;147,-5;147,-6;147,-7;147,-8;147,-9;147,-10;147,-11;148,-2;148,-3;148,-4;148,-5;148,-6;148,-7;148,-8;148,-9;148,-10;148,-11;149,-2;149,-3;149,-4;149,-5;149,-6;149,-7;149,-8;149,-9;149,-10;149,-11;141,-2;141,-3;140,-2;140,-3
142,-146;143,-146;142,-145;143,-145;142,-144;143,-144
144,-56;144,-55
145,60;145,61;145,62;145,63;145,64;145,65;146,60;146,61;146,62;146,63;146,64;146,65;147,60;147,61;147,62;147,63;147,64;148,60;147,65;148,61;148,62;148,63;148,64;148,65;149,60;149,61;149,62;149,63;149,64;149,65
149,91;149,92;149,93;150,91;150,92
149,-83
149,-82