-142,72;-146,71;-141,71;-149,70;-142,68;-139,68;-145,66;-148,65;-145,65;-142,65;-144,64;-145,72;-141,72;-150,70;-150,69;-145,67;-140,72;-139,72;-139,70;-146,66;-140,65;-147,64;-146,64;-140,64;-149,72;-146,72;-143,71;-140,71;-148,70;-146,70;-149,64;-148,69;-143,69;-147,68;-140,68;-147,67;-147,66;-141,65;-148,72;-143,72;-150,71;-140,70;-146,69;-139,69;-143,67;-141,66;-146,65;-147,70;-145,69;-140,66;-141,64;-147,71;-145,71;-139,66;-150,65;-144,65;-147,72;-142,71;-143,68;-150,66;-148,66;-150,64;-144,69;-140,69;-150,67;-142,69;-150,68;-144,68;-141,68;-149,66;-139,65;-145,64;-142,64;-139,64;-144,72;-146,67;-142,67;-140,67;-142,66;-148,64;-143,64;-150,72;-141,70;-149,69;-147,69;-144,67;-149,65;-149,71;-148,71;-144,71;-145,70;-148,67;-141,67;-139,67;-144,66;-143,66;-147,65;-144,70;-142,70;-148,68;-146,68;-149,67;-139,71;-143,70;-141,69;-149,68;-145,68;-143,65
-150,108
-150,112;-150,114;-150,111;-150,113;-144,112;-148,114;-148,111;-147,113;-147,115;-146,114;-148,115;-146,112;-149,111;-146,115;-149,114;-145,113;-145,114;-150,115;-147,112;-144,115;-148,112;-149,115;-147,114;-148,113;-145,115;-146,111;-144,114;-146,113;-145,112;-144,113;-147,111;-149,112;-149,113;-144,111;-145,111;-142,112;-142,115;-142,113;-143,112;-142,111;-143,113;-143,115;-143,111;-143,114;-142,114;-141,113;-141,114;-141,111;-141,112;-141,115
-149,108
-150,-144
-150,109
-149,109
-150,110
-149,126;-149,129;-149,130;-149,128;-149,127;-150,130;-150,126;-150,127;-150,128;-150,129
-144,110
-150,134;-150,131;-150,133;-150,135;-149,133;-149,131;-150,132;-149,134;-149,135;-149,132
-148,110
-146,116
-147,109
-145,116
-144,109
-149,110
-148,109
-147,108
-147,110
-146,108
-144,108
-145,108
-146,109
-145,109
-145,110
-146,110
-148,108
-144,116
-148,132;-147,135;-147,131;-147,132;-148,133;-148,131;-147,133;-147,134;-148,135;-148,134
-134,-50
-131,-21
-125,-96
-116,132;-121,134;-115,135;-122,135;-119,132;-117,134;-120,134;-119,137;-118,132;-120,132;-117,135;-120,136;-117,132;-121,133;-124,134;-119,136;-122,137;-118,133;-122,134;-117,136;-122,132;-123,132;-117,133;-123,133;-119,135;-116,134;-118,134;-117,137;-121,137;-121,132;-115,132;-116,133;-124,135;-118,136;-119,133;-122,133;-124,133;-122,136;-120,137;-120,133;-121,135;-123,134;-124,132;-115,134;-120,135;-121,136;-118,137;-118,135;-119,134;-123,135;-115,133;-116,135
-123,148;-121,149;-123,147;-120,146;-124,148;-123,149;-124,146;-123,144;-122,146;-120,148;-124,149;-122,145;-121,144;-121,145;-120,149;-122,148;-121,148;-120,144;-124,150;-121,146;-124,147;-123,146;-120,147;-122,147;-121,147;-123,145;-122,149;-122,144;-124,145;-120,145;-124,144;-123,150;-121,150;-122,150;-120,150;-119,144;-118,144;-118,149;-118,148;-118,146;-119,145;-119,148;-119,150;-119,146;-118,147;-119,149;-118,145;-118,150;-119,147
-123,85;-124,85
-123,143;-123,141;-123,140;-123,142;-122,140;-122,141;-122,142;-120,140;-121,142;-121,143;-122,143;-121,140;-121,141;-120,141;-120,143;-120,142
-120,20
-120,21
-119,21
-119,20
-118,84;-118,83;-117,84;-116,83;-117,83;-116,84
-115,3
-115,4
-115,5
-114,4
-114,3
-114,5
-113,-38;-113,-36;-113,-37
-106,132;-108,136;-110,132;-107,134;-109,136;-106,136;-111,135;-105,131;-105,135;-106,137;-108,133;-109,132;-108,137;-109,131;-111,137;-109,133;-105,137;-107,137;-110,133;-111,136;-107,131;-110,136;-110,137;-111,133;-107,133;-107,135;-107,136;-108,131;-108,132;-109,135;-109,137;-111,132;-111,134;-105,132;-106,135;-110,131;-110,135;-105,133;-106,134;-105,134;-106,131;-108,134;-109,134;-110,134;-111,131;-107,132;-105,136;-106,133;-108,135
-108,37;-110,40;-107,38;-108,41;-108,35;-110,39;-108,40;-109,37;-107,35;-110,41;-110,35;-109,41;-109,39;-110,36;-107,34;-108,39;-108,34;-110,37;-108,38;-109,40;-109,38;-107,37;-108,36;-107,40;-107,39;-107,41;-109,36;-109,34;-110,34;-107,36;-109,35;-110,38;-106,38;-106,39;-104,40;-104,41;-103,36;-106,34;-106,41;-103,37;-105,37;-103,38;-105,36;-106,35;-106,37;-105,35;-105,40;-106,36;-106,40;-103,41;-104,34;-103,39;-105,34;-105,38;-104,37;-104,39;-105,39;-105,41;-103,40;-104,35;-104,36;-104,38;-103,34;-103,35
-109,-95
-108,-95
-109,-93
-107,-97;-106,-97
-107,-94
-105,-91
-106,-91
-106,-94
-107,-24
-107,-91
-104,-142;-103,-142;-102,-147;-104,-145;-103,-143;-105,-146;-104,-143;-105,-145;-105,-144;-103,-144;-102,-146;-102,-143;-105,-147;-104,-144;-104,-146;-103,-145;-103,-146;-105,-143;-102,-145;-104,-147;-103,-147;-102,-144
-104,-95
-104,134;-104,136;-101,138;-104,135;-98,134;-99,138;-98,132;-103,137;-101,136;-98,136;-100,132;-102,137;-100,138;-103,133;-103,135;-102,134;-100,135;-98,135;-103,134;-103,136;-98,138;-104,133;-102,135;-102,136;-99,137;-104,138;-101,134;-100,136;-99,134;-98,137;-103,132;-102,133;-103,138;-101,132;-101,135;-101,137;-100,137;-99,133;-104,132;-104,137;-102,132;-99,135;-102,138;-100,133;-99,132;-101,133;-100,134;-99,136;-98,133
-103,-98;-102,-98;-102,-97;-103,-97
-95,34
-98,37;-98,34;-99,37;-97,39;-98,39;-99,38;-99,39;-99,34;-98,38;-98,35;-98,36;-99,36;-99,35;-97,38;-100,38;-100,37;-97,37;-100,39
-100,36
-100,127;-101,126;-99,128;-101,127;-100,128;-99,129;-100,129;-99,126;-100,126;-99,127;-101,128;-102,126;-102,128;-101,129;-102,127;-102,129
-96,36
-96,35
-101,40
-101,38
-101,35
-102,40
-102,39
-96,41
-97,36
-99,40
-102,35
-97,40
-97,35
-101,36
-98,41
-100,40
-102,41
-97,34
-99,41
-102,38
-95,35
-96,39
-95,41
-101,37
-95,38
-100,34
-101,41
-96,38
-96,34
-100,41
-100,35
-102,37
-102,34
-98,40
-101,39
-95,39
-95,36
-101,34
-102,36
-97,41
-98,59;-98,57;-97,59;-98,58;-99,57;-97,58;-99,60;-98,60;-99,59;-97,57;-99,58;-97,60;-96,57;-96,58;-96,59;-96,60
-100,-150
-96,112;-93,112;-96,111;-94,111;-92,111;-95,111;-95,110;-92,112;-93,111;-95,112;-94,110;-93,110;-92,110;-94,112;-96,110;-93,108;-95,108;-94,108;-92,109;-94,109;-93,109;-96,109;-95,109;-96,108;-92,108
-93,56
-89,-18
-87,-81
-88,-20
-81,128;-85,127;-85,126;-82,128;-86,126;-81,125;-82,123;-80,123;-83,126;-79,126;-86,124;-85,123;-82,127;-81,124;-84,128;-85,124;-83,124;-86,123;-84,123;-85,128;-81,127;-82,126;-81,126;-83,125;-84,124;-79,123;-80,127;-80,128;-83,127;-82,125;-83,123;-86,125;-83,128;-86,127;-84,127;-84,125;-80,125;-82,124;-80,124;-79,124;-86,128;-84,126;-85,125;-79,125;-79,128;-79,127;-80,126;-81,123
-86,-28
-82,84;-83,83;-82,85;-85,83;-85,86;-84,84;-82,86;-83,85;-82,83;-84,86;-84,83;-83,86;-85,85;-83,84;-84,85;-85,84
-75,72;-75,74;-80,76;-76,78;-78,76;-75,76;-75,75;-79,76;-80,77;-75,73;-76,76;-80,78;-75,77;-80,74;-77,76;-80,75;-76,77;-75,71;-75,78
-77,-22
-70,-107
-71,125
-69,31;-68,29;-67,31;-65,31;-63,31;-68,28;-62,31;-65,30;-66,29;-62,28;-69,28;-69,29;-68,31;-62,30;-64,29;-63,28;-67,28;-61,29;-65,29;-64,28;-67,29;-61,28;-64,31;-63,30;-69,30;-66,30;-66,31;-63,29;-68,30;-67,30;-62,29;-61,31;-66,28;-65,28;-61,30;-64,30
-69,-139
-69,35
-62,-101;-63,-102;-63,-103;-62,-103;-63,-101;-62,-102
-65,-37
-60,3;-60,7;-62,7;-60,2;-60,8;-62,2;-61,4;-61,9;-60,5;-61,1;-61,6;-62,5;-61,8;-62,4;-61,3;-62,6;-61,5;-61,7;-62,3;-60,4;-60,1;-62,9;-62,1;-61,2;-60,6;-62,8;-60,9;-58,1;-58,3;-58,2;-58,8;-57,3;-59,3;-59,7;-59,4;-59,8;-58,4;-57,2;-57,6;-59,2;-58,5;-57,8;-58,6;-58,9;-59,9;-59,5;-59,6;-57,9;-57,1;-57,4;-57,7;-58,7;-59,1;-57,5;-56,1
-56,-90
-56,-89
-55,-89
-54,-89
-54,-90
-55,-90
-52,-98
-51,-110;-50,-110
-43,6
-39,-3;-38,-3;-37,-3;-36,-3
-40,-59
-38,31
-34,28
-27,85;-25,82;-26,80;-26,84;-25,80;-29,83;-28,84;-28,80;-24,83;-24,84;-24,85;-26,83;-24,80;-27,83;-26,81;-26,82;-24,82;-28,82;-29,85;-24,81;-29,81;-28,81;-27,82;-29,80;-28,83;-26,85;-29,84;-27,80;-25,83;-29,82;-28,85;-25,81;-27,81;-27,84;-25,84;-25,85
-29,-107
-30,-107
-31,140;-32,140
-28,-45
-26,-125
-20,84;-14,90;-12,84;-19,84;-18,84;-18,85;-17,91;-15,85;-15,86;-15,88;-13,89;-12,87;-20,88;-18,92;-17,85;-17,86;-16,84;-16,91;-13,84;-12,90;-21,83;-19,85;-18,86;-16,85;-16,87;-15,84;-12,91;-21,91;-21,92;-19,90;-18,83;-18,89;-12,86;-12,89;-21,85;-20,85;-20,87;-20,89;-20,92;-19,83;-18,91;-16,86;-15,90;-14,91;-21,86;-20,83;-20,86;-20,91;-15,87;-18,88;-17,88;-15,83;-14,84;-14,92;-15,91;-15,89;-13,83;-12,85;-12,88;-20,90;-17,87;-16,88;-14,83;-14,87;-14,86;-13,85;-17,83;-16,90;-13,90;-19,91;-17,89;-16,83;-13,86;-13,92;-21,88;-21,90;-19,87;-19,92;-17,84;-17,90;-17,92;-16,92;-15,92;-14,85;-13,87;-13,91;-12,92;-21,84;-21,87;-21,89;-19,86;-19,88;-19,89;-18,87;-18,90;-16,89;-14,88;-14,89;-13,88;-12,83
-15,-115
-11,-126
-13,68
-9,-85;-9,-81;-9,-77;-7,-91;-7,-90;-7,-85;-9,-89;-9,-80;-9,-76;-8,-89;-8,-75;-9,-91;-9,-90;-9,-84;-8,-73;-7,-82;-6,-87;-9,-74;-8,-91;-8,-88;-7,-78;-7,-77;-6,-86;-8,-90;-8,-72;-7,-73;-9,-75;-7,-87;-9,-73;-7,-84;-7,-83;-7,-76;-6,-81;-8,-86;-8,-85;-8,-80;-6,-88;-6,-83;-6,-79;-9,-86;-9,-78;-8,-82;-8,-77;-7,-88;-7,-74;-7,-86;-7,-79;-7,-75;-9,-82;-9,-79;-7,-72;-9,-88;-9,-83;-8,-81;-8,-78;-6,-91;-6,-82;-8,-84;-8,-79;-8,-74;-7,-89;-7,-81;-7,-80;-9,-72;-6,-90;-6,-89;-6,-85;-9,-87;-8,-87;-8,-83;-8,-76;-6,-84;-6,-80;-6,-78;-6,-77;-6,-75;-5,-87;-6,-74;-5,-82;-4,-82;-4,-81;-4,-78;-3,-85;-2,-77;-1,-79;0,-86;1,-91;2,-72;3,-80;5,-73;6,-82;6,-73;7,-76;8,-89;9,-86;9,-82;10,-72;-6,-76;-5,-84;-5,-79;-5,-76;-4,-84;-3,-74;-2,-91;-2,-87;-2,-86;-1,-90;-1,-86;-1,-77;-1,-73;0,-85;1,-80;1,-76;2,-91;3,-79;3,-76;3,-72;4,-90;4,-78;4,-77;4,-75;5,-89;5,-84;7,-75;7,-73;8,-73;9,-91;10,-80;-5,-88;-3,-84;0,-81;0,-80;0,-74;1,-89;1,-73;2,-83;3,-86;3,-82;4,-88;7,-81;8,-85;9,-79;-5,-86;-4,-89;-4,-80;0,-87;1,-87;5,-91;5,-87;5,-86;5,-74;6,-89;6,-86;6,-84;6,-75;7,-86;7,-79;8,-75;10,-85;10,-74;-6,-73;-5,-91;-5,-72;-4,-76;-2,-82;-1,-87;-1,-80;0,-90;0,-79;0,-77;1,-88;1,-77;2,-87;2,-74;4,-89;5,-82;6,-87;6,-80;6,-77;7,-89;7,-83;8,-83;9,-73;10,-90;-5,-90;-5,-81;-3,-78;0,-73;1,-86;1,-83;3,-77;4,-74;4,-72;6,-74;7,-84;8,-91;8,-78;10,-79;10,-77;-3,-90;-2,-83;-2,-81;-1,-83;3,-84;5,-85;5,-80;5,-79;5,-78;6,-72;8,-77;9,-83;9,-78;-4,-86;-6,-72;-4,-77;-4,-73;-4,-72;-3,-80;-2,-85;-2,-79;-2,-76;-2,-75;-2,-73;-1,-89;0,-89;2,-88;2,-84;2,-77;2,-76;3,-75;4,-86;4,-84;4,-76;6,-76;7,-87;8,-80;8,-79;8,-76;9,-84;9,-75;10,-89;-5,-89;-5,-75;-5,-77;-5,-85;-5,-83;-4,-83;-4,-79;-3,-82;-3,-75;-2,-78;-1,-91;2,-89;2,-78;3,-85;3,-78;4,-82;4,-81;6,-79;7,-90;7,-80;8,-72;10,-84;10,-82;-3,-91;-4,-88;-4,-87;-4,-74;-3,-83;-3,-79;-3,-77;-2,-90;-1,-75;0,-75;0,-72;1,-82;1,-74;3,-90;3,-88;3,-74;4,-87;4,-80;5,-90;5,-81;5,-75;5,-72;6,-91;8,-81;9,-85;-1,-88;-1,-85;-1,-74;0,-82;1,-84;4,-83;6,-88;8,-87;10,-75;10,-73;-4,-85;-3,-88;-3,-87;-3,-81;-3,-72;-1,-84;-1,-82;-1,-72;1,-81;1,-75;2,-86;2,-73;3,-89;6,-90;6,-81;7,-88;7,-72;-5,-78;-3,-73;-2,-72;-1,-81;-1,-78;0,-83;0,-76;1,-79;2,-79;3,-83;3,-73;5,-76;6,-85;7,-91;7,-78;8,-74;9,-87;9,-80;10,-87;-4,-90;-2,-88;0,-84;0,-78;1,-85;5,-88;6,-78;7,-82;7,-77;7,-74;8,-88;8,-84;10,-78;-5,-80;-5,-73;-5,-74;-4,-75;-3,-89;-3,-86;-2,-89;1,-90;1,-72;2,-82;2,-80;2,-75;3,-87;4,-85;4,-79;4,-73;5,-83;5,-77;7,-85;8,-86;8,-82;9,-90;9,-89;9,-88;9,-81;10,-88;10,-86;10,-76;-4,-91;-3,-76;-2,-84;-2,-80;-2,-74;-1,-76;0,-91;0,-88;1,-78;2,-90;2,-85;2,-81;3,-91;3,-81;4,-91;6,-83;8,-90;9,-77;9,-76;9,-74;9,-72;10,-91;10,-83;10,-81
-9,-128
-1,-34;-4,-35;-2,-35;-4,-34;-1,-35;-2,-34;-3,-35;-3,-34
3,-54;2,-54
2,16;5,17;4,18;4,16;5,18;2,18;2,17;3,17;3,18;3,16;5,16;4,17
10,-45
19,54;19,52;19,53
24,78;26,80;25,76;26,77;24,79;27,81;23,79;23,76;27,82;24,81;25,78;25,79;25,75;26,81;26,75;27,79;28,80;23,82;23,75;25,80;24,75;27,78;27,76;23,77;24,77;26,76;24,82;25,81;25,77;28,79;23,80;24,80;25,82;27,75;28,82;23,81;26,79;26,78;27,77;28,81;26,82;28,78;23,78;24,76;27,80
27,-118;29,-118;29,-119;26,-118;28,-118
30,9
36,-10
35,-9
35,-10
36,-9
37,70
40,-116
41,10;40,10;40,11;41,11;41,9;40,9;42,10;42,11;42,9
44,140;45,140;44,141;45,141
44,-14
44,-15
49,-41;47,-40;48,-41;48,-40;47,-41;49,-40
48,-46;47,-45;48,-44;49,-45;48,-43;47,-46;47,-44;47,-43;49,-46;48,-45;49,-44;49,-43
48,-56;49,-56
71,53;57,59;57,61;69,52;65,54;56,63;70,67;62,52;67,52;68,52;61,54;63,54;71,59;57,60;71,61;70,62;63,69;70,52;65,53;67,53;71,57;57,63;56,64;56,54;64,54;57,62;71,64;61,52;66,52;71,56;71,58;71,63;60,69;60,52;56,53;64,53;71,68;57,69;62,53;66,53;56,69;60,53;59,54;62,54;66,54;70,56;70,64;71,65;71,67;63,53;56,60;70,60;70,65;71,52;70,59;63,52;60,54;70,58;57,64;61,53;71,54;71,62;70,66;71,66;59,69;67,54;70,57;56,59;56,52;58,54;71,55;71,60;57,52;57,53;57,54;70,61;70,63;58,69;66,69;56,70;59,71;68,71;60,71;65,70;61,71;64,71;65,69;71,69;57,71;62,71;69,71;58,71;64,69;71,71;65,71;67,70;63,70;57,70;58,70;71,70;56,71;70,71;63,71;66,71;67,71;67,69;60,70;66,70;57,57;57,55;56,62;56,55;56,65;56,56;56,58;56,57;56,61;57,58;57,56;57,65;56,66;57,67;57,66;57,68;58,52;59,53;56,67;56,68;59,52;58,53;59,70;61,69;62,69;61,70;62,70;65,52;64,70;64,52;68,69;69,70;70,54;69,69;70,55;68,53;68,54;69,54;70,69;70,68;70,53;69,53;70,70;68,70
61,58;64,60;64,62;59,59;64,64;65,59;64,61;63,59;59,61;59,63;62,64;59,60;63,64;61,65;63,58;63,65;60,59;58,61;60,65;60,58;61,59;58,64;59,64;65,64;58,62;62,58;58,59;64,59;64,63;60,64;61,64;62,59;59,62;62,65;59,58;58,58;58,63;59,65;58,60;58,65;61,60;60,61;63,62;63,61;61,62;60,62;62,60;62,63;61,61;63,63;62,61;62,62;63,60;60,63;60,60;61,63;65,61;64,65;65,62;64,58;65,65;65,60;65,63;65,58
52,59;54,62;55,63;53,64;54,57;54,61;55,66;53,67;55,57;55,64;55,52;52,58;52,67;53,61;54,63;54,58;53,59;53,65;55,65;52,56;52,61;53,62;52,63;52,66;54,66;52,55;55,56;55,60;53,63;52,64;54,67;53,52;54,52;52,60;53,60;52,62;52,68;52,69;52,53;52,65;52,52;54,65;52,57;53,58;55,58;55,67;52,54;54,60;53,56;54,56;55,59;52,71;53,55;55,68;55,69;53,70;54,69;53,71;54,71;53,54;53,57;53,68;52,70;53,53;54,53;54,64;55,70;55,53;53,69;55,71;55,55;55,54;54,55;53,66;54,70;54,59;54,54;54,68;55,61;55,62
63,68;60,67;60,66;61,68;62,68;60,68;63,67;63,66;58,68;58,67;59,67;59,68;59,66;58,66;61,66;62,67;62,66;61,67;65,68;64,66;64,67;65,67;65,66;64,68
60,57;63,57;63,55;63,56;60,55;60,56;58,55;59,55;58,57;59,57;59,56;58,56;62,57;61,57;61,55;62,56;62,55;61,56;64,56;65,56;64,57;65,55;64,55;65,57
55,125;55,129;55,128;55,126;55,127;57,125;56,129;57,126;58,129;57,129;56,125;58,126;56,127;59,127;58,125;58,128;56,126;59,125;59,126;57,127;58,127;59,128;56,128;57,128;59,129
60,-21;60,-22;59,-22;59,-21
61,-126;61,-124;61,-125
77,-101;77,-102
78,-105
83,74
92,-145;91,-144;92,-144;93,-145;91,-147;91,-140;92,-148;93,-143;91,-146;93,-144;92,-141;93,-146;91,-142;91,-148;92,-147;92,-142;91,-143;91,-145;92,-143;92,-146;92,-140;91,-141;94,-148;94,-145;93,-141;94,-147;94,-141;94,-144;94,-146;93,-140;94,-142;93,-147;93,-142;93,-148;94,-143;94,-140;95,-140;96,-141;95,-143;95,-147;96,-146;95,-146;95,-145;95,-144;95,-142;96,-140;96,-143;95,-141;96,-147;95,-148;96,-144;96,-148;96,-142;96,-145;97,-148;98,-148;98,-142;97,-144;98,-141;98,-147;97,-145;97,-143;97,-147;98,-145;97,-140;98,-146;98,-140;98,-143;97,-146;97,-141;98,-144;97,-142;99,-141;99,-140;99,-147;99,-146;99,-143;99,-144;99,-148;99,-142;99,-145
92,-37
91,-37
95,21;94,21;95,23;98,23;99,22;97,23;96,23;98,22;97,21;95,22;97,22;96,21;99,23;94,23;94,22;96,22;98,21;99,21
95,85
95,87
96,86
97,87
97,88
95,84
95,88
96,88
96,87
97,86
95,86
96,-131;96,-132;98,-132;97,-131;98,-131;97,-132
94,24
96,85
97,84
97,85
98,17
96,84
98,88
98,84
99,37;99,38;100,37;102,37;102,36;100,36;101,36;101,37;99,36;100,38;101,38;102,38
100,17
101,87;101,84;99,84;99,86;100,87;102,86;99,87;101,85;102,84;100,85;99,85;100,84;100,86;101,86;102,85;102,87
103,83
99,17
98,87
99,88
100,88
98,86
98,85
103,88
101,83
103,86
100,83
103,85
101,88
103,87
102,88
102,83
103,84
108,-115
116,-26;118,-25;118,-26;121,-26;120,-25;120,-27;117,-26;117,-27;119,-27;120,-26;117,-25;119,-25;121,-27;119,-26;118,-27;121,-25
118,-7
124,46;124,48;124,53;124,50;124,47;125,44;124,42;124,45;124,51;124,43;125,48;125,51;125,54;124,44;124,49;125,43;125,45;125,52;125,42;124,52;125,49;124,54;125,46;124,55;125,41;125,53;125,47;125,50;125,55;126,51;127,45;128,48;128,50;131,45;131,50;127,53;126,43;130,47;130,49;126,55;130,45;132,44;127,44;127,49;129,49;128,46;131,44;131,47;132,45;132,47;130,46;126,45;126,48;130,50;131,49;126,54;127,52;127,54;126,47;126,44;126,46;127,41;127,43;132,49;127,48;131,46;131,48;132,46;132,50;127,51;127,46;128,44;128,47;126,41;129,47;129,48;126,53;127,50;128,49;129,45;126,49;127,47;129,44;130,44;132,48;126,42;126,50;129,46;130,48;127,42;128,45;129,50;126,52;127,55;129,43;129,51;129,55;128,52;129,52;128,54;128,41;128,43;129,54;128,51;128,53;128,42;128,55;129,42;129,53;129,41;131,52;131,53;132,42;130,52;131,42;132,52;131,41;130,51;130,53;131,43;132,51;132,55;130,42;130,55;132,54;130,43;131,51;132,43;132,53;131,55;130,41;130,54;131,54;132,41;133,50;133,44;133,46;133,48;133,49;133,43;133,51;133,41;133,47;133,52;133,42;133,55;133,53;133,54;133,45
125,-5
128,-114
142,-145;142,-146;143,-144;142,-144;143,-146;143,-145
147,61;147,62;147,63;148,60;149,65;145,65;146,61;145,64;148,61;149,63;145,62;147,60;145,60;146,65;149,64;147,65;149,61;148,63;149,60;146,60;147,64;145,63;145,61;146,62;148,62;148,64;146,64;148,65;149,62;146,63
150,72;150,67;150,73;151,72;152,70;157,65;157,67;152,72;153,72;154,66;155,70;155,71;155,72;156,63;156,65;157,72;158,64;158,70;160,67;160,70;151,71;153,63;153,67;155,64;151,63;158,73;159,72;160,64;160,68;150,63;150,71;151,64;158,63;159,66;160,73;150,68;152,68;154,64;154,73;156,70;158,71;159,64;159,65;160,69;150,65;151,66;152,67;153,65;154,72;157,63;159,67;160,63;151,70;152,64;153,69;157,68;158,67;159,69;150,64;154,65;154,69;155,66;155,67;156,72;158,69;159,70;160,65;151,67;154,63;154,68;152,63;152,71;153,64;155,65;156,69;157,69;158,66;159,71;160,66;150,69;151,68;152,73;153,66;153,73;155,63;155,68;156,67;156,68;158,72;160,71;150,70;153,68;155,73;156,73;158,65;159,63;151,65;154,67;154,70;155,69;157,64;157,73;150,66;151,69;152,65;152,69;153,70;154,71;156,64;156,66;157,70;159,68;159,73;160,72;151,73;152,66;153,71;156,71;157,66;157,71;158,68