-149,126;-149,129;-149,130;-149,128;-149,127;-150,130;-150,126;-150,127;-150,128;-150,129
-148,12
-144,45
-143,46;-143,47;-143,45
-142,45
-142,46
-142,47
-141,-8
-140,-8;-140,-7
-141,-7
-139,-7
-128,9;-129,9;-129,10;-128,10
-116,132;-121,134;-115,135;-122,135;-119,132;-117,134;-120,134;-119,137;-118,132;-120,132;-117,135;-120,136;-117,132;-121,133;-124,134;-119,136;-122,137;-118,133;-122,134;-117,136;-122,132;-123,132;-117,133;-123,133;-119,135;-116,134;-118,134;-117,137;-121,137;-121,132;-115,132;-116,133;-124,135;-118,136;-119,133;-122,133;-124,133;-122,136;-120,137;-120,133;-121,135;-123,134;-124,132;-115,134;-120,135;-121,136;-118,137;-118,135;-119,134;-123,135;-115,133;-116,135
-123,148;-121,149;-123,147;-120,146;-124,148;-123,149;-124,146;-123,144;-122,146;-120,148;-124,149;-122,145;-121,144;-121,145;-120,149;-122,148;-121,148;-120,144;-124,150;-121,146;-124,147;-123,146;-120,147;-122,147;-121,147;-123,145;-122,149;-122,144;-124,145;-120,145;-124,144;-123,150;-121,150;-122,150;-120,150;-119,144;-118,144;-118,149;-118,148;-118,146;-119,145;-119,148;-119,150;-119,146;-118,147;-119,149;-118,145;-118,150;-119,147
-123,143;-123,141;-123,140;-123,142;-122,140;-122,141;-122,142;-120,140;-121,142;-121,143;-122,143;-121,140;-121,141;-120,141;-120,143;-120,142
-119,-43;-120,-43
-120,-60
-115,-16;-115,-15;-115,-18;-115,-19;-115,-17;-114,-15;-114,-18;-114,-16;-114,-19;-114,-17;-113,-15;-112,-16;-112,-15;-112,-17;-113,-16;-111,-17;-112,-18;-113,-19;-113,-17;-112,-19;-113,-18;-111,-19;-111,-18
-109,90
-105,90
-105,63
-111,63
-108,63
-107,90
-109,63
-111,90
-107,63
-104,63
-110,90
-106,90
-110,63
-104,90
-103,90
-108,90
-106,63
-103,63
-106,132;-108,136;-110,132;-107,134;-109,136;-106,136;-111,135;-105,131;-105,135;-106,137;-108,133;-109,132;-108,137;-109,131;-111,137;-109,133;-105,137;-107,137;-110,133;-111,136;-107,131;-110,136;-110,137;-111,133;-107,133;-107,135;-107,136;-108,131;-108,132;-109,135;-109,137;-111,132;-111,134;-105,132;-106,135;-110,131;-110,135;-105,133;-106,134;-105,134;-106,131;-108,134;-109,134;-110,134;-111,131;-107,132;-105,136;-106,133;-108,135
-109,-7;-108,-7;-108,-8;-109,-8
-107,82
-103,84
-103,89
-103,86
-103,88
-109,-95
-104,82
-103,82
-103,87
-103,83
-109,82
-108,82
-105,82
-103,85
-106,82
-107,-94
-107,-93;-106,-93
-107,-64
-104,-142;-103,-142;-102,-147;-104,-145;-103,-143;-105,-146;-104,-143;-105,-145;-105,-144;-103,-144;-102,-146;-102,-143;-105,-147;-104,-144;-104,-146;-103,-145;-103,-146;-105,-143;-102,-145;-104,-147;-103,-147;-102,-144
-104,-95
-104,134;-104,136;-101,138;-104,135;-98,134;-99,138;-98,132;-103,137;-101,136;-98,136;-100,132;-102,137;-100,138;-103,133;-103,135;-102,134;-100,135;-98,135;-103,134;-103,136;-98,138;-104,133;-102,135;-102,136;-99,137;-104,138;-101,134;-100,136;-99,134;-98,137;-103,132;-102,133;-103,138;-101,132;-101,135;-101,137;-100,137;-99,133;-104,132;-104,137;-102,132;-99,135;-102,138;-100,133;-99,132;-101,133;-100,134;-99,136;-98,133
-103,91
-103,93
-103,94
-103,96
-103,95
-103,92
-75,72;-75,74;-80,76;-76,78;-78,76;-75,76;-75,75;-79,76;-80,77;-75,73;-76,76;-80,78;-75,77;-80,74;-77,76;-80,75;-76,77;-75,71;-75,78
-69,-139
-64,117;-65,117
-61,-32
-60,-31
-59,-8
-56,126;-56,125;-55,126;-55,125
-55,-137
-55,-127
-55,29
-50,92;-50,91;-51,92;-51,91
-46,83
-39,-3;-38,-3;-37,-3;-36,-3
-39,-100
-40,-59
-27,85;-25,82;-26,80;-26,84;-25,80;-29,83;-28,84;-28,80;-24,83;-24,84;-24,85;-26,83;-24,80;-27,83;-26,81;-26,82;-24,82;-28,82;-29,85;-24,81;-29,81;-28,81;-27,82;-29,80;-28,83;-26,85;-29,84;-27,80;-25,83;-29,82;-28,85;-25,81;-27,81;-27,84;-25,84;-25,85
-31,140;-32,140
-28,5;-28,4
-27,5
-25,66
-18,4
-15,-115
-12,-126;-12,-125
-11,-68
-9,-85;-9,-81;-9,-77;-7,-91;-7,-90;-7,-85;-9,-89;-9,-80;-9,-76;-8,-89;-8,-75;-9,-91;-9,-90;-9,-84;-8,-73;-7,-82;-6,-87;-9,-74;-8,-91;-8,-88;-7,-78;-7,-77;-6,-86;-8,-90;-8,-72;-7,-73;-9,-75;-7,-87;-9,-73;-7,-84;-7,-83;-7,-76;-6,-81;-8,-86;-8,-85;-8,-80;-6,-88;-6,-83;-6,-79;-9,-86;-9,-78;-8,-82;-8,-77;-7,-88;-7,-74;-7,-86;-7,-79;-7,-75;-9,-82;-9,-79;-7,-72;-9,-88;-9,-83;-8,-81;-8,-78;-6,-91;-6,-82;-8,-84;-8,-79;-8,-74;-7,-89;-7,-81;-7,-80;-9,-72;-6,-90;-6,-89;-6,-85;-9,-87;-8,-87;-8,-83;-8,-76;-6,-84;-6,-80;-6,-78;-6,-77;-6,-75;-5,-87;-6,-74;-5,-82;-4,-82;-4,-81;-4,-78;-3,-85;-2,-77;-1,-79;0,-86;1,-91;2,-72;3,-80;5,-73;6,-82;6,-73;7,-76;8,-89;9,-86;9,-82;10,-72;-6,-76;-5,-84;-5,-79;-5,-76;-4,-84;-3,-74;-2,-91;-2,-87;-2,-86;-1,-90;-1,-86;-1,-77;-1,-73;0,-85;1,-80;1,-76;2,-91;3,-79;3,-76;3,-72;4,-90;4,-78;4,-77;4,-75;5,-89;5,-84;7,-75;7,-73;8,-73;9,-91;10,-80;-5,-88;-3,-84;0,-81;0,-80;0,-74;1,-89;1,-73;2,-83;3,-86;3,-82;4,-88;7,-81;8,-85;9,-79;-5,-86;-4,-89;-4,-80;0,-87;1,-87;5,-91;5,-87;5,-86;5,-74;6,-89;6,-86;6,-84;6,-75;7,-86;7,-79;8,-75;10,-85;10,-74;-6,-73;-5,-91;-5,-72;-4,-76;-2,-82;-1,-87;-1,-80;0,-90;0,-79;0,-77;1,-88;1,-77;2,-87;2,-74;4,-89;5,-82;6,-87;6,-80;6,-77;7,-89;7,-83;8,-83;9,-73;10,-90;-5,-90;-5,-81;-3,-78;0,-73;1,-86;1,-83;3,-77;4,-74;4,-72;6,-74;7,-84;8,-91;8,-78;10,-79;10,-77;-3,-90;-2,-83;-2,-81;-1,-83;3,-84;5,-85;5,-80;5,-79;5,-78;6,-72;8,-77;9,-83;9,-78;-4,-86;-6,-72;-4,-77;-4,-73;-4,-72;-3,-80;-2,-85;-2,-79;-2,-76;-2,-75;-2,-73;-1,-89;0,-89;2,-88;2,-84;2,-77;2,-76;3,-75;4,-86;4,-84;4,-76;6,-76;7,-87;8,-80;8,-79;8,-76;9,-84;9,-75;10,-89;-5,-89;-5,-75;-5,-77;-5,-85;-5,-83;-4,-83;-4,-79;-3,-82;-3,-75;-2,-78;-1,-91;2,-89;2,-78;3,-85;3,-78;4,-82;4,-81;6,-79;7,-90;7,-80;8,-72;10,-84;10,-82;-3,-91;-4,-88;-4,-87;-4,-74;-3,-83;-3,-79;-3,-77;-2,-90;-1,-75;0,-75;0,-72;1,-82;1,-74;3,-90;3,-88;3,-74;4,-87;4,-80;5,-90;5,-81;5,-75;5,-72;6,-91;8,-81;9,-85;-1,-88;-1,-85;-1,-74;0,-82;1,-84;4,-83;6,-88;8,-87;10,-75;10,-73;-4,-85;-3,-88;-3,-87;-3,-81;-3,-72;-1,-84;-1,-82;-1,-72;1,-81;1,-75;2,-86;2,-73;3,-89;6,-90;6,-81;7,-88;7,-72;-5,-78;-3,-73;-2,-72;-1,-81;-1,-78;0,-83;0,-76;1,-79;2,-79;3,-83;3,-73;5,-76;6,-85;7,-91;7,-78;8,-74;9,-87;9,-80;10,-87;-4,-90;-2,-88;0,-84;0,-78;1,-85;5,-88;6,-78;7,-82;7,-77;7,-74;8,-88;8,-84;10,-78;-5,-80;-5,-73;-5,-74;-4,-75;-3,-89;-3,-86;-2,-89;1,-90;1,-72;2,-82;2,-80;2,-75;3,-87;4,-85;4,-79;4,-73;5,-83;5,-77;7,-85;8,-86;8,-82;9,-90;9,-89;9,-88;9,-81;10,-88;10,-86;10,-76;-4,-91;-3,-76;-2,-84;-2,-80;-2,-74;-1,-76;0,-91;0,-88;1,-78;2,-90;2,-85;2,-81;3,-91;3,-81;4,-91;6,-83;8,-90;9,-77;9,-76;9,-74;9,-72;10,-91;10,-83;10,-81
-8,0;-6,-9;-6,-8;-6,-2;-6,2;-5,7;-4,2;-4,7;-3,2;-3,3;-3,8;-3,9;-2,-7;-2,-2;-9,-9;-9,8;-7,-3;-6,1;-6,5;-6,6;-5,-9;-5,-5;-5,-4;-4,-8;-4,-2;-4,5;-9,-7;-8,2;-8,4;-7,-9;-6,-5;-6,0;-5,-7;-5,5;-5,9;-4,-1;-3,-6;-2,-1;-9,-6;-9,9;-8,9;-5,6;-9,4;-7,8;-5,2;-4,-5;-3,-5;-3,4;-2,-9;-8,-7;-7,6;-6,-4;-4,-3;-4,0;-3,-9;-9,1;-8,-2;-8,5;-8,8;-7,4;-6,-1;-3,0;-3,7;-9,-2;-9,-1;-9,5;-8,-1;-8,3;-8,6;-8,7;-5,-3;-2,-6;-9,-8;-7,-6;-6,-6;-5,4;-3,-7;-3,-1;-3,1;-9,-5;-6,8;-5,-1;-4,-7;-3,5;-9,-3;-8,-6;-8,-3;-7,-7;-7,1;-6,-3;-6,3;-5,-2;-5,1;-4,-6;-4,1;-3,-3;-3,6;-2,-4;-9,-4;-9,7;-8,1;-7,5;-6,4;-5,-8;-4,-9;-4,6;-4,8;-3,-8;-3,-4;-2,0;-9,3;-8,-5;-7,-8;-7,-5;-7,-1;-7,3;-7,7;-5,-6;-5,8;-3,-2;-8,-4;-7,-2;-7,2;-7,9;-6,9;-5,0;-4,-4;-4,9;-2,-5;-9,0;-9,2;-8,-9;-5,3;-2,-3;-9,6;-8,-8;-7,-4;-7,0;-6,-7;-6,7;-4,3;-4,4;-2,-8;-2,5;-1,-2;-1,1;-2,4;-2,3;0,2;1,8;2,-6;3,0;3,9;4,-1;7,2;8,8;9,7;10,-2;1,-7;1,5;2,-4;2,-1;3,-6;3,7;3,8;4,-8;4,0;6,-9;6,-5;6,-2;7,0;8,-9;10,-5;-1,-8;2,-3;2,2;3,-8;3,1;4,-2;4,7;5,-6;5,2;5,3;6,-7;6,0;6,4;6,9;7,-9;7,-2;8,4;9,-6;10,-1;10,5;-1,9;0,-4;2,-2;2,1;2,4;4,-7;5,-2;6,2;6,8;7,-1;8,0;9,-5;10,3;0,-7;1,-6;1,-4;5,0;9,2;10,4;-1,6;0,9;-1,-9;-1,7;0,8;2,3;3,-3;4,4;4,6;6,7;7,-6;7,-5;8,-8;8,7;9,-7;9,-3;10,-3;10,6;-1,-6;1,-8;1,-5;5,-7;5,-1;6,-4;6,-3;8,5;9,-1;9,9;10,-8;10,0;10,1;-1,-7;-1,4;0,-5;0,-3;1,9;2,0;4,-4;5,8;7,1;7,5;7,9;8,-2;8,6;9,-9;10,-9;10,-4;10,7;-1,3;0,4;0,5;1,1;2,-9;2,5;3,6;4,1;4,5;5,-3;5,5;6,-1;7,-7;7,8;8,-3;8,-1;9,-2;-1,0;-2,7;-1,2;0,-2;3,-4;3,-2;3,2;3,4;4,-3;5,-5;7,-3;9,3;10,9;-2,9;0,-8;1,2;2,-8;5,-9;5,7;7,3;7,6;-1,8;0,6;1,-1;1,0;2,-7;2,9;3,-9;4,-9;5,6;6,-6;6,5;6,6;7,-8;7,-4;7,7;8,-5;8,-4;8,3;9,0;9,4;10,8;-2,6;-1,-5;1,-3;1,4;2,6;4,-5;4,8;4,9;5,-4;5,9;6,3;7,4;8,-7;8,-6;10,2;-2,2;0,-9;0,-6;0,-1;0,3;1,-9;1,-2;1,3;1,7;2,7;2,8;3,-7;3,-1;4,-6;5,1;5,4;-2,1;-1,-3;-1,-1;-1,5;0,0;0,7;1,6;2,-5;3,-5;3,3;3,5;5,-8;6,1;8,1;9,5;9,8;10,-6;-2,8;-1,-4;0,1;4,2;4,3;6,-8;8,2;8,9;9,-8;9,-4;9,1;9,6;10,-7
-6,-119;-5,-120;-5,-119;-6,-120
-4,-142
-4,-143
-6,-142
-4,-128;-5,-128;-5,-127;-4,-127
-5,-143
-6,-143
-5,-142
-1,-34;-4,-35;-2,-35;-4,-34;-1,-35;-2,-34;-3,-35;-3,-34
-3,-105
5,-15
15,78;16,75;17,83;17,81;21,81;21,80;22,83;13,78;13,76;14,78;17,85;19,85;22,85;15,85;15,82;17,79;17,78;18,80;19,75;22,84;22,80;22,77;22,76;13,80;14,83;14,79;15,77;16,85;16,78;17,75;19,83;19,82;20,84;20,76;21,82;21,77;15,80;16,83;16,79;18,81;18,78;19,76;21,85;21,75;14,85;14,84;19,78;21,76;13,84;13,79;13,75;14,80;15,83;15,81;16,82;16,77;18,75;15,84;18,76;20,81;20,75;13,83;16,84;16,80;16,76;17,77;18,85;18,77;19,84;19,77;20,79;21,84;21,79;22,82;15,76;17,82;18,82;18,79;20,77;13,82;13,81;14,82;15,79;20,82;21,83;14,76;14,75;18,83;22,79;22,78;19,81;21,78;15,75;16,81;14,81;14,77;17,84;18,84;19,79;20,85;20,83;20,80;22,81;22,75;13,85;13,77;17,80;17,76;19,80;20,78
17,-145
18,-122
22,-52
23,-52;24,-52
25,85;26,83;27,83;23,83;24,83;24,84;25,83;27,85;27,84;23,85;23,84;24,85;25,84;26,85;26,84
27,-143
37,-115;37,-114
39,-62
44,53;44,54;45,53;45,54
44,140;45,140;44,141;45,141
45,52
49,-41;47,-40;48,-41;48,-40;47,-41;49,-40
48,-46;47,-45;48,-44;49,-45;48,-43;47,-46;47,-44;47,-43;49,-46;48,-45;49,-44;49,-43
50,74
61,58;64,60;64,62;59,59;64,64;65,59;64,61;63,59;59,61;59,63;62,64;59,60;63,64;61,65;63,58;63,65;60,59;58,61;60,65;60,58;61,59;58,64;59,64;65,64;58,62;62,58;58,59;64,59;64,63;60,64;61,64;62,59;59,62;62,65;59,58;58,58;58,63;59,65;58,60;58,65;61,60;60,61;63,62;63,61;61,62;60,62;62,60;62,63;61,61;63,63;62,61;62,62;63,60;60,63;60,60;61,63;65,61;64,65;65,62;64,58;65,65;65,60;65,63;65,58
54,-20
55,125;55,129;55,128;55,126;55,127;57,125;56,129;57,126;58,129;57,129;56,125;58,126;56,127;59,127;58,125;58,128;56,126;59,125;59,126;57,127;58,127;59,128;56,128;57,128;59,129
58,-30;57,-30;57,-29;58,-29
61,-129;61,-128;62,-128;62,-129
61,-127
69,31
75,-105;74,-106;74,-105;75,-106
74,-103
74,-100;74,-99
74,-102
75,-102;75,-101
77,-101;77,-102
78,-105
88,-129
92,-145;91,-144;92,-144;93,-145;91,-147;91,-140;92,-148;93,-143;91,-146;93,-144;92,-141;93,-146;91,-142;91,-148;92,-147;92,-142;91,-143;91,-145;92,-143;92,-146;92,-140;91,-141;94,-148;94,-145;93,-141;94,-147;94,-141;94,-144;94,-146;93,-140;94,-142;93,-147;93,-142;93,-148;94,-143;94,-140;95,-140;96,-141;95,-143;95,-147;96,-146;95,-146;95,-145;95,-144;95,-142;96,-140;96,-143;95,-141;96,-147;95,-148;96,-144;96,-148;96,-142;96,-145;97,-148;98,-148;98,-142;97,-144;98,-141;98,-147;97,-145;97,-143;97,-147;98,-145;97,-140;98,-146;98,-140;98,-143;97,-146;97,-141;98,-144;97,-142;99,-141;99,-140;99,-147;99,-146;99,-143;99,-144;99,-148;99,-142;99,-145
98,100;97,101;98,98;98,101;96,99;96,101;95,99;97,99;96,98;95,100;96,100;97,98;98,99;95,101;95,98;97,100
96,-131;96,-132;98,-132;97,-131;98,-131;97,-132
96,-102
99,37;99,38;100,37;102,37;102,36;100,36;101,36;101,37;99,36;100,38;101,38;102,38
101,84;103,83;102,86;101,85;102,84;100,85;101,83;103,86;100,83;100,84;100,86;103,85;101,86;102,85;102,83;103,84
100,-149
106,-127
116,-26;118,-25;118,-26;121,-26;120,-25;120,-27;117,-26;117,-27;119,-27;120,-26;117,-25;119,-25;121,-27;119,-26;118,-27;121,-25
126,-5
127,-115
129,132;130,131;132,131;129,133;132,133;129,130;129,131;130,130;130,133;132,130;131,133;132,132;130,132;131,130;131,131;131,132
129,136;130,136;132,136;129,137;130,135;131,136;131,135;131,137;130,137;132,137
133,130;133,131;134,131;134,130
137,-2;138,-3;137,-3;138,-2
142,-3;146,-7;149,-7;141,-10;144,-2;145,-5;146,-5;148,-10;142,-8;142,-10;146,-10;149,-9;149,-11;140,-3;140,-6;141,-11;144,-11;146,-3;147,-2;148,-9;140,-8;141,-5;141,-9;143,-4;143,-9;144,-5;144,-6;148,-2;140,-10;141,-6;143,-10;145,-7;147,-5;147,-9;149,-4;149,-10;140,-2;141,-8;142,-9;143,-6;147,-3;149,-3;149,-8;140,-7;144,-7;146,-6;147,-6;141,-2;143,-7;140,-4;141,-7;144,-3;145,-4;147,-11;148,-4;149,-6;145,-9;145,-10;146,-9;148,-11;149,-2;142,-7;143,-8;145,-8;146,-8;140,-5;140,-9;141,-4;142,-4;143,-5;144,-4;144,-8;145,-3;145,-6;146,-4;146,-11;147,-10;148,-6;143,-2;145,-11;148,-7;142,-5;142,-11;143,-3;143,-11;144,-10;146,-2;147,-4;147,-7;148,-3;140,-11;142,-6;145,-2;147,-8;148,-8;141,-3;142,-2;144,-9;148,-5;149,-5
142,-145;142,-146;143,-144;142,-144;143,-146;143,-145
143,-22;143,-21
147,61;147,62;147,63;148,60;149,65;145,65;146,61;145,64;148,61;149,63;145,62;147,60;145,60;146,65;149,64;147,65;149,61;148,63;149,60;146,60;147,64;145,63;145,61;146,62;148,62;148,64;146,64;148,65;149,62;146,63
150,72;150,67;150,73;151,72;152,70;157,65;157,67;152,72;153,72;154,66;155,70;155,71;155,72;156,63;156,65;157,72;158,64;158,70;160,67;160,70;151,71;153,63;153,67;155,64;151,63;158,73;159,72;160,64;160,68;150,63;150,71;151,64;158,63;159,66;160,73;150,68;152,68;154,64;154,73;156,70;158,71;159,64;159,65;160,69;150,65;151,66;152,67;153,65;154,72;157,63;159,67;160,63;151,70;152,64;153,69;157,68;158,67;159,69;150,64;154,65;154,69;155,66;155,67;156,72;158,69;159,70;160,65;151,67;154,63;154,68;152,63;152,71;153,64;155,65;156,69;157,69;158,66;159,71;160,66;150,69;151,68;152,73;153,66;153,73;155,63;155,68;156,67;156,68;158,72;160,71;150,70;153,68;155,73;156,73;158,65;159,63;151,65;154,67;154,70;155,69;157,64;157,73;150,66;151,69;152,65;152,69;153,70;154,71;156,64;156,66;157,70;159,68;159,73;160,72;151,73;152,66;153,71;156,71;157,66;157,71;158,68