-150,91;-150,92;-150,93;-150,94;-150,95;-149,91;-149,92;-149,93;-149,94;-149,95;-148,91;-148,92;-148,93;-148,94;-148,95
-143,135
-140,-117
-137,53;-137,54;-137,50;-137,51;-137,52;-136,50;-136,51;-136,54;-136,53;-136,52
-138,-94
-128,103;-128,105;-128,104;-127,105;-127,104
-126,105
-126,104
-126,-73
-125,-96
-123,124
-123,125
-123,126
-123,127
-123,128
-122,124
-122,125
-122,126
-122,127
-122,128
-121,124
-121,125
-121,126
-121,127
-121,128
-120,124
-120,125
-120,126
-120,127
-120,128
-119,124
-119,125
-119,126
-119,127
-119,128
-118,124
-118,125
-118,126
-118,127
-118,128
-117,124
-117,125
-117,126
-117,127
-117,128
-116,124
-116,125
-116,126
-116,127
-116,128
-115,124
-115,125
-115,126
-115,127
-115,128
-114,124
-114,125
-114,126
-114,127
-114,128
-119,20;-120,20
-113,-36;-113,-37;-113,-38
-112,-41
-109,64
-105,65
-111,140;-111,141;-111,142;-110,140;-110,141;-110,142;-109,140;-109,141;-109,142
-109,-93
-105,-52
-100,36;-100,35;-100,34;-101,36;-101,35;-101,34;-102,36;-102,35;-102,34
-100,142
-99,-95
-94,83
-95,-60
-95,-61
-96,-60;-96,-61;-97,-60;-97,-61
-87,-84;-87,-85;-87,-86;-88,-84;-88,-85;-88,-86;-89,-84;-89,-85;-89,-86
-79,103;-79,104;-78,103;-78,104
-75,-150;-75,-149;-74,-150;-74,-149
-73,-150;-73,-149;-72,-150;-72,-149
-71,-150;-71,-149;-70,-150;-70,-149
-69,-150;-69,-149;-68,-150;-68,-149
-59,-140
-51,-140
-43,-110;-44,-110;-43,-111;-44,-111
-37,147
-37,148
-37,149
-36,147
-36,148
-36,149
-34,118;-34,119;-33,118;-33,119
-30,-108;-30,-107;-29,-108;-29,-107
-25,25
-25,26
-25,27
-25,28
-22,28
-9,-89;-9,-88;-8,-89;-8,-88
-8,-72
-6,-86;-6,-85;-6,-84;-5,-86;-5,-85;-5,-84;-4,-86;-4,-85;-4,-84
-2,-86;-2,-85;-2,-84;-1,-86;-1,-85;-1,-84;0,-86;0,-85;0,-84
-2,-78;-2,-77;-2,-76;-1,-78;-1,-77;-1,-76;0,-78;0,-77;0,-76
2,-86;2,-85;2,-84;2,-83;2,-82;2,-81;2,-80;3,-86;3,-85;3,-84;3,-83;3,-82;3,-81;3,-80;4,-86;4,-85;4,-84;4,-83;4,-82;4,-81;4,-80;5,-86;5,-85;5,-84;5,-83;5,-82;5,-81;5,-80;6,-86;6,-85;6,-84;6,-83;6,-82;6,-81;6,-80
2,-78;2,-77;2,-76;2,-75;2,-74;2,-73;2,-72;3,-78;3,-77;3,-76;3,-75;3,-74;3,-73;3,-72;4,-78;4,-77;4,-76;4,-75;4,-74;4,-73;4,-72;5,-78;5,-77;5,-76;5,-75;5,-74;5,-73;5,-72;6,-78;6,-77;6,-76;6,-75;6,-74;6,-73;6,-72;7,-78;7,-77;7,-76;7,-75;7,-74;7,-73;7,-72;8,-78;8,-77;8,-76;8,-75;8,-74;8,-73;8,-72;9,-78;9,-77;9,-76;9,-75;9,-74;9,-73;9,-72;10,-78;10,-77;10,-76;10,-75;10,-74;10,-73;10,-72
9,-91;9,-90;10,-91;10,-90
-8,-120;-8,-119;-7,-120;-7,-119
1,95;1,96;1,97;1,98;1,99;1,100;2,95;2,96;3,95;3,96;4,95;4,96;5,95;5,96;2,97;2,98;2,99;2,100;3,97;3,98;3,99;3,100;4,97;4,98;4,99;4,100;5,97;5,98;5,99;5,100
4,105;4,106;4,107;4,108;4,109;4,110;4,111;5,105;5,106;5,107;5,108;5,109;5,110;5,111;6,105;6,106;6,107;6,108;6,109;6,110;6,111;7,105;7,106;7,107;7,108;7,109;7,110;7,111
11,145;11,146;11,147;11,148;11,149;12,145;12,146;12,147;12,148;12,149;13,145;13,146;13,147;13,148;13,149;14,145;14,146;14,147;14,148;14,149;15,145;15,146;15,147;15,148;15,149
13,-1
15,-139
23,-23
42,72
45,104
50,109
61,-27;61,-26;62,-27;62,-26
62,-121
65,-125
84,41;84,42;84,40;85,40;85,41;85,42
85,53;86,53;85,52;86,52
87,52;88,52;87,53;88,53
85,55;86,56;85,56;86,55
87,56;88,56;87,55;88,55
88,54;87,54
96,-132;96,-131;97,-132;97,-131;98,-132;98,-131
99,-131;99,-130;100,-131;100,-130
101,48
109,49;109,50;110,49;110,50;111,49;111,50
110,44;110,45;110,46;111,44;111,45;111,46;112,44;112,45;112,46
124,42;124,43;124,44;124,45;124,46;124,47;124,48;124,49;124,50;124,51;124,52;124,53;124,54;124,55;125,41;125,42;125,43;125,44;125,45;125,46;125,47;125,48;125,49;125,50;125,51;125,52;125,53;125,54;125,55;126,41;126,42;126,43;126,44;126,45;126,46;126,47;126,48;126,49;126,50;127,44;127,45;127,46;127,47;127,48;127,49;127,50;128,44;128,45;128,46;128,47;128,48;128,49;128,50;129,44;129,45;129,46;129,47;129,48;129,49;129,50;130,44;130,45;130,46;130,47;130,48;130,49;130,50;131,44;131,45;131,46;131,47;131,48;131,49;131,50;132,44;132,45;132,46;132,47;132,48;132,49;132,50;126,51;126,52;126,53;126,54;126,55;127,41;127,42;127,43;127,51;127,52;127,53;127,54;127,55;128,41;128,42;128,43;128,51;128,52;128,53;128,54;128,55;129,41;129,42;129,43;129,51;129,52;129,53;129,54;129,55;130,41;130,42;130,43;130,51;130,52;130,53;130,54;130,55;131,41;131,42;131,43;131,51;131,52;131,53;131,54;131,55;132,41;132,42;132,43;132,51;132,52;132,53;132,54;132,55;133,41;133,42;133,43;133,44;133,45;133,46;133,47;133,48;133,49;133,50;133,51;133,52;133,53;133,54;133,55
141,-20
141,-21
141,-22
141,-23
141,-24
140,-20
140,-21
140,-22
140,-23
140,-24
139,-20
139,-21
139,-22
139,-23
139,-24
149,30