-150,-143
-150,126;-149,126;-150,127;-149,127;-150,128;-149,128;-150,129;-149,129;-150,130;-149,130
-150,131;-149,131;-150,132;-149,132;-150,133;-149,133;-150,134;-149,134;-150,135;-149,135
-150,145;-150,146;-150,147;-150,148;-149,145;-149,146;-149,147;-149,148;-148,145;-148,146;-148,147;-148,148;-147,145;-147,146;-147,147;-147,148;-146,145;-146,146;-146,147;-146,148
-149,22
-148,126;-147,126;-148,127;-147,127;-148,128;-147,128;-148,129;-147,129;-148,130;-147,130
-148,131;-147,131;-148,132;-147,132;-148,133;-147,133;-148,134;-147,134;-148,135;-147,135
-143,-7
-143,19
-142,-150
-138,-116
-137,-41;-137,-42;-136,-41;-136,-42
-136,-116
-135,-75;-134,-75;-133,-75;-132,-75
-135,-11
-134,-11
-134,-12
-135,-12
-134,-35;-134,-34
-132,-35
-131,-33
-130,-62;-129,-62;-130,-63;-129,-63;-130,-64;-129,-64
-129,-67
-129,9;-129,10;-128,9;-128,10
-124,19;-125,19;-126,19
-125,-84
-115,132;-116,132;-117,132;-118,132;-119,132;-120,132;-121,132;-122,132;-123,132;-124,132;-115,133;-116,133;-117,133;-118,133;-119,133;-120,133;-121,133;-122,133;-123,133;-124,133;-115,134;-116,134;-117,134;-118,134;-119,134;-120,134;-121,134;-122,134;-123,134;-124,134;-115,135;-116,135;-117,135;-118,135;-119,135;-120,135;-121,135;-122,135;-123,135;-124,135;-117,136;-118,136;-119,136;-120,136;-121,136;-122,136;-117,137;-118,137;-119,137;-120,137;-121,137;-122,137
-123,-134;-123,-133;-123,-132;-123,-131;-123,-130;-123,-129;-123,-128;-123,-127;-122,-134;-122,-133;-122,-132;-122,-131;-122,-130;-122,-129;-122,-128;-122,-127;-121,-134;-121,-133;-121,-132;-121,-131;-121,-130;-121,-129;-121,-128;-121,-127;-120,-134;-120,-133;-120,-132;-120,-131;-120,-130;-120,-129;-120,-128;-120,-127;-119,-134;-119,-133;-119,-132;-119,-131;-119,-130;-119,-129;-119,-128;-119,-127;-118,-134;-118,-133;-118,-132;-118,-131;-118,-130;-118,-129;-118,-128;-118,-127;-117,-134;-117,-133;-117,-132;-117,-131;-117,-130;-117,-129;-117,-128;-117,-127;-116,-134;-116,-133;-116,-132;-116,-131;-116,-130;-116,-129;-116,-128;-116,-127
-122,20;-123,20
-122,-149;-122,-148;-122,-147;-122,-146;-122,-145;-122,-144;-122,-143;-122,-142;-122,-141;-122,-140;-121,-149;-121,-148;-121,-147;-121,-146;-121,-145;-121,-144;-121,-143;-121,-142;-121,-141;-121,-140;-120,-149;-120,-148;-120,-147;-120,-146;-120,-145;-120,-144;-120,-143;-120,-142;-120,-141;-120,-140;-119,-149;-119,-148;-119,-147;-119,-146;-119,-145;-119,-144;-119,-143;-119,-142;-119,-141;-119,-140;-118,-149;-118,-148;-118,-147;-118,-146;-118,-145;-118,-144;-118,-143;-118,-142;-118,-141;-118,-140;-117,-149;-117,-148;-117,-147;-117,-146;-117,-145;-117,-144;-117,-143;-117,-142;-117,-141;-117,-140;-116,-149;-116,-148;-116,-147;-116,-146;-116,-145;-116,-144;-116,-143;-116,-142;-116,-141;-116,-140;-115,-149;-115,-148;-115,-147;-115,-146;-115,-145;-115,-144;-115,-143;-115,-142;-115,-141;-115,-140;-114,-149;-114,-148;-114,-147;-114,-146;-114,-145;-114,-144;-114,-143;-114,-142;-114,-141;-114,-140;-113,-149;-113,-148;-113,-147;-113,-146;-113,-145;-113,-144;-113,-143;-113,-142;-113,-141;-113,-140
-119,20;-120,20
-120,21
-119,-150
-119,21
-118,83;-118,84;-117,83;-117,84;-116,83;-116,84
-117,-35;-117,-34;-116,-35;-116,-34
-117,-32
-116,-43
-114,-43
-114,-41
-114,10
-113,-63
-113,-56;-112,-56;-112,-55
-113,-36;-113,-37;-113,-38
-110,-60
-110,-25
-109,-95
-109,-26;-109,-27
-109,-25
-108,-45
-108,24
-107,-94
-107,-65
-106,-94
-105,-52
-104,-95
-104,138;-104,132;-104,133;-104,134;-104,135;-104,136;-104,137;-103,138;-103,132;-103,133;-103,134;-103,135;-103,136;-103,137;-102,138;-102,132;-102,133;-102,134;-102,135;-102,136;-102,137;-101,138;-101,132;-101,133;-101,134;-101,135;-101,136;-101,137;-100,138;-100,132;-100,133;-100,134;-100,135;-100,136;-100,137;-99,138;-99,132;-99,133;-99,134;-99,135;-99,136;-99,137;-98,138;-98,132;-98,133;-98,134;-98,135;-98,136;-98,137
-103,-97;-102,-97
-103,-7;-103,-6
-102,-7;-102,-6;-102,-5;-101,-7;-101,-6;-101,-5;-100,-7;-100,-6;-100,-5
-101,-97
-101,-45
-101,-44
-97,-92;-97,-91;-97,-90;-96,-92;-96,-91;-96,-90;-95,-92;-95,-91;-95,-90
-95,-100;-95,-99;-95,-98;-94,-100;-94,-99;-94,-98;-93,-100;-93,-99;-93,-98
-95,-89;-95,-88;-95,-87;-94,-89;-94,-88;-94,-87
-94,-40
-93,15;-92,15
-90,108;-90,109;-89,108;-89,109;-88,108;-88,109;-90,110;-90,111;-89,110;-89,111;-88,110;-88,111
-87,108
-87,109
-87,-84;-87,-85
-87,-86
-88,-84
-88,-85;-89,-85
-88,-86
-89,-83
-87,12;-87,13
-87,29;-86,29
-87,31
-86,31
-86,-126
-86,-28
-86,12;-86,13
-81,59;-81,60;-80,59;-80,60
-79,-53;-79,-54;-80,-53;-80,-54;-78,-54
-80,63
-79,63
-78,63
-77,63
-76,63
-75,63
-74,105
-74,104
-74,103
-74,102
-74,101
-74,100
-74,99
-74,98
-74,97
-74,96;-74,95;-74,94;-74,93;-74,92;-74,91;-74,90
-74,89
-74,88
-74,87
-74,86
-74,85
-74,84
-74,83
-74,82
-74,81
-74,80
-74,79
-74,78
-74,77
-74,76
-74,75
-74,74
-74,73
-74,72
-74,71
-74,70
-74,69
-74,68
-74,67
-74,66
-74,65
-74,64
-74,63
-76,-28
-75,-64
-73,-32
-73,50;-73,51;-73,52;-73,53;-73,54;-73,55;-73,56;-73,57;-73,58;-73,59;-73,60;-73,61;-73,62;-73,63;-73,64;-73,65;-73,66;-73,67;-73,68;-73,69;-73,70;-73,71;-73,72;-73,73;-72,50;-72,51;-72,52;-72,53;-72,54;-72,55;-72,56;-72,57;-72,58;-72,59;-72,60;-72,61;-72,62;-72,63;-72,64;-72,65;-72,66;-72,67;-72,68;-72,69;-72,70;-72,71;-72,72;-72,73;-71,50;-71,51;-71,72;-71,73;-70,50;-70,51;-70,72;-70,73;-69,50;-69,51;-69,72;-69,73;-68,50;-68,51;-68,72;-68,73;-67,50;-67,51;-67,72;-67,73;-66,50;-66,51;-66,72;-66,73;-65,50;-65,51;-65,72;-65,73;-64,50;-64,51;-64,72;-64,73;-63,50;-63,51;-63,72;-63,73;-62,50;-62,51;-62,72;-62,73;-61,50;-61,51;-61,72;-61,73;-60,50;-60,51;-60,72;-60,73;-59,50;-59,51;-59,72;-59,73;-58,50;-58,51;-58,72;-58,73;-57,50;-57,51;-57,72;-57,73;-56,50;-56,51;-56,72;-56,73;-55,50;-55,51;-55,72;-55,73;-54,50;-54,51;-54,72;-54,73;-53,50;-53,51;-53,72;-53,73;-52,50;-52,51;-52,72;-52,73;-51,50;-51,51;-51,52;-51,53;-51,54;-51,55;-51,56;-51,57;-51,58;-51,59;-51,60;-51,61;-51,62;-51,63;-51,64;-51,65;-51,66;-51,67;-51,68;-51,69;-51,70;-51,71;-51,72;-51,73;-50,50;-50,51;-50,52;-50,53;-50,54;-50,55;-50,56;-50,57;-50,58;-50,59;-50,60;-50,61;-50,62;-50,63;-50,64;-50,65;-50,66;-50,67;-50,68;-50,69;-50,70;-50,71;-50,72;-50,73
-71,-130
-71,-119;-71,-118;-70,-118;-70,-119
-71,52;-71,53;-71,54;-71,55;-71,56;-71,57;-70,52;-70,53;-70,54;-70,55;-70,56;-70,57;-69,52;-69,53;-69,54;-69,55;-69,56;-69,57;-68,52;-68,53;-68,54;-68,55;-68,56;-68,57;-67,52;-67,53;-67,54;-67,55;-67,56;-67,57;-66,52;-66,53;-66,54;-66,55;-66,56;-66,57
-71,58;-71,68;-70,58;-70,68;-69,58;-69,68;-68,58;-68,59;-68,60;-68,61;-68,62;-68,63;-68,64;-68,65;-68,66;-68,67;-68,68;-68,69;-68,70;-68,71;-67,58;-67,67;-67,68;-66,58;-66,67;-66,68;-65,52;-65,53;-65,54;-65,55;-65,56;-65,57;-65,58;-65,67;-65,68;-64,52;-64,53;-64,54;-64,55;-64,56;-64,57;-64,58;-64,67;-64,68;-64,69;-64,70;-64,71;-63,58;-63,67;-62,58;-62,67;-61,58;-61,67;-60,58;-60,67;-60,68;-60,69;-60,70;-60,71;-59,52;-59,53;-59,54;-59,55;-59,56;-59,57;-59,58;-59,67;-58,52;-58,53;-58,54;-58,55;-58,56;-58,57;-58,58;-58,67;-57,52;-57,57;-57,58;-57,67;-56,52;-56,57;-56,58;-56,67;-55,52;-55,57;-55,58;-55,59;-55,60;-55,61;-55,62;-55,63;-55,64;-55,65;-55,66;-55,67;-55,68;-55,69;-55,70;-55,71;-54,52;-54,57;-54,67;-53,52;-53,57;-53,67;-52,52;-52,53;-52,54;-52,55;-52,56;-52,57;-52,67
-71,59;-71,60;-71,61;-70,59;-70,60;-70,61;-69,59;-69,60;-69,61
-71,62;-71,63;-71,64;-70,62;-70,63;-70,64;-69,62;-69,63;-69,64
-71,65;-71,66;-71,67;-70,65;-70,66;-70,67;-69,65;-69,66;-69,67
-71,69;-71,70;-71,71;-70,69;-70,70;-70,71;-69,69;-69,70;-69,71
-67,59;-67,60;-67,61;-67,62;-67,63;-67,64;-67,65;-67,66;-66,59;-66,60;-66,61;-66,62;-66,63;-66,64;-66,65;-66,66;-65,59;-65,60;-65,61;-65,62;-65,63;-65,64;-65,65;-65,66;-64,59;-64,60;-64,61;-64,62;-64,63;-64,64;-64,65;-64,66;-63,59;-63,60;-63,61;-63,62;-63,63;-63,64;-63,65;-63,66;-62,59;-62,60;-62,61;-62,62;-62,63;-62,64;-62,65;-62,66;-61,59;-61,60;-61,61;-61,62;-61,63;-61,64;-61,65;-61,66;-60,59;-60,60;-60,61;-60,62;-60,63;-60,64;-60,65;-60,66;-59,59;-59,60;-59,61;-59,62;-59,63;-59,64;-59,65;-59,66;-58,59;-58,60;-58,61;-58,62;-58,63;-58,64;-58,65;-58,66;-57,59;-57,60;-57,61;-57,62;-57,63;-57,64;-57,65;-57,66;-56,59;-56,60;-56,61;-56,62;-56,63;-56,64;-56,65;-56,66
-67,69;-67,70;-67,71;-66,69;-66,70;-66,71;-65,69;-65,70;-65,71
-63,52;-63,53;-63,54;-63,55;-63,56;-63,57;-62,52;-62,53;-62,54;-62,55;-62,56;-62,57;-61,52;-61,53;-61,54;-61,55;-61,56;-61,57;-60,52;-60,53;-60,54;-60,55;-60,56;-60,57
-63,68;-63,69;-63,70;-63,71;-62,68;-62,69;-62,70;-62,71;-61,68;-61,69;-61,70;-61,71
-59,68;-59,69;-59,70;-59,71;-58,68;-58,69;-58,70;-58,71;-57,68;-57,69;-57,70;-57,71;-56,68;-56,69;-56,70;-56,71
-57,53;-57,54;-57,55;-57,56;-56,53;-56,54;-56,55;-56,56;-55,53;-55,54;-55,55;-55,56;-54,53;-54,54;-54,55;-54,56;-53,53;-53,54;-53,55;-53,56
-54,58;-54,59;-54,60;-53,58;-53,59;-53,60;-52,58;-52,59;-52,60
-54,61;-54,62;-54,63;-53,61;-53,62;-53,63;-52,61;-52,62;-52,63
-54,64;-54,65;-54,66;-53,64;-53,65;-53,66;-52,64;-52,65;-52,66
-54,68;-54,69;-54,70;-54,71
-53,68;-53,69;-52,68;-52,69
-71,77;-71,76;-70,77;-70,76;-69,77;-69,76
-71,78;-71,79;-70,78;-70,79;-69,78;-69,79
-71,80;-71,81;-71,92;-71,93;-70,93;-69,93;-68,78;-68,79;-68,80;-68,81;-68,82;-68,83;-68,84;-68,85;-68,86;-68,87;-68,88;-68,89;-68,90;-68,91;-68,92;-68,93;-68,94;-68,95;-68,96;-68,97;-67,97;-66,97;-65,97;-64,97;-63,97;-62,97;-61,97;-60,97;-59,78;-59,79;-59,80;-59,81;-59,82;-59,83;-59,84;-59,85;-59,86;-59,87;-59,88;-59,89;-59,90;-59,91;-59,92;-59,93;-59,94;-59,95;-59,96;-59,97;-70,80;-70,81;-70,92;-69,80;-69,81;-69,92;-64,74;-64,75;-64,76;-64,77;-64,78;-64,83;-64,88;-67,88;-66,88;-65,88;-63,88;-62,88;-61,88;-60,88;-67,83;-66,83;-65,83;-63,83;-62,83;-61,83;-60,83;-67,78;-66,78;-65,78;-63,78;-62,78;-61,78;-60,78;-67,89;-67,96;-66,89;-66,96;-65,89;-65,96;-64,89;-64,96;-63,89;-63,96;-62,89;-62,96;-61,89;-61,96;-60,89;-60,96;-63,74;-63,75;-63,76;-63,77;-63,82;-63,81;-63,80;-63,79;-63,84;-63,85;-63,86;-63,87;-62,74;-61,74;-60,74;-59,74;-59,75;-59,76;-59,77;-58,74;-58,75;-58,76;-58,77;-58,95;-58,96;-58,97;-57,74;-57,75;-57,76;-57,77;-57,95;-57,96;-57,97;-56,95;-56,96;-56,97;-55,95;-55,96;-55,97
-71,83;-70,83;-69,83;-71,82;-70,82;-69,82
-70,85;-70,84;-71,85;-71,84
-71,86;-71,87;-71,88;-70,86;-70,87;-70,88;-69,86;-69,87;-69,88
-71,91;-71,90;-71,89;-70,91;-70,90;-70,89;-69,91;-69,90;-69,89
-71,97;-70,97;-69,97;-71,96;-70,96;-69,96;-71,95;-70,95;-69,95;-71,94;-70,94;-69,94
-71,116
-71,117
-70,-13;-70,-12;-69,-13;-69,-12
-70,112;-70,113;-69,112;-69,113
-69,-142
-69,-139
-69,-27
-69,35
-68,74;-68,75;-68,76;-67,74;-67,75;-67,76;-67,77;-66,74;-66,75;-66,76;-66,77;-65,74;-65,75;-65,76;-65,77;-68,77
-64,79;-64,80;-64,81;-64,82;-67,82;-66,82;-65,82;-67,81;-66,81;-65,81;-67,80;-66,80;-65,80;-67,79;-66,79;-65,79
-64,84;-64,85;-64,86;-64,87;-67,84;-66,84;-65,84;-67,85;-66,85;-65,85;-67,86;-66,86;-65,86;-67,87;-66,87;-65,87
-67,90;-67,91;-67,92;-67,93;-67,94;-67,95;-66,90;-66,91;-66,92;-66,93;-66,94;-66,95;-65,90;-65,91;-65,92;-65,93;-65,94;-65,95;-64,90;-64,91;-64,92;-64,93;-64,94;-64,95;-63,90;-63,91;-63,92;-63,93;-63,94;-63,95;-62,90;-62,91;-62,92;-62,93;-62,94;-62,95;-61,90;-61,91;-61,92;-61,93;-61,94;-61,95;-60,90;-60,91;-60,92;-60,93;-60,94;-60,95
-65,117;-64,117
-65,123;-65,122;-65,121;-65,120;-65,119;-64,123;-64,122;-64,121;-64,120;-64,119;-63,120;-63,119;-62,120;-62,119;-62,118;-61,120;-61,119;-61,118
-62,82;-61,82;-60,82;-62,81;-61,81;-60,81;-62,80;-61,80;-60,80;-62,79;-61,79;-60,79
-62,84;-62,85;-62,86;-62,87;-61,84;-61,85;-61,86;-61,87;-60,84;-60,85;-60,86;-60,87
-62,75;-62,76;-62,77;-61,75;-61,76;-61,77;-60,75;-60,76;-60,77
-62,128;-62,129;-61,128;-61,129
-60,-34
-59,-140
-59,128;-58,128;-59,127;-58,127
-58,-113
-58,-112
-58,-110
-58,85;-57,85;-56,85;-55,85;-58,84;-57,84;-56,84;-55,84;-58,86;-58,87;-58,88;-58,89;-58,90;-58,92;-56,92;-57,92;-58,91;-56,91;-57,91;-57,86;-57,87;-57,88;-57,89;-57,90;-56,86;-56,87;-56,88;-56,89;-56,90;-55,86;-55,87;-55,88;-55,89;-55,90;-55,91;-55,92
-58,83;-57,83;-56,83;-55,83;-58,82;-57,82;-56,82;-55,82;-58,81;-57,81;-56,81;-55,81;-58,80;-57,80;-56,80;-55,80;-58,79;-57,79;-56,79;-55,79
-58,94
-56,94
-57,94
-58,93
-56,93
-57,93
-56,127;-56,128;-55,127;-55,128
-57,127
-57,128
-56,44
-55,46;-54,46;-53,46;-55,47;-54,47;-53,47;-55,48;-54,48;-53,48;-56,48;-56,47;-56,46
-55,-127
-54,-140
-54,-128
-54,34
-54,80
-54,128;-53,128;-54,127;-53,127
-51,-140
-51,74;-51,75;-51,76;-51,77;-51,78;-51,79;-50,74;-50,75;-50,76;-50,77;-50,78;-50,79;-50,80;-49,74;-49,75;-49,76;-49,77;-49,78;-49,79;-49,80;-48,74;-48,75;-48,76;-48,77;-48,78;-48,79;-48,80;-47,74;-47,75;-47,76;-47,77;-47,78;-47,79;-47,80
-51,122;-51,123;-50,122;-50,123
-49,69;-49,70;-49,71;-49,72;-48,69;-48,70;-48,71;-48,72;-47,69;-47,70;-47,71;-47,72;-46,69;-46,70;-46,71;-46,72;-45,69;-45,70;-45,71;-45,72;-44,69;-44,70;-44,71;-44,72
-49,73;-48,73;-47,73
-49,107
-47,133;-47,134;-47,135;-47,136;-47,137;-46,133;-46,134;-46,135;-46,136;-46,137;-45,133;-45,134;-45,135;-45,136;-45,137;-44,133;-44,134;-44,135;-44,136;-44,137;-43,133;-43,134;-43,135;-43,136;-43,137
-45,106;-45,107;-45,108;-44,106;-44,107;-44,108
-43,-35;-43,-34;-42,-35;-42,-34
-43,104;-42,104;-41,104;-40,104;-39,104;-38,104;-43,103;-42,103;-41,103;-40,103;-39,103;-38,103;-43,102;-42,102;-41,102;-40,102;-39,102
-42,133;-42,134;-42,135;-42,136;-42,137;-41,133;-41,134;-41,135;-41,136;-41,137;-40,133;-40,134;-40,135;-40,136;-40,137;-39,133;-39,134;-39,135;-39,136;-39,137;-38,133;-38,134;-38,135;-38,136;-38,137
-41,-27
-38,-142
-37,77
-37,147
-37,148
-36,147
-36,148
-36,149
-35,-65
-34,-65
-33,-65
-32,-65
-35,-64
-34,-64
-33,-64
-32,-64
-35,-63
-34,-63
-33,-63
-32,-63
-35,-62
-34,-62
-33,-62
-32,-62
-35,-61
-34,-104
-34,-61
-34,-9
-33,-61
-33,-27
-32,-61
-31,-65
-31,-64
-31,-63
-31,-62
-31,-61
-31,-29
-31,-27
-31,-4;-31,-3
-30,-108;-30,-107;-29,-108;-29,-107
-30,-62;-29,-62;-28,-62;-27,-62;-26,-62;-25,-62;-24,-62;-23,-62;-30,-63;-29,-63;-28,-63;-27,-63;-26,-63;-25,-63;-24,-63;-23,-63;-30,-64;-29,-64;-28,-64;-27,-64;-26,-64;-25,-64;-24,-64;-23,-64;-30,-65;-29,-65;-28,-65;-27,-65;-26,-65;-25,-65;-24,-65;-23,-65;-30,-66;-29,-66;-28,-66;-27,-66;-26,-66;-25,-66;-24,-66;-23,-66
-30,-61
-30,-4
-30,-3
-30,141;-29,141;-30,142;-29,142
-29,-61
-29,-27
-29,42
-29,43
-29,48;-29,49
-29,80;-29,81;-29,82;-29,83;-29,84;-29,85;-28,80;-28,81;-28,82;-28,83;-28,84;-28,85;-27,80;-27,81;-27,82;-27,83;-27,84;-27,85;-26,80;-26,81;-26,82;-26,83;-26,84;-26,85;-25,80;-25,81;-25,82;-25,83;-25,84;-25,85;-24,80;-24,81;-24,82;-24,83;-24,84;-24,85
-28,-61
-28,-60;-28,-59;-28,-58;-28,-57;-28,-56;-28,-55;-27,-60;-27,-59;-27,-58;-27,-57;-27,-56;-27,-55;-26,-60;-26,-59;-26,-58;-26,-57;-26,-56;-26,-55;-25,-60;-25,-59;-25,-58;-25,-57;-25,-56;-25,-55;-24,-60;-24,-59;-24,-58;-24,-57;-24,-56;-24,-55
-27,-61
-27,-49;-27,-48;-27,-47
-27,-22
-26,-61
-26,88;-26,89;-26,90;-26,91;-26,92;-25,88;-25,89;-25,90;-25,91;-25,92;-24,88;-24,89;-24,90;-24,91;-24,92;-23,88;-23,89;-23,90;-23,91;-23,92
-26,140;-25,140
-25,-61
-25,-42
-25,-8;-24,-8;-25,-9;-24,-9
-25,7
-25,26;-25,27;-25,28
-24,-61
-24,-10
-23,-61
-23,-40
-22,-100
-22,22
-22,28
-17,-110;-17,-111;-17,-112;-17,-113;-17,-114;-17,-115;-18,-110;-18,-111;-18,-112;-18,-113;-18,-114;-18,-115;-19,-110;-19,-111;-19,-112;-19,-113;-19,-114;-19,-115;-20,-110;-20,-111;-20,-112;-20,-113;-20,-114;-20,-115;-21,-110;-21,-111;-21,-112;-21,-113;-21,-114;-21,-115
-17,-41
-17,-42
-17,-43
-17,-44
-17,-45
-17,-46
-18,-41
-18,-42
-18,-43
-18,-44
-18,-45
-18,-46
-19,-41
-19,-42
-19,-43
-19,-44
-19,-45
-19,-46
-20,-41
-20,-42
-20,-43
-20,-44
-20,-45
-20,-46
-21,-41
-21,-42
-21,-43
-21,-44
-21,-45
-21,-46
-21,148
-20,-30
-20,26;-19,26;-20,27;-19,27
-20,147;-20,146
-19,-150
-18,-23
-18,52
-18,53
-18,54
-18,55
-18,56
-18,57
-18,58
-17,52
-17,53
-17,54
-17,55
-17,56;-17,57;-17,58;-17,59;-17,60;-17,61;-17,62;-17,63;-17,64;-17,65;-17,66;-17,67;-16,56;-16,57;-16,58;-16,59;-16,60;-16,61;-16,62;-16,63;-16,64;-16,65;-16,66;-16,67;-15,56;-15,57;-15,58;-15,59;-15,60;-15,61;-15,62;-15,63;-15,64;-15,65;-15,66;-15,67;-14,52;-14,53;-14,54;-14,55;-14,56;-14,57;-14,58;-14,59;-14,60;-14,61;-14,62;-14,63;-14,64;-14,65;-14,66;-14,67;-13,52;-13,53;-13,54;-13,55;-13,56;-13,57;-13,58;-13,59;-13,60;-13,61;-13,62;-13,63;-13,64;-13,65;-13,66;-13,67;-12,52;-12,53;-12,54;-12,55;-12,56;-12,57;-12,58;-12,59;-12,60;-12,61;-12,62;-12,63;-12,64;-12,65;-12,66;-12,67;-11,52;-11,53;-11,54;-11,55;-11,56;-11,57;-11,58;-11,59;-11,60;-11,61;-11,62;-11,63;-11,64;-11,65;-11,66;-11,67;-10,52;-10,53;-10,54;-10,55;-10,56;-10,57;-10,58;-10,59;-10,60;-10,61;-10,62;-10,63;-10,64;-10,65;-10,66;-10,67;-9,52;-9,53;-9,54;-9,55;-9,56;-9,57;-9,58;-9,59;-9,60;-9,61;-9,62;-9,63;-9,64;-9,65;-9,66;-9,67;-8,52;-8,53;-8,54;-8,55;-8,56;-8,57;-8,58;-8,59;-8,60;-8,61;-8,62;-8,63;-8,64;-8,65;-8,66;-8,67;-7,52;-7,53;-7,54;-7,55;-7,56;-7,57;-7,58;-7,59;-7,60;-7,61;-7,62;-7,63;-7,64;-7,65;-7,66;-7,67;-6,52;-6,53;-6,54;-6,55;-6,56;-6,57;-6,58;-6,59;-6,60;-6,61;-6,62;-6,63;-6,64;-6,65;-6,66;-6,67;-5,52;-5,53;-5,54;-5,55;-5,56;-5,57;-5,58;-5,59;-5,60;-5,61;-5,62;-5,63;-5,64;-5,65;-5,66;-5,67;-4,52;-4,53;-4,54;-4,55;-4,56;-4,57;-4,58;-4,59;-4,60;-4,61;-4,62;-4,63;-4,64;-4,65;-4,66;-4,67;-3,52;-3,53;-3,54;-3,55;-3,56;-3,57;-3,58;-3,59;-3,60;-3,61;-3,62;-3,63;-3,64;-3,65;-3,66;-3,67;-2,52;-2,53;-2,54;-2,55;-2,56;-2,57;-2,58;-2,59;-2,60;-2,61;-2,62;-2,63;-2,64;-2,65;-2,66;-2,67;-1,52;-1,53;-1,54;-1,55;-1,56;-1,57;-1,58;-1,59;-1,60;-1,61;-1,62;-1,63;-1,64;-1,65;-1,66;-1,67
-16,52
-16,53
-16,54
-16,55
-15,52
-15,53
-15,54
-15,55
-18,140;-18,141;-18,142;-17,140;-17,141;-17,142;-16,140;-16,141;-16,142
-17,-39
-17,-38
-17,-37
-17,-36
-17,-35
-17,-34
-16,-39
-16,-38
-16,-37
-16,-36
-16,-35
-16,-34
-15,-39
-15,-38
-15,-37
-15,-36
-15,-35
-15,-34
-14,-39
-14,-38
-14,-37
-14,-36
-14,-35
-14,-34
-13,-39
-13,-38
-13,-37
-13,-36
-13,-35
-13,-34
-15,-115
-15,-60
-12,19;-12,18;-11,19;-11,18;-10,19;-10,18;-9,19;-9,18;-8,19;-8,18;-7,19;-7,18;-8,17;-7,17;-8,16;-7,16;-8,15;-7,15;-8,14;-7,14;-8,13;-7,13;-8,12;-7,12
-11,-133;-11,-132
-9,-128
-9,-9;-9,-8;-9,-7;-9,-6;-9,-5;-9,-4;-9,-3;-9,-2;-9,-1;-9,0;-9,1;-9,2;-9,3;-9,4;-9,5;-9,6;-9,7;-9,8;-9,9;-8,-9;-8,-8;-8,-7;-8,-6;-8,-5;-8,-4;-8,-3;-8,-2;-8,-1;-8,0;-8,1;-8,2;-8,3;-8,4;-8,5;-8,6;-8,7;-8,8;-8,9;-7,-9;-7,-8;-7,-7;-7,-6;-7,-5;-7,-4;-7,-3;-7,-2;-7,-1;-7,0;-7,1;-7,2;-7,3;-7,4;-7,5;-7,6;-7,7;-7,8;-7,9;-6,-9;-6,-8;-6,-7;-6,-6;-6,-5;-6,-4;-6,-3;-6,-2;-6,-1;-6,0;-6,1;-6,2;-6,3;-6,4;-6,5;-6,6;-6,7;-6,8;-6,9;-5,-9;-5,-8;-5,-7;-5,-6;-5,-5;-5,-4;-5,-3;-5,-2;-5,-1;-5,0;-5,1;-5,2;-5,3;-5,4;-5,5;-5,6;-5,7;-5,8;-5,9;-4,-9;-4,-8;-4,-7;-4,-6;-4,-5;-4,-4;-4,-3;-4,-2;-4,-1;-4,0;-4,1;-4,2;-4,3;-4,4;-4,5;-4,6;-4,7;-4,8;-4,9;-3,-9;-3,-8;-3,-7;-3,-6;-3,-5;-3,-4;-3,-3;-3,-2;-3,-1;-3,0;-3,1;-3,2;-3,3;-3,4;-3,5;-3,6;-3,7;-3,8;-3,9;-2,-9;-2,-8;-2,-7;-2,-6;-2,-5;-2,-4;-2,-3;-2,-2;-2,-1;-2,0;-2,1;-2,2;-2,3;-2,4;-2,5;-2,6;-2,7;-2,8;-2,9;-1,-9;-1,-8;-1,-7;-1,-6;-1,-5;-1,-4;-1,-3;-1,-2;-1,-1;-1,0;-1,1;-1,2;-1,3;-1,4;-1,5;-1,6;-1,7;-1,8;-1,9;0,-9;0,-8;0,-7;0,-6;0,-5;0,-4;0,-3;0,-2;0,-1;0,0;0,1;0,2;0,3;0,4;0,5;0,6;0,7;0,8;0,9;1,-9;1,-8;1,-7;1,-6;1,-5;1,-4;1,-3;1,-2;1,-1;1,0;1,1;1,2;1,3;1,4;1,5;1,6;1,7;1,8;1,9;2,-9;2,-8;2,-7;2,-6;2,-5;2,-4;2,-3;2,-2;2,-1;2,0;2,1;2,2;2,3;2,4;2,5;2,6;2,7;2,8;2,9;3,-9;3,-8;3,-7;3,-6;3,-5;3,-4;3,-3;3,-2;3,-1;3,0;3,1;3,2;3,3;3,4;3,5;3,6;3,7;3,8;3,9;4,-9;4,-8;4,-7;4,-6;4,-5;4,-4;4,-3;4,-2;4,-1;4,0;4,1;4,2;4,3;4,4;4,5;4,6;4,7;4,8;4,9;5,-9;5,-8;5,-7;5,-6;5,-5;5,-4;5,-3;5,-2;5,-1;5,0;5,1;5,2;5,3;5,4;5,5;5,6;5,7;5,8;5,9;6,-9;6,-8;6,-7;6,-6;6,-5;6,-4;6,-3;6,-2;6,-1;6,0;6,1;6,2;6,3;6,4;6,5;6,6;6,7;6,8;6,9;7,-9;7,-8;7,-7;7,-6;7,-5;7,-4;7,-3;7,-2;7,-1;7,0;7,1;7,2;7,3;7,4;7,5;7,6;7,7;7,8;7,9;8,-9;8,-8;8,-7;8,-6;8,-5;8,-4;8,-3;8,-2;8,-1;8,0;8,1;8,2;8,3;8,4;8,5;8,6;8,7;8,8;8,9;9,-9;9,-8;9,-7;9,-6;9,-5;9,-4;9,-3;9,-2;9,-1;9,0;9,1;9,2;9,3;9,4;9,5;9,6;9,7;9,8;9,9;10,-9;10,-8;10,-7;10,-6;10,-5;10,-4;10,-3;10,-2;10,-1;10,0;10,1;10,2;10,3;10,4;10,5;10,6;10,7;10,8;10,9
-8,-42
-5,-128;-5,-127;-4,-128;-4,-127
-5,44;-5,45;-4,44;-4,45;-3,44;-3,45;-2,44;-2,45;-1,44;-1,45
-5,46
-4,46
-2,46
-5,47
-5,49
-4,-37
-4,-34;-3,-34;-4,-35;-3,-35;-2,-34;-2,-35;-1,-35;-1,-34
-3,-105
-1,120;-1,121;-1,122;0,120;0,121;0,122
2,-123
2,-54;3,-54
2,-25
2,16;3,16;4,16;5,16;2,17;3,17;4,17;5,17;2,18;3,18;4,18;5,18
4,-21
5,118
6,137;6,136;6,135;7,137;7,136;7,135
7,-36;7,-35;7,-34;7,-33;8,-36;8,-35;8,-34;8,-33;9,-36;9,-35;9,-34;9,-33;10,-36;10,-35;10,-34;10,-33
8,-142
9,-18
10,-48
11,-120
11,137
13,7
13,11
15,-117;16,-117;17,-117
15,-110
15,-100
15,55;15,56;16,55;16,56
16,9
18,-66;18,-65;17,-66;17,-65
19,-83
19,-10;19,-9;19,-8;20,-10;20,-9;20,-8
19,-1;20,-1
19,105;19,106;19,107;19,108;19,109;19,110;20,105;20,106;20,107;20,108;20,109;20,110;21,105;21,106;21,107;21,108;21,109;21,110;22,105;22,106;22,107;22,108;22,109;22,110;23,105;23,106;23,107;23,108;23,109;23,110;24,105;24,106;24,107;24,108;24,109;24,110;25,105;25,106;25,108;25,107;25,109;25,110
20,-35;20,-34
20,-33
21,5;22,5;23,5;24,5;25,5;26,5;27,5;28,5;29,5;21,6;22,6;23,6;24,6;25,6;26,6;27,6;28,6;29,6
21,9
21,129
22,-118;23,-118
22,-47;22,-46
22,4
23,-142;23,-143;24,-142;24,-143
23,-123;24,-123
23,-20
23,85;23,84;23,83;24,85;24,84;24,83;25,85;25,84;25,83;26,85;26,84;26,83;27,85;27,84;27,83
23,142;23,143;24,142;24,143
26,-118;27,-118;28,-118;29,-118;29,-119
26,8;26,9;27,8;27,9
26,111;26,112;26,113;26,114;26,115;26,116;26,117;26,118;27,111;27,112;27,113;27,114;27,115;27,116;27,117;27,118;28,111;28,112;28,113;28,114;28,115;28,116;28,117;28,118;29,111;29,112;29,113;29,114;29,115;29,116;29,117;29,118;30,111;30,112;30,113;30,114;30,115;30,116;30,117;30,118;31,111;31,112;31,113;31,114;31,115;31,116;31,117;31,118;32,111;32,112;32,113;32,114;32,115;32,116;32,117;32,118;33,111;33,112;33,113;33,114;33,115;33,116;33,117;33,118
28,-45
28,4
28,11;28,12;29,11;29,12
29,-55;29,-56;30,-55;30,-56
29,-10;29,-9;30,-10;30,-9
31,90
32,10
32,90;32,91;32,92;33,90;33,91;33,92;34,90;34,91;34,92
33,10
34,22
35,10;36,10
35,85
35,90
36,-134
36,-133
36,-132
36,-131
37,-134
37,-133
37,-132
37,-131
38,-134
38,-133
38,-132
38,-131
39,-134
39,-133
39,-132
39,-131
40,-134
40,-133
40,-132
40,-131
41,-134
41,-133
41,-132
41,-131
36,93
36,94;36,95;37,94;37,95;38,94;38,95
37,102;36,102
37,-114
37,93
38,72;39,72
38,93
38,103
39,-116
40,-130
40,36;40,37;40,38;40,39;40,40;40,41;40,42;40,43;40,44;41,36;41,37;41,38;41,39;41,40;41,41;41,42;41,43;41,44;42,36;42,37;42,38;42,39;42,40;42,41;42,42;42,43;43,36;43,37;43,38;43,39;43,40;43,41;43,42;43,43
40,47;40,48;40,49;41,47;41,48;41,49;42,47;42,48;42,49;43,47;43,48;43,49
41,-145
41,-118
42,-148
42,-147
42,-146
42,-145
42,-144
43,-148
43,-147
43,-146
43,-145
43,-144
44,-148
44,-147
44,-146
44,-145
44,-144
45,-148
45,-147
45,-146
45,-145
45,-144
46,-148
46,-147
46,-146
46,-145
46,-144
42,-55
43,-42
43,-2;44,-2;43,-3;44,-3
44,-46
45,-46
44,-45;45,-45;44,-44;44,-43;45,-44;45,-43;46,-45;46,-44;46,-43
46,-142
46,-141
46,-140
47,-142
47,-141
47,-140
48,-142
48,-141
48,-140
46,-122
46,-112
46,129
48,-146
48,-147
48,-148
47,-146
47,-147
47,-148
47,-145
47,-112
47,-46;48,-46;49,-46;47,-45;48,-45;49,-45;47,-44;48,-44;49,-44;47,-43;48,-43;49,-43
48,-143
48,-112
48,140;48,141
51,-130
51,-121;51,-120;52,-121;52,-120
54,90;54,89;54,88;54,87;53,90;53,89;53,88;53,87;52,90;52,89;52,88;52,87;51,90;51,89;51,88;51,87
52,26;52,27;53,26;53,27;54,26;54,27;55,26;55,27
53,-142
55,-140
57,78;57,77;58,77;58,78;59,77;59,78
57,136;58,136;59,136;57,137;58,137;59,137
59,-21;59,-22;60,-21;60,-22
60,-75;61,-75;60,-74;61,-74
64,-127;64,-126;65,-127;65,-126
66,-48
66,-11;66,-10;66,-9;67,-11;67,-10;67,-9
66,-8
67,-8
68,-11
68,-10
68,-9
68,-8
69,-11
69,-10
69,-9
66,-1;66,-2;67,-1;67,-2
67,-29
68,-4;69,-4
69,-148
69,-147
70,-147
70,32
74,-144
75,-104
75,-103
76,-104
76,-103
76,-106;76,-105
78,-105
79,-37
80,-138
81,-138
82,-30
84,-32;84,-31
85,-146
85,-32;86,-32
85,48;85,54;86,54;85,53;86,53;85,52;86,52;85,51;86,51;85,50;86,50;85,49;86,49;86,48;87,51;87,52;88,51;88,52;89,51;89,52;90,51;90,52;87,48;87,49;87,50;88,48;88,49;88,50;89,48;89,49;89,50;90,48;90,49;90,50;85,46;85,47;86,47;86,46
85,55;86,56;87,56;88,56;89,56;90,56;91,56;92,56;93,56;94,56;85,56;86,55;87,55;88,55;89,55;90,55;91,55;92,55;93,55;94,55;87,53;88,54;89,54;90,54;91,54;92,54;93,54;94,54;87,54;88,53;89,53;90,53;91,53;92,53;93,53;94,53
86,-33
87,-110
91,48;91,52;91,51;91,50;91,49;92,52;92,51;92,50;92,49;92,48;93,52;93,51;93,50;93,49;93,48;94,52;94,51;94,50;94,49;94,48;87,46;87,47;88,46;88,47;89,46;89,47;90,46;90,47;91,46;91,47;92,46;92,47;93,46;93,47;94,46;94,47
88,-110
94,-32;94,-31;94,-30;94,-29;94,-28;95,-32;95,-31;95,-30;95,-29;95,-28;96,-32;96,-31;96,-30;96,-29;96,-28;97,-32;97,-31;97,-30;97,-29;97,-28;98,-32;98,-31;98,-30;98,-29;98,-28;99,-32;99,-31;99,-30;99,-29;99,-28
95,86;95,87;95,88;96,86;96,87;96,88;97,86;97,87;97,88
96,-111;96,-110;96,-109;96,-108;96,-107;96,-106;97,-111;97,-110;97,-109;97,-108;97,-107;97,-106;98,-111;98,-110;98,-109;98,-108;98,-107;98,-106;99,-111;99,-110;99,-109;99,-108;99,-107;99,-106;100,-111;100,-110;100,-109;100,-108;100,-107;100,-106
96,-105;96,-104;96,-103;96,-102;96,-101;96,-100;97,-105;97,-104;97,-103;97,-102;97,-101;97,-100;98,-105;98,-104;98,-103;98,-102;98,-101;98,-100;99,-105;99,-104;99,-103;99,-102;99,-101;99,-100;100,-105;100,-104;100,-103;100,-102;100,-101;100,-100
99,-146
99,-131;99,-130;100,-131;100,-130
100,77;100,78;100,79;100,80;100,81;101,77;101,78;101,79;101,80;101,81;102,77;102,78;102,79;102,80;102,81;103,77;103,78;103,79;103,80;103,81;104,77;104,78;104,79;104,80;104,81;105,77;105,78;105,79;105,80;105,81;106,77;106,78;106,79;106,80;106,81;107,79;107,78;107,77;101,76;102,76;103,76;104,76;105,76;106,76;103,75;104,75;100,82;101,82;102,82;103,82;104,82
100,83;100,84;100,85;100,86;101,83;101,84;101,85;101,86;102,83;102,84;102,85;102,86;103,83;103,84;103,85;103,86
101,-115;101,-114;102,-115;102,-114
101,-113
101,-101
102,-25
102,-23
102,-22
103,-21
105,-21;105,-20;105,-19;105,-18;106,-21;106,-20;106,-19;106,-18;107,-21;107,-20;107,-19;107,-18;108,-21;108,-20;108,-19;108,-18
107,-100
108,-120
108,-103
108,-102
109,-12
116,-12;116,-11
117,-8;118,-8
117,55
118,-123;118,-122;119,-123;119,-122
119,-12;120,-12;119,-11;120,-11
122,-12;122,-11;122,-10;123,-12;123,-11;123,-10;124,-12;124,-11;124,-10;125,-12;125,-11;125,-10;126,-12;126,-11;126,-10;127,-12;127,-11;127,-10;128,-12;128,-11;128,-10;129,-12;129,-11;129,-10
123,-118
124,77;125,77
126,44;126,45;126,46;126,47;126,48;126,49;126,50;127,44;127,45;127,46;127,47;127,48;127,49;127,50;128,44;128,45;128,46;128,47;128,48;128,49;128,50;129,44;129,45;129,46;129,47;129,48;129,49;129,50;130,44;130,45;130,46;130,47;130,48;130,49;130,50;131,44;131,45;131,46;131,47;131,48;131,49;131,50;132,44;132,45;132,46;132,47;132,48;132,49;132,50
129,-9
129,130;129,131;129,132;129,133;130,130;130,131;130,132;130,133;131,130;131,131;131,132;131,133;132,130;132,131;132,132;132,133
130,-125;130,-124;131,-125;131,-124
130,40
131,-140;131,-139;132,-140;132,-139
131,-131
133,-5
134,37
139,-118;139,-117;139,-116;140,-118;140,-117;140,-116;141,-118;141,-117;141,-116
139,-74;139,-73;140,-74;140,-73
139,-42
140,-4;140,-5;140,-6;140,-7;140,-8;140,-9;140,-10;140,-11;141,-4;141,-5;141,-6;141,-7;141,-8;141,-9;141,-10;141,-11;142,-2;142,-3;142,-4;142,-5;142,-6;142,-7;142,-8;142,-9;142,-10;142,-11;143,-2;143,-3;143,-4;143,-5;143,-6;143,-7;143,-8;143,-9;143,-10;143,-11;144,-2;144,-3;144,-4;144,-5;144,-6;144,-7;144,-8;144,-9;144,-10;144,-11;145,-2;145,-3;145,-4;145,-5;145,-6;145,-7;145,-8;145,-9;145,-10;145,-11;146,-2;146,-3;146,-4;146,-5;146,-6;146,-7;146,-8;146,-9;146,-10;146,-11;147,-2;147,-3;147,-4;147,-5;147,-6;147,-7;147,-8;147,-9;147,-10;147,-11;148,-2;148,-3;148,-4;148,-5;148,-6;148,-7;148,-8;148,-9;148,-10;148,-11;149,-2;149,-3;149,-4;149,-5;149,-6;149,-7;149,-8;149,-9;149,-10;149,-11;141,-2;141,-3;140,-2;140,-3
140,30
140,46
142,-146;143,-146;142,-145;143,-145;142,-144;143,-144
144,-34;144,-35
145,-37;146,-37;147,-37;148,-37
149,-41