-149,-126
-149,12
-148,-137;-148,-136;-148,-135;-148,-134;-148,-133;-147,-137;-147,-136;-147,-135;-147,-134;-147,-133;-146,-137;-146,-136;-146,-135;-146,-134;-146,-133;-145,-137;-145,-136;-145,-135;-145,-134;-145,-133;-144,-137;-144,-136;-144,-135;-144,-134;-144,-133;-143,-137;-143,-136;-143,-135;-143,-134;-143,-133;-142,-137;-142,-136;-142,-135;-142,-134;-142,-133;-141,-137;-141,-136;-141,-135;-141,-134;-141,-133;-140,-137;-140,-136;-140,-135;-140,-134;-140,-133
-148,122
-125,-68
-120,-69
-112,-41
-109,-32
-107,-94
-103,-97;-102,-97
-95,36;-95,35;-95,34;-96,36;-96,35;-96,34;-97,36;-97,35;-97,34
-96,40;-96,39;-96,38;-96,37;-97,40;-97,39;-97,38;-97,37;-98,40;-98,39;-98,38;-98,37;-98,36;-98,35;-98,34;-99,40;-99,39;-99,38;-99,37;-99,36;-99,35;-99,34;-100,40;-100,39;-100,38;-100,37;-101,40;-101,39;-101,38;-101,37
-75,-150;-75,-149;-74,-150;-74,-149
-73,-150;-73,-149;-72,-150;-72,-149
-71,-150;-71,-149;-70,-150;-70,-149
-64,-68;-64,-69;-64,-70;-64,-71;-63,-68;-63,-69;-63,-70;-63,-71;-62,-68;-62,-69;-62,-70;-62,-71;-61,-68;-61,-69;-61,-70;-61,-71;-60,-68;-60,-69;-60,-70;-60,-71;-59,-68;-59,-69;-59,-70;-59,-71
-70,-13;-70,-12;-69,-13;-69,-12
-70,141
-69,-150;-69,-149;-68,-150;-68,-149
-54,88
-49,69;-49,70;-49,71;-49,72;-48,69;-48,70;-48,71;-48,72;-47,69;-47,70;-47,71;-47,72;-46,69;-46,70;-46,71;-46,72;-45,69;-45,70;-45,71;-45,72;-44,69;-44,70;-44,71;-44,72
-40,-59
-32,140;-31,140
-29,80;-29,81;-29,82;-29,83;-29,84;-29,85;-28,80;-28,81;-28,82;-28,83;-28,84;-28,85;-27,80;-27,81;-27,82;-27,83;-27,84;-27,85;-26,80;-26,81;-26,82;-26,83;-26,84;-26,85;-25,80;-25,81;-25,82;-25,83;-25,84;-25,85;-24,80;-24,81;-24,82;-24,83;-24,84;-24,85
-12,-114;-12,-113
-11,-114
-9,-91;-9,-90;-9,-89;-9,-88;-9,-87;-9,-86;-9,-85;-9,-84;-9,-83;-9,-82;-9,-81;-9,-80;-9,-79;-9,-78;-9,-77;-9,-76;-9,-75;-9,-74;-9,-73;-9,-72;-8,-91;-8,-90;-8,-89;-8,-88;-8,-87;-8,-86;-8,-85;-8,-84;-8,-83;-8,-82;-8,-81;-8,-80;-8,-79;-8,-78;-8,-77;-8,-76;-8,-75;-8,-74;-8,-73;-8,-72;-7,-91;-7,-90;-7,-89;-7,-88;-7,-87;-7,-86;-7,-85;-7,-84;-7,-83;-7,-82;-7,-81;-7,-80;-7,-79;-7,-78;-7,-77;-7,-76;-7,-75;-7,-74;-7,-73;-7,-72;-6,-91;-6,-90;-6,-89;-6,-88;-6,-87;-6,-86;-6,-85;-6,-84;-6,-83;-6,-82;-6,-81;-6,-80;-6,-79;-6,-78;-6,-77;-6,-76;-6,-75;-6,-74;-6,-73;-6,-72;-5,-91;-5,-90;-5,-89;-5,-88;-5,-87;-5,-86;-5,-85;-5,-84;-5,-83;-5,-82;-5,-81;-5,-80;-5,-79;-5,-78;-5,-77;-5,-76;-5,-75;-5,-74;-5,-73;-5,-72;-4,-91;-4,-90;-4,-89;-4,-88;-4,-87;-4,-86;-4,-85;-4,-84;-4,-83;-4,-82;-4,-81;-4,-80;-4,-79;-4,-78;-4,-77;-4,-76;-4,-75;-4,-74;-4,-73;-4,-72;-3,-91;-3,-90;-3,-89;-3,-88;-3,-87;-3,-86;-3,-85;-3,-84;-3,-83;-3,-82;-3,-81;-3,-80;-3,-79;-3,-78;-3,-77;-3,-76;-3,-75;-3,-74;-3,-73;-3,-72;-2,-91;-2,-90;-2,-89;-2,-88;-2,-87;-2,-86;-2,-85;-2,-84;-2,-83;-2,-82;-2,-81;-2,-80;-2,-79;-2,-78;-2,-77;-2,-76;-2,-75;-2,-74;-2,-73;-2,-72;-1,-91;-1,-90;-1,-89;-1,-88;-1,-87;-1,-86;-1,-85;-1,-84;-1,-83;-1,-82;-1,-81;-1,-80;-1,-79;-1,-78;-1,-77;-1,-76;-1,-75;-1,-74;-1,-73;-1,-72;0,-91;0,-90;0,-89;0,-88;0,-87;0,-86;0,-85;0,-84;0,-83;0,-82;0,-81;0,-80;0,-79;0,-78;0,-77;0,-76;0,-75;0,-74;0,-73;0,-72;1,-91;1,-90;1,-89;1,-88;1,-87;1,-86;1,-85;1,-84;1,-83;1,-82;1,-81;1,-80;1,-79;1,-78;1,-77;1,-76;1,-75;1,-74;1,-73;1,-72;2,-91;2,-90;2,-89;2,-88;2,-87;2,-86;2,-85;2,-84;2,-83;2,-82;2,-81;2,-80;2,-79;2,-78;2,-77;2,-76;2,-75;2,-74;2,-73;2,-72;3,-91;3,-90;3,-89;3,-88;3,-87;3,-86;3,-85;3,-84;3,-83;3,-82;3,-81;3,-80;3,-79;3,-78;3,-77;3,-76;3,-75;3,-74;3,-73;3,-72;4,-91;4,-90;4,-89;4,-88;4,-87;4,-86;4,-85;4,-84;4,-83;4,-82;4,-81;4,-80;4,-79;4,-78;4,-77;4,-76;4,-75;4,-74;4,-73;4,-72;5,-91;5,-90;5,-89;5,-88;5,-87;5,-86;5,-85;5,-84;5,-83;5,-82;5,-81;5,-80;5,-79;5,-78;5,-77;5,-76;5,-75;5,-74;5,-73;5,-72;6,-91;6,-90;6,-89;6,-88;6,-87;6,-86;6,-85;6,-84;6,-83;6,-82;6,-81;6,-80;6,-79;6,-78;6,-77;6,-76;6,-75;6,-74;6,-73;6,-72;7,-91;7,-90;7,-89;7,-88;7,-87;7,-86;7,-85;7,-84;7,-83;7,-82;7,-81;7,-80;7,-79;7,-78;7,-77;7,-76;7,-75;7,-74;7,-73;7,-72;8,-91;8,-90;8,-89;8,-88;8,-87;8,-86;8,-85;8,-84;8,-83;8,-82;8,-81;8,-80;8,-79;8,-78;8,-77;8,-76;8,-75;8,-74;8,-73;8,-72;9,-91;9,-90;9,-89;9,-88;9,-87;9,-86;9,-85;9,-84;9,-83;9,-82;9,-81;9,-80;9,-79;9,-78;9,-77;9,-76;9,-75;9,-74;9,-73;9,-72;10,-91;10,-90;10,-89;10,-88;10,-87;10,-86;10,-85;10,-84;10,-83;10,-82;10,-81;10,-80;10,-79;10,-78;10,-77;10,-76;10,-75;10,-74;10,-73;10,-72
-4,-34;-3,-34;-4,-35;-3,-35;-2,-34;-2,-35;-1,-35;-1,-34
-3,132;-3,133;-3,134;-2,132;-2,133;-2,134;-1,132;-1,133;-1,134
-2,-66;-2,-65;-1,-66;-1,-65
1,112;1,113;1,114;1,115;1,116;2,112;2,113;2,114;2,115;2,116;3,112;3,113;3,114;3,115;3,116;4,112;4,113;4,114;4,115;4,116;5,112;5,113;5,114;5,115;5,116;6,112;6,113;6,114;6,115;6,116;7,112;7,113;7,114;7,115;7,116;8,112;8,113;8,114;8,115;8,116;9,112;9,113;9,114;9,115;9,116
4,106;4,107;4,108;4,109;4,110;4,111;5,105;5,106;5,107;5,108;5,109;5,110;5,111;6,105;6,106;6,107;6,108;6,109;6,110;6,111;7,105;7,106;7,107;7,108;7,109;7,110;7,111
5,100;5,101;5,102;5,103;5,104;6,100;6,101;6,102;6,103;6,104;7,100;7,101;7,102;7,103;7,104;8,100;8,101;8,102;8,103;8,104;9,100;9,101;9,102;9,103;9,104;10,100;10,101;10,102;10,103;10,104;11,100;11,101;11,102;11,103;11,104
5,117;5,118;6,117;6,118
6,99
7,-16
7,97;7,98;7,99;8,97;8,98;8,99;9,97;9,98;9,99;10,97;10,98;10,99;11,97;11,98;11,99
11,95;11,96
12,95;12,96;12,97
14,100;14,101;14,102;14,103;14,104;15,100;15,101;15,102;15,103;15,104;16,100;16,101;16,102;16,103;16,104;17,100;17,101;17,102;17,103;17,104;18,101;18,102;18,103;18,104
18,111;18,112;18,113;18,114;18,115;18,116;18,117;18,118;19,111;19,112;19,113;19,114;19,115;19,116;19,117;19,118;19,119;20,111;20,112;20,113;20,114;20,115;20,116;20,117;20,118;20,119;21,111;21,112;21,113;21,114;21,115;21,116;21,117;21,118;21,119;22,111;22,112;22,113;22,114;22,115;22,116;22,117;22,118;22,119;23,111;23,112;23,113;23,114;23,115;23,116;23,117;23,118;23,119;24,111;24,112;24,113;24,114;24,115;24,116;24,117;24,118;24,119;25,113;25,114;25,115;25,116;25,117;25,118;25,119
19,105;19,106;19,107;19,108;19,109;19,110;20,105;20,106;20,107;20,108;20,109;20,110;21,105;21,106;21,107;21,108;21,109;21,110;22,105;22,106;22,107;22,108;22,109;22,110;23,105;23,106;23,107;23,108;23,109;23,110;24,105;24,106;24,107;24,108;24,109;24,110;25,105;25,106;25,108;25,107;25,109;25,110
22,-118;23,-118
23,74
25,95;25,96;25,97;25,98;26,95;26,96;26,97;26,98;27,95;27,96;27,97;27,98;28,95;28,96;28,97;28,98
25,99;25,100;25,101;26,99;26,100;26,101;27,99;27,100;27,101;28,99;28,100;28,101
25,102;25,103;25,104;26,102;26,103;26,104;27,102;27,103;27,104;28,102;28,103;28,104
25,111;25,112
27,24
29,95;29,96;29,97;29,98;29,99;30,95;30,96;30,97;30,98;30,99;31,95;31,96;31,97;31,98;31,99;32,95;32,96;32,97;32,98;32,99;33,95;33,96;33,97;33,98;33,99
29,100;29,101;29,102;29,103;29,104;30,100;30,101;30,102;30,103;30,104;31,100;31,101;31,102;31,103;31,104;32,100;32,101;32,102;32,103;32,104;33,100;33,101;33,102;33,103;33,104
35,10;36,10
37,-115;37,-114
52,-71
52,-70
52,-69
52,-68
52,-67
52,-66
52,-65
52,-64
52,-63
52,-62
52,-61
52,-60
52,-59
52,-58
52,-57
52,-56
52,-55
52,-54
52,-53
52,-52
53,-71
53,-70
53,-69
53,-68
53,-67
53,-66
53,-65
53,-64
53,-63
53,-62
53,-61
53,-60
53,-59
53,-58
53,-57
53,-56
53,-55
53,-54
53,-53
53,-52
54,-71
54,-70
54,-69
54,-68
54,-67
54,-66
54,-65
54,-64
54,-63
54,-62
54,-61
54,-60
54,-59
54,-58
54,-57
54,-56
54,-55
54,-54
54,-53
54,-52
55,-71
55,-70
55,-69
55,-68
55,-67
55,-66
55,-65
55,-64
55,-63
55,-62
55,-61
55,-60
55,-59
55,-58
55,-57
55,-56
55,-55
55,-54
55,-53
55,-52
56,-71
56,-70
56,-69
56,-68
56,-67
56,-66
56,-65
56,-64
56,-63
56,-62
56,-61
56,-60
56,-59
56,-58
56,-57
56,-56
56,-55
56,-54
56,-53
56,-52
57,-71
57,-70
57,-69
57,-68
57,-67
57,-66
57,-65
57,-64
57,-63
57,-62
57,-61
57,-60
57,-59
57,-58
57,-57
57,-56
57,-55
57,-54
57,-53
57,-52
58,-71
58,-70
58,-69
58,-68
58,-67
58,-66
58,-65
58,-64
58,-63
58,-62
58,-61
58,-60
58,-59
58,-58
58,-57
58,-56
58,-55
58,-54
58,-53
58,-52
59,-71
59,-70
59,-69
59,-68
59,-67
59,-66
59,-65
59,-64
59,-63
59,-62
59,-61
59,-60
59,-59
59,-58
59,-57
59,-56
59,-55
59,-54
59,-53
59,-52
60,-71
60,-70
60,-69
60,-68
60,-67
60,-66
60,-65
60,-64
60,-63
60,-62
60,-61
60,-60
60,-59
60,-58
60,-57
60,-56
60,-55
60,-54
60,-53
60,-52
61,-71
61,-70
61,-69
61,-68
61,-67
61,-66
61,-65
61,-64
61,-63
61,-62
61,-61
61,-60
61,-59
61,-58
61,-57
61,-56
61,-55
61,-54
61,-53
61,-52
62,-71
62,-70
62,-69
62,-68
62,-67
62,-66
62,-65
62,-64
62,-63
62,-62
62,-61
62,-60
62,-59
62,-58
62,-57
62,-56
62,-55
62,-54
62,-53
62,-52
63,-71
63,-70
63,-69
63,-68
63,-67
63,-66
63,-65
63,-64
63,-63
63,-62
63,-61
63,-60
63,-59
63,-58
63,-57
63,-56
63,-55
63,-54
63,-53
63,-52
64,-71
64,-70
64,-69
64,-68
64,-67
64,-66
64,-65
64,-64
64,-63
64,-62
64,-61
64,-60
64,-59
64,-58
64,-57
64,-56
64,-55
64,-54
64,-53
64,-52
65,-71
65,-70
65,-69
65,-68
65,-67
65,-66
65,-65
65,-64
65,-63
65,-62
65,-61
65,-60
65,-59
65,-58
65,-57
65,-56
65,-55
65,-54
65,-53
65,-52
66,-71
66,-70
66,-69
66,-68
66,-67
66,-66
66,-65
66,-64
66,-63
66,-62
66,-61
66,-60
66,-59
66,-58
66,-57
66,-56
66,-55
66,-54
66,-53
66,-52
67,-71
67,-70
67,-69
67,-68
67,-67
67,-66
67,-65
67,-64
67,-63
67,-62
67,-61
67,-60
67,-59
67,-58
67,-57
67,-56
67,-55
67,-54
67,-53
67,-52
68,-71
68,-70
68,-69
68,-68
68,-67
68,-66
68,-65
68,-64
68,-63
68,-62
68,-61
68,-60
68,-59
68,-58
68,-57
68,-56
68,-55;68,-54;68,-53;69,-55;69,-54;69,-53;70,-55;70,-54;70,-53
68,-52
69,-71
69,-70
69,-69
69,-68
69,-67
69,-66
69,-65
69,-64
69,-63
69,-62
69,-61
69,-60
69,-59
69,-58
69,-57
69,-56
69,-52
70,-71
70,-70
70,-69
70,-68
70,-67
70,-66
70,-65
70,-64
70,-63
70,-62
70,-61
70,-60
70,-59
70,-58
70,-57
70,-56
70,-52
71,-71
71,-70
71,-69
71,-68
71,-67
71,-66
71,-65
71,-64
71,-63
71,-62
71,-61
71,-60
71,-59
71,-58
71,-57
71,-56
71,-55
71,-54
71,-53
71,-52
65,33
78,-105
89,51
89,54;90,54;89,53;90,53
88,-110
95,51
95,55
95,56
96,55
96,56
97,55
97,56
98,55
98,56
96,-132;96,-131;97,-132;97,-131;98,-132;98,-131
96,-115;96,-114;96,-113;97,-116;97,-115;97,-114;97,-113;98,-116;98,-115;98,-114;98,-113;99,-116;99,-115;99,-114;99,-113;100,-116;100,-115;100,-114;100,-113
99,-131;99,-130;100,-131;100,-130
101,-112;101,-111;102,-112;102,-111;103,-112;103,-111
104,52;104,53
104,51
104,41
104,42
105,50
106,51
107,51
116,-26;117,-25;117,-26;117,-27;118,-25;118,-26;118,-27;119,-25;119,-26;119,-27;120,-25;120,-26;120,-27;121,-25;121,-26;121,-27
118,-110;119,-110
119,-12;120,-12;119,-11;120,-11
125,-11
130,-140
130,-127
130,-126
140,-4;140,-5;140,-6;140,-7;140,-8;140,-9;140,-10;140,-11;141,-4;141,-5;141,-6;141,-7;141,-8;141,-9;141,-10;141,-11;142,-2;142,-3;142,-4;142,-5;142,-6;142,-7;142,-8;142,-9;142,-10;142,-11;143,-2;143,-3;143,-4;143,-5;143,-6;143,-7;143,-8;143,-9;143,-10;143,-11;144,-2;144,-3;144,-4;144,-5;144,-6;144,-7;144,-8;144,-9;144,-10;144,-11;145,-2;145,-3;145,-4;145,-5;145,-6;145,-7;145,-8;145,-9;145,-10;145,-11;146,-2;146,-3;146,-4;146,-5;146,-6;146,-7;146,-8;146,-9;146,-10;146,-11;147,-2;147,-3;147,-4;147,-5;147,-6;147,-7;147,-8;147,-9;147,-10;147,-11;148,-2;148,-3;148,-4;148,-5;148,-6;148,-7;148,-8;148,-9;148,-10;148,-11;149,-2;149,-3;149,-4;149,-5;149,-6;149,-7;149,-8;149,-9;149,-10;149,-11;141,-2;141,-3;140,-2;140,-3
142,-146;143,-146;142,-145;143,-145;142,-144;143,-144
143,-100;143,-99;143,-98;143,-97;143,-96;143,-95;144,-100;144,-99;144,-98;144,-97;144,-96;144,-95;145,-100;145,-99;145,-98;145,-97;145,-96;145,-95;146,-100;146,-99;146,-98;146,-97;146,-96;146,-95;147,-100;147,-99;147,-98;147,-97;147,-96;147,-95;148,-100;148,-99;148,-98;148,-97;148,-96;148,-95
145,60;145,61;145,62;145,63;145,64;145,65;146,60;146,61;146,62;146,63;146,64;146,65;147,60;147,61;147,62;147,63;147,64;148,60;147,65;148,61;148,62;148,63;148,64;148,65;149,60;149,61;149,62;149,63;149,64;149,65