-150,72;-149,72;-148,72;-147,72;-146,72;-145,72;-144,72;-143,72;-142,72;-141,72;-140,72;-139,72;-150,71;-149,71;-148,71;-147,71;-146,71;-145,71;-144,71;-143,71;-142,71;-141,71;-140,71;-139,71;-150,70;-149,70;-148,70;-147,70;-146,70;-145,70;-144,70;-143,70;-142,70;-141,70;-140,70;-139,70;-150,69;-149,69;-148,69;-147,69;-146,69;-145,69;-144,69;-143,69;-142,69;-141,69;-140,69;-139,69;-150,68;-149,68;-148,68;-147,68;-146,68;-145,68;-144,68;-143,68;-142,68;-141,68;-140,68;-139,68;-150,67;-149,67;-148,67;-147,67;-146,67;-145,67;-144,67;-143,67;-142,67;-141,67;-140,67;-139,67;-150,66;-149,66;-148,66;-147,66;-146,66;-145,66;-144,66;-143,66;-142,66;-141,66;-140,66;-139,66;-150,65;-149,65;-148,65;-147,65;-146,65;-145,65;-144,65;-143,65;-142,65;-141,65;-140,65;-139,65;-150,64;-149,64;-148,64;-147,64;-146,64;-145,64;-144,64;-143,64;-142,64;-141,64;-140,64;-139,64
-149,12;-148,12
-149,96;-149,97;-149,98;-149,99;-149,100;-149,101;-149,102;-149,103;-149,104;-148,96;-148,97;-148,98;-148,99;-148,100;-148,101;-148,102;-148,103;-148,104;-147,95;-147,96;-147,97;-147,98;-147,99;-147,100;-147,101;-147,102;-147,103;-147,104;-146,95;-146,96;-146,97;-146,98;-146,99;-146,100;-146,101;-146,102;-146,103;-146,104;-145,95;-145,96;-145,97;-145,102;-145,103;-145,104;-144,95;-144,96;-144,97;-144,102;-144,103;-144,104;-143,95;-143,96;-143,97;-143,102;-143,103;-143,104;-142,95;-142,96;-142,97;-142,102;-142,103;-142,104;-141,95;-141,96;-141,97;-141,98;-141,99;-141,100;-141,101;-141,102;-141,103;-141,104;-140,96;-139,100;-139,99;-139,98;-139,97;-140,100;-140,99;-140,98;-140,97;-140,101;-140,102;-140,103;-140,104;-139,96;-139,101;-139,102;-139,103;-139,104
-136,-25;-137,-25;-138,-25;-139,-25;-140,-25;-141,-25;-136,-24;-137,-24;-138,-24;-139,-24;-140,-24;-141,-24;-136,-23;-137,-23;-138,-23;-139,-23;-140,-23;-141,-23;-136,-22;-137,-22;-138,-22;-139,-22;-140,-22;-141,-22;-136,-21;-137,-21;-138,-21;-139,-21;-140,-21;-141,-21
-138,100
-137,100
-136,100
-135,100
-138,99
-137,99
-136,99
-135,99
-138,98
-137,98
-136,98
-135,98
-138,97
-137,97
-136,97
-135,97
-138,-116
-136,-36
-131,79;-130,79;-129,79;-131,78;-130,78;-129,78;-131,77;-130,77;-129,77;-131,76;-130,76;-129,76;-128,76;-128,77;-128,78;-128,79;-127,76;-127,77;-127,78;-127,79
-121,-69;-120,-69
-120,-43;-119,-43
-112,-41
-109,41
-107,-94
-104,-95
-95,36;-95,35;-95,34;-96,36;-96,35;-96,34
-96,40;-96,39;-96,38;-96,37;-97,40;-97,39;-97,38;-97,37;-98,40;-98,39;-98,38;-98,37;-98,36;-98,35;-98,34;-99,40;-99,39;-99,38;-99,37;-99,36;-99,35;-99,34;-100,40;-100,39;-100,38;-100,37;-101,40;-101,39;-101,38;-101,37
-97,36;-97,35;-97,34
-99,-94;-98,-94
-95,-89;-95,-88;-95,-87;-94,-89;-94,-88;-94,-87
-90,-150
-87,-84;-87,-85;-87,-86;-88,-84;-88,-85;-88,-86;-89,-84;-89,-85;-89,-86
-81,-17
-75,-150;-75,-149;-74,-150;-74,-149
-73,-150;-73,-149;-72,-150;-72,-149
-71,-150;-71,-149;-70,-150;-70,-149
-64,-68;-64,-69;-64,-70;-64,-71;-63,-68;-63,-69;-63,-70;-63,-71;-62,-68;-62,-69;-62,-70;-62,-71;-61,-68;-61,-69;-61,-70;-61,-71;-60,-68;-60,-69;-60,-70;-60,-71;-59,-68;-59,-69;-59,-70;-59,-71
-69,-150;-69,-149;-68,-150;-68,-149
-62,-6
-60,-31
-58,-139
-50,149;-49,149
-40,-71
-35,126;-35,127;-35,128;-35,129;-35,130;-35,131;-34,126;-34,127;-34,128;-34,129;-34,130;-34,131;-33,126;-33,127;-33,128;-33,129;-33,130;-33,131;-32,126;-32,127;-32,128;-32,129;-32,130;-32,131;-31,126;-31,127;-31,128;-31,129;-31,130;-31,131;-30,126;-30,127;-30,128;-30,129;-30,130;-30,131
-32,140;-31,140
-28,30;-28,31;-27,30;-27,31
-21,148
-12,105;-12,106;-12,107;-11,105;-11,106;-11,107;-10,105;-10,106;-10,107
-15,-115
-9,-91;-9,-90;-9,-89;-9,-88;-9,-87;-9,-86;-9,-85;-9,-84;-9,-83;-9,-82;-9,-81;-9,-80;-9,-79;-9,-78;-9,-77;-9,-76;-9,-75;-9,-74;-9,-73;-9,-72;-8,-91;-8,-90;-8,-89;-8,-88;-8,-87;-8,-86;-8,-85;-8,-84;-8,-83;-8,-82;-8,-81;-8,-80;-8,-79;-8,-78;-8,-77;-8,-76;-8,-75;-8,-74;-8,-73;-8,-72;-7,-91;-7,-90;-7,-89;-7,-88;-7,-87;-7,-86;-7,-85;-7,-84;-7,-83;-7,-82;-7,-81;-7,-80;-7,-79;-7,-78;-7,-77;-7,-76;-7,-75;-7,-74;-7,-73;-7,-72;-6,-91;-6,-90;-6,-89;-6,-88;-6,-87;-6,-86;-6,-85;-6,-84;-6,-83;-6,-82;-6,-81;-6,-80;-6,-79;-6,-78;-6,-77;-6,-76;-6,-75;-6,-74;-6,-73;-6,-72;-5,-91;-5,-90;-5,-89;-5,-88;-5,-87;-5,-86;-5,-85;-5,-84;-5,-83;-5,-82;-5,-81;-5,-80;-5,-79;-5,-78;-5,-77;-5,-76;-5,-75;-5,-74;-5,-73;-5,-72;-4,-91;-4,-90;-4,-89;-4,-88;-4,-87;-4,-86;-4,-85;-4,-84;-4,-83;-4,-82;-4,-81;-4,-80;-4,-79;-4,-78;-4,-77;-4,-76;-4,-75;-4,-74;-4,-73;-4,-72;-3,-91;-3,-90;-3,-89;-3,-88;-3,-87;-3,-86;-3,-85;-3,-84;-3,-83;-3,-82;-3,-81;-3,-80;-3,-79;-3,-78;-3,-77;-3,-76;-3,-75;-3,-74;-3,-73;-3,-72;-2,-91;-2,-90;-2,-89;-2,-88;-2,-87;-2,-86;-2,-85;-2,-84;-2,-83;-2,-82;-2,-81;-2,-80;-2,-79;-2,-78;-2,-77;-2,-76;-2,-75;-2,-74;-2,-73;-2,-72;-1,-91;-1,-90;-1,-89;-1,-88;-1,-87;-1,-86;-1,-85;-1,-84;-1,-83;-1,-82;-1,-81;-1,-80;-1,-79;-1,-78;-1,-77;-1,-76;-1,-75;-1,-74;-1,-73;-1,-72;0,-91;0,-90;0,-89;0,-88;0,-87;0,-86;0,-85;0,-84;0,-83;0,-82;0,-81;0,-80;0,-79;0,-78;0,-77;0,-76;0,-75;0,-74;0,-73;0,-72;1,-91;1,-90;1,-89;1,-88;1,-87;1,-86;1,-85;1,-84;1,-83;1,-82;1,-81;1,-80;1,-79;1,-78;1,-77;1,-76;1,-75;1,-74;1,-73;1,-72;2,-91;2,-90;2,-89;2,-88;2,-87;2,-86;2,-85;2,-84;2,-83;2,-82;2,-81;2,-80;2,-79;2,-78;2,-77;2,-76;2,-75;2,-74;2,-73;2,-72;3,-91;3,-90;3,-89;3,-88;3,-87;3,-86;3,-85;3,-84;3,-83;3,-82;3,-81;3,-80;3,-79;3,-78;3,-77;3,-76;3,-75;3,-74;3,-73;3,-72;4,-91;4,-90;4,-89;4,-88;4,-87;4,-86;4,-85;4,-84;4,-83;4,-82;4,-81;4,-80;4,-79;4,-78;4,-77;4,-76;4,-75;4,-74;4,-73;4,-72;5,-91;5,-90;5,-89;5,-88;5,-87;5,-86;5,-85;5,-84;5,-83;5,-82;5,-81;5,-80;5,-79;5,-78;5,-77;5,-76;5,-75;5,-74;5,-73;5,-72;6,-91;6,-90;6,-89;6,-88;6,-87;6,-86;6,-85;6,-84;6,-83;6,-82;6,-81;6,-80;6,-79;6,-78;6,-77;6,-76;6,-75;6,-74;6,-73;6,-72;7,-91;7,-90;7,-89;7,-88;7,-87;7,-86;7,-85;7,-84;7,-83;7,-82;7,-81;7,-80;7,-79;7,-78;7,-77;7,-76;7,-75;7,-74;7,-73;7,-72;8,-91;8,-90;8,-89;8,-88;8,-87;8,-86;8,-85;8,-84;8,-83;8,-82;8,-81;8,-80;8,-79;8,-78;8,-77;8,-76;8,-75;8,-74;8,-73;8,-72;9,-91;9,-90;9,-89;9,-88;9,-87;9,-86;9,-85;9,-84;9,-83;9,-82;9,-81;9,-80;9,-79;9,-78;9,-77;9,-76;9,-75;9,-74;9,-73;9,-72;10,-91;10,-90;10,-89;10,-88;10,-87;10,-86;10,-85;10,-84;10,-83;10,-82;10,-81;10,-80;10,-79;10,-78;10,-77;10,-76;10,-75;10,-74;10,-73;10,-72
-2,-66;-2,-65;-1,-66;-1,-65
2,-54;3,-54
2,68
2,69
2,70
3,68
3,69
3,70
4,68
4,69
4,70
6,99
11,145;11,146;11,147;11,148;11,149;12,145;12,146;12,147;12,148;12,149;13,145;13,146;13,147;13,148;13,149;14,145;14,146;14,147;14,148;14,149;15,145;15,146;15,147;15,148;15,149
16,99
40,-5
48,-46;49,-46;47,-45;48,-45;49,-45;47,-44;48,-44;49,-44;47,-43;48,-43;49,-43
47,-41;47,-40;48,-41;48,-40;49,-41;49,-40
52,-71;52,-70;52,-69;52,-68;52,-67;52,-66;52,-65;52,-64;52,-63;52,-62;52,-61;52,-60;52,-59;52,-58;52,-57;52,-56;52,-55;52,-54;52,-53;52,-52;53,-71;53,-67;53,-66;53,-65;53,-64;53,-63;53,-60;53,-59;53,-58;53,-57;53,-56;53,-52;54,-71;54,-67;54,-66;54,-65;54,-64;54,-63;54,-60;54,-59;54,-58;54,-57;54,-56;54,-52;55,-71;55,-67;55,-66;55,-64;55,-63;55,-62;55,-61;55,-60;55,-59;55,-57;55,-56;55,-52;56,-71;56,-70;56,-69;56,-68;56,-67;56,-66;56,-65;56,-64;56,-63;56,-62;56,-61;56,-60;56,-59;56,-58;56,-57;56,-56;56,-55;56,-54;56,-53;56,-52;57,-71;57,-70;57,-69;57,-68;57,-67;57,-63;57,-62;57,-61;57,-60;57,-56;57,-55;57,-54;57,-53;57,-52;58,-71;58,-70;58,-69;58,-67;58,-63;58,-62;58,-61;58,-60;58,-56;58,-54;58,-53;58,-52;59,-71;59,-70;59,-69;59,-68;59,-67;59,-63;59,-62;59,-61;59,-60;59,-56;59,-55;59,-54;59,-53;59,-52;60,-71;60,-70;60,-69;60,-68;60,-67;60,-66;60,-65;60,-64;60,-63;60,-62;60,-61;60,-60;60,-59;60,-58;60,-57;60,-56;60,-55;60,-54;60,-53;60,-52;61,-71;61,-68;61,-67;61,-66;61,-65;61,-64;61,-63;61,-62;61,-61;61,-60;61,-59;61,-58;61,-57;61,-56;61,-55;61,-52;62,-71;62,-68;62,-67;62,-66;62,-65;62,-64;62,-63;62,-62;62,-61;62,-60;62,-59;62,-58;62,-57;62,-56;62,-55;62,-52;63,-71;63,-70;63,-69;63,-68;63,-67;63,-66;63,-65;63,-64;63,-63;63,-62;63,-61;63,-60;63,-59;63,-58;63,-57;63,-56;63,-55;63,-54;63,-53;63,-52;64,-71;64,-70;64,-69;64,-68;64,-67;64,-63;64,-62;64,-61;64,-60;64,-56;64,-55;64,-54;64,-53;64,-52;65,-71;65,-70;65,-69;65,-67;65,-63;65,-62;65,-61;65,-60;65,-56;65,-54;65,-53;65,-52;66,-71;66,-70;66,-69;66,-68;66,-67;66,-63;66,-62;66,-61;66,-60;66,-56;66,-55;66,-54;66,-53;66,-52;67,-71;67,-70;67,-69;67,-68;67,-67;67,-66;67,-65;67,-64;67,-63;67,-62;67,-61;67,-60;67,-59;67,-58;67,-57;67,-56;67,-55;67,-54;67,-53;67,-52;68,-71;68,-67;68,-66;68,-64;68,-63;68,-62;68,-61;68,-60;68,-59;68,-57;68,-56;68,-52;69,-71;69,-67;69,-66;69,-65;69,-64;69,-63;69,-60;69,-59;69,-58;69,-57;69,-56;69,-52;70,-71;70,-67;70,-66;70,-65;70,-64;70,-63;70,-60;70,-59;70,-58;70,-57;70,-56;70,-52;71,-71;71,-70;71,-69;71,-68;71,-67;71,-66;71,-65;71,-64;71,-63;71,-62;71,-61;71,-60;71,-59;71,-58;71,-57;71,-56;71,-55;71,-54;71,-53;71,-52
53,-55;53,-54;53,-53;54,-55;54,-54;54,-53;55,-55;55,-54;55,-53
55,-65
57,-66;57,-65;57,-64;58,-66;58,-65;58,-64;59,-66;59,-65;59,-64
57,-59;57,-58;57,-57;58,-59;58,-58;58,-57;59,-59;59,-58;59,-57
58,-68
58,-55
61,-70;61,-69;62,-70;62,-69
61,-54;61,-53;62,-54;62,-53
64,-66;64,-65;64,-64;65,-66;65,-65;65,-64;66,-66;66,-65;66,-64
64,-59;64,-58;64,-57;65,-59;65,-58;65,-57;66,-59;66,-58;66,-57
65,-68
68,-70;68,-69;68,-68;69,-70;69,-69;69,-68;70,-70;70,-69;70,-68
68,-65
68,-58
68,-55;68,-54;68,-53;69,-55;69,-54;69,-53;70,-55;70,-54;70,-53
59,-21;59,-22;60,-21;60,-22
60,-137
62,32;63,32;62,31;63,31
78,-105
85,54;85,55
86,52
92,49;92,48;93,49;93,48
94,24
99,-111;100,-111;99,-112;100,-112
98,17
99,-131;99,-130;100,-131;100,-130
99,17
100,-138;100,-137;100,-136;101,-138;101,-137;101,-136;102,-138;102,-137;102,-136;103,-138;103,-137;103,-136
100,17
106,50;107,50
107,51
111,-102;111,-101;111,-100;112,-102;112,-101;112,-100;113,-102;113,-101;113,-100
116,-26;117,-25;117,-26;117,-27;118,-25;118,-26;118,-27;119,-25;119,-26;119,-27;120,-25;120,-26;120,-27;121,-25;121,-26;121,-27
131,64;131,65;131,66
140,-37;140,-36;140,-35;141,-37;141,-36;141,-35;142,-37;142,-36;142,-35
140,-4;140,-5;140,-6;140,-7;140,-8;140,-9;140,-10;140,-11;141,-4;141,-5;141,-6;141,-7;141,-8;141,-9;141,-10;141,-11;142,-2;142,-3;142,-4;142,-5;142,-6;142,-7;142,-8;142,-9;142,-10;142,-11;143,-2;143,-3;143,-4;143,-5;143,-6;143,-7;143,-8;143,-9;143,-10;143,-11;144,-2;144,-3;144,-4;144,-5;144,-6;144,-7;144,-8;144,-9;144,-10;144,-11;145,-2;145,-3;145,-4;145,-5;145,-6;145,-7;145,-8;145,-9;145,-10;145,-11;146,-2;146,-3;146,-4;146,-5;146,-6;146,-7;146,-8;146,-9;146,-10;146,-11;147,-2;147,-3;147,-4;147,-5;147,-6;147,-7;147,-8;147,-9;147,-10;147,-11;148,-2;148,-3;148,-4;148,-5;148,-6;148,-7;148,-8;148,-9;148,-10;148,-11;149,-2;149,-3;149,-4;149,-5;149,-6;149,-7;149,-8;149,-9;149,-10;149,-11;141,-2;141,-3;140,-2;140,-3
149,-60;149,-59