-150,91;-150,92;-150,93;-150,94;-150,95;-149,91;-149,92;-149,93;-149,94;-149,95;-148,91;-148,92;-148,93;-148,94;-148,95
-150,122
-147,92;-147,93;-146,92;-146,93
-147,94
-147,95
-139,-28
-138,-94
-136,-36
-126,-73
-125,-96
-122,94;-122,95;-122,96;-121,94;-120,94;-120,95;-121,95;-120,96;-121,96
-121,-59
-120,-43;-119,-43
-117,108
-114,141
-113,-36;-113,-37;-113,-38
-112,-41
-107,63
-105,65
-107,41;-107,40;-107,39;-107,38;-107,37;-107,36;-107,35;-107,34;-108,41;-108,40;-108,39;-108,38;-108,37;-108,36;-108,35;-108,34;-109,41;-109,40;-109,39;-109,38;-109,37;-109,36;-109,35;-109,34;-110,41;-110,40;-110,39;-110,38;-110,37;-110,36;-110,35;-110,34;-106,34;-106,35;-106,36;-106,37;-106,38;-106,39;-106,40;-106,41;-105,34;-105,35;-105,36;-105,37;-105,38;-105,39;-105,40;-105,41;-104,34;-104,35;-104,36;-104,37;-104,38;-104,39;-104,40;-104,41;-103,34;-103,35;-103,36;-103,37;-103,38;-103,39;-103,40;-103,41
-105,142
-100,36;-100,35;-100,34;-101,36;-101,35;-101,34;-102,36;-102,35;-102,34
-100,142
-90,-150
-87,-84;-87,-85;-87,-86;-88,-84;-88,-85;-88,-86;-89,-84;-89,-85;-89,-86
-88,86
-75,71
-75,72
-75,73
-75,74
-75,75
-75,76
-75,77
-75,78
-76,76
-76,77
-76,78
-77,76
-78,76
-79,76
-80,74
-80,75
-80,76
-80,77
-80,78
-77,77
-78,77
-79,77
-77,78
-78,78
-79,78
-77,79
-78,79
-79,79
-75,-150;-75,-149;-74,-150;-74,-149
-73,-150;-73,-149;-72,-150;-72,-149
-71,-150;-71,-149;-70,-150;-70,-149
-69,-150;-69,-149;-68,-150;-68,-149
-58,24
-54,-140
-43,-110;-44,-110;-43,-111;-44,-111
-37,78
-34,-112
-34,-110
-34,-6
-32,-53
-30,-107;-29,-107
-30,3
-9,-9;-9,-8;-9,-7;-9,-6;-9,-5;-9,-4;-9,-3;-9,-2;-9,-1;-9,0;-9,1;-9,2;-9,3;-9,4;-9,5;-9,6;-9,7;-9,8;-9,9;-8,-9;-8,-8;-8,-7;-8,-6;-8,-5;-8,-4;-8,-3;-8,-2;-8,-1;-8,0;-8,1;-8,2;-8,3;-8,4;-8,5;-8,6;-8,7;-8,8;-8,9;-7,-9;-7,-8;-7,-7;-7,-6;-7,-5;-7,-4;-7,-3;-7,-2;-7,-1;-7,0;-7,1;-7,2;-7,3;-7,4;-7,5;-7,6;-7,7;-7,8;-7,9;-6,-9;-6,-8;-6,-7;-6,-6;-6,-5;-6,-4;-6,-3;-6,-2;-6,-1;-6,0;-6,1;-6,2;-6,3;-6,4;-6,5;-6,6;-6,7;-6,8;-6,9;-5,-9;-5,-8;-5,-7;-5,-6;-5,-5;-5,-4;-5,-3;-5,-2;-5,-1;-5,0;-5,1;-5,2;-5,3;-5,4;-5,5;-5,6;-5,7;-5,8;-5,9;-4,-9;-4,-8;-4,-7;-4,-6;-4,-5;-4,-4;-4,-3;-4,-2;-4,-1;-4,0;-4,1;-4,2;-4,3;-4,4;-4,5;-4,6;-4,7;-4,8;-4,9;-3,-9;-3,-8;-3,-7;-3,-6;-3,-5;-3,-4;-3,-3;-3,-2;-3,-1;-3,0;-3,1;-3,2;-3,3;-3,4;-3,5;-3,6;-3,7;-3,8;-3,9;-2,-9;-2,-8;-2,-7;-2,-6;-2,-5;-2,-4;-2,-3;-2,-2;-2,-1;-2,0;-2,1;-2,2;-2,3;-2,4;-2,5;-2,6;-2,7;-2,8;-2,9;-1,-9;-1,-8;-1,-7;-1,-6;-1,-5;-1,-4;-1,-3;-1,-2;-1,-1;-1,0;-1,1;-1,2;-1,3;-1,4;-1,5;-1,6;-1,7;-1,8;-1,9;0,-9;0,-8;0,-7;0,-6;0,-5;0,-4;0,-3;0,-2;0,-1;0,0;0,1;0,2;0,3;0,4;0,5;0,6;0,7;0,8;0,9;1,-9;1,-8;1,-7;1,-6;1,-5;1,-4;1,-3;1,-2;1,-1;1,0;1,1;1,2;1,3;1,4;1,5;1,6;1,7;1,8;1,9;2,-9;2,-8;2,-7;2,-6;2,-5;2,-4;2,-3;2,-2;2,-1;2,0;2,1;2,2;2,3;2,4;2,5;2,6;2,7;2,8;2,9;3,-9;3,-8;3,-7;3,-6;3,-5;3,-4;3,-3;3,-2;3,-1;3,0;3,1;3,2;3,3;3,4;3,5;3,6;3,7;3,8;3,9;4,-9;4,-8;4,-7;4,-6;4,-5;4,-4;4,-3;4,-2;4,-1;4,0;4,1;4,2;4,3;4,4;4,5;4,6;4,7;4,8;4,9;5,-9;5,-8;5,-7;5,-6;5,-5;5,-4;5,-3;5,-2;5,-1;5,0;5,1;5,2;5,3;5,4;5,5;5,6;5,7;5,8;5,9;6,-9;6,-8;6,-7;6,-6;6,-5;6,-4;6,-3;6,-2;6,-1;6,0;6,1;6,2;6,3;6,4;6,5;6,6;6,7;6,8;6,9;7,-9;7,-8;7,-7;7,-6;7,-5;7,-4;7,-3;7,-2;7,-1;7,0;7,1;7,2;7,3;7,4;7,5;7,6;7,7;7,8;7,9;8,-9;8,-8;8,-7;8,-6;8,-5;8,-4;8,-3;8,-2;8,-1;8,0;8,1;8,2;8,3;8,4;8,5;8,6;8,7;8,8;8,9;9,-9;9,-8;9,-7;9,-6;9,-5;9,-4;9,-3;9,-2;9,-1;9,0;9,1;9,2;9,3;9,4;9,5;9,6;9,7;9,8;9,9;10,-9;10,-8;10,-7;10,-6;10,-5;10,-4;10,-3;10,-2;10,-1;10,0;10,1;10,2;10,3;10,4;10,5;10,6;10,7;10,8;10,9
-8,-120;-8,-119;-7,-120;-7,-119
1,101;1,102;2,101;2,102;3,101;3,102;4,101;4,102
1,103;1,104;1,105;1,106;2,103;2,104;2,105;3,103;4,103;3,104;4,104;3,105
4,105;4,106;4,107;4,108;4,109;4,110;4,111;5,105;5,106;5,107;5,108;5,109;5,110;5,111;6,105;6,106;6,107;6,108;6,109;6,110;6,111;7,105;7,106;7,107;7,108;7,109;7,110;7,111
5,117;5,118;6,117;6,118
12,60
14,100;14,101;14,102;14,103;14,104;15,100;15,101;15,102;15,103;15,104;16,100;16,101;16,102;16,103;16,104;17,100;17,101;17,102;17,103;17,104;18,101;18,102;18,103;18,104
17,-114
39,-71
45,104
78,-105
81,-30
84,41;84,42;84,40;85,40;85,41;85,42
85,53;86,53;85,52;86,52
87,52;88,52;87,53;88,53
85,55;86,56;85,56;86,55
96,-132;96,-131;97,-132;97,-131;98,-132;98,-131
99,-131;99,-130;100,-131;100,-130
101,48
110,49;110,50;111,49;111,50
136,-16