-150,-3
-150,72;-149,72;-148,72;-147,72;-146,72;-145,72;-144,72;-143,72;-142,72;-141,72;-140,72;-139,72;-150,71;-149,71;-148,71;-147,71;-146,71;-145,71;-144,71;-143,71;-142,71;-141,71;-140,71;-139,71;-150,70;-149,70;-148,70;-147,70;-146,70;-145,70;-144,70;-143,70;-142,70;-141,70;-140,70;-139,70;-150,69;-149,69;-148,69;-147,69;-146,69;-145,69;-144,69;-143,69;-142,69;-141,69;-140,69;-139,69;-150,68;-149,68;-148,68;-147,68;-146,68;-145,68;-144,68;-143,68;-142,68;-141,68;-140,68;-139,68;-150,67;-149,67;-148,67;-147,67;-146,67;-145,67;-144,67;-143,67;-142,67;-141,67;-140,67;-139,67;-150,66;-149,66;-148,66;-147,66;-146,66;-145,66;-144,66;-143,66;-142,66;-141,66;-140,66;-139,66;-150,65;-149,65;-148,65;-147,65;-146,65;-145,65;-144,65;-143,65;-142,65;-141,65;-140,65;-139,65;-150,64;-149,64;-148,64;-147,64;-146,64;-145,64;-144,64;-143,64;-142,64;-141,64;-140,64;-139,64
-149,-126
-140,-117
-131,-111;-130,-111;-129,-111;-128,-111;-127,-111;-126,-111;-125,-111;-124,-111;-131,-112;-130,-112;-129,-112;-128,-112;-127,-112;-126,-112;-125,-112;-124,-112;-131,-113;-130,-113;-129,-113;-128,-113;-127,-113;-126,-113;-125,-113;-124,-113;-131,-114;-130,-114;-129,-114;-128,-114;-127,-114;-126,-114;-125,-114;-124,-114;-131,-115;-130,-115;-129,-115;-128,-115;-127,-115;-126,-115;-125,-115;-124,-115;-131,-116;-130,-116;-129,-116;-128,-116;-127,-116;-126,-116;-125,-116;-124,-116;-131,-117;-130,-117;-129,-117;-128,-117;-127,-117;-126,-117;-125,-117;-124,-117;-131,-118;-130,-118;-129,-118;-128,-118;-127,-118;-126,-118;-125,-118;-124,-118
-131,-21
-130,-67
-115,132;-116,132;-117,132;-118,132;-119,132;-120,132;-121,132;-122,132;-123,132;-124,132;-115,133;-116,133;-117,133;-118,133;-119,133;-120,133;-121,133;-122,133;-123,133;-124,133;-115,134;-116,134;-117,134;-118,134;-119,134;-120,134;-121,134;-122,134;-123,134;-124,134;-115,135;-116,135;-117,135;-118,135;-119,135;-120,135;-121,135;-122,135;-123,135;-124,135;-117,136;-118,136;-119,136;-120,136;-121,136;-122,136;-117,137;-118,137;-119,137;-120,137;-121,137;-122,137
-124,144;-124,145;-124,146;-124,147;-124,148;-124,149;-123,144;-123,145;-123,146;-123,147;-123,148;-123,149;-122,144;-122,145;-122,146;-122,147;-122,148;-122,149;-121,144;-121,145;-121,146;-121,147;-121,148;-121,149;-120,144;-120,145;-120,146;-120,147;-120,148;-120,149;-124,150;-123,150;-122,150;-121,150;-120,150;-119,144;-119,145;-119,146;-119,147;-119,148;-119,149;-119,150;-118,144;-118,145;-118,146;-118,147;-118,148;-118,149;-118,150
-123,140;-123,141;-123,142;-123,143;-122,140;-122,141;-122,142;-122,143;-121,140;-121,141;-120,140;-120,141;-121,142;-121,143;-120,142;-120,143
-122,-149;-122,-148;-122,-147;-122,-146;-122,-145;-122,-144;-122,-143;-122,-142;-122,-141;-122,-140;-121,-149;-121,-148;-121,-147;-121,-146;-121,-145;-121,-144;-121,-143;-121,-142;-121,-141;-121,-140;-120,-149;-120,-148;-120,-147;-120,-146;-120,-145;-120,-144;-120,-143;-120,-142;-120,-141;-120,-140;-119,-149;-119,-148;-119,-147;-119,-146;-119,-145;-119,-144;-119,-143;-119,-142;-119,-141;-119,-140;-118,-149;-118,-148;-118,-147;-118,-146;-118,-145;-118,-144;-118,-143;-118,-142;-118,-141;-118,-140;-117,-149;-117,-148;-117,-147;-117,-146;-117,-145;-117,-144;-117,-143;-117,-142;-117,-141;-117,-140;-116,-149;-116,-148;-116,-147;-116,-146;-116,-145;-116,-144;-116,-143;-116,-142;-116,-141;-116,-140;-115,-149;-115,-148;-115,-147;-115,-146;-115,-145;-115,-144;-115,-143;-115,-142;-115,-141;-115,-140;-114,-149;-114,-148;-114,-147;-114,-146;-114,-145;-114,-144;-114,-143;-114,-142;-114,-141;-114,-140;-113,-149;-113,-148;-113,-147;-113,-146;-113,-145;-113,-144;-113,-143;-113,-142;-113,-141;-113,-140
-113,-36;-113,-37;-113,-38
-105,131;-105,132;-105,133;-105,134;-105,135;-105,136;-105,137;-106,131;-106,132;-106,133;-106,134;-106,135;-106,136;-106,137;-107,131;-107,132;-107,133;-107,134;-107,135;-107,136;-107,137;-108,131;-108,132;-108,133;-108,134;-108,135;-108,136;-108,137;-109,131;-109,132;-109,133;-109,134;-109,135;-109,136;-109,137;-110,131;-110,132;-110,133;-110,134;-110,135;-110,136;-110,137;-111,131;-111,132;-111,133;-111,134;-111,135;-111,136;-111,137
-104,-95
-104,138;-104,132;-104,133;-104,134;-104,135;-104,136;-104,137;-103,138;-103,132;-103,133;-103,134;-103,135;-103,136;-103,137;-102,138;-102,132;-102,133;-102,134;-102,135;-102,136;-102,137;-101,138;-101,132;-101,133;-101,134;-101,135;-101,136;-101,137;-100,138;-100,132;-100,133;-100,134;-100,135;-100,136;-100,137;-99,138;-99,132;-99,133;-99,134;-99,135;-99,136;-99,137;-98,138;-98,132;-98,133;-98,134;-98,135;-98,136;-98,137
-103,-97;-102,-97
-99,126;-99,127;-99,128;-99,129;-100,126;-100,127;-100,128;-100,129;-101,126;-101,127;-101,128;-101,129;-102,126;-102,127;-102,128;-102,129
-92,-77;-92,-76;-91,-77;-91,-76;-92,-75;-91,-75
-89,-66;-88,-66;-88,-65;-88,-64;-88,-63;-89,-63;-89,-64;-89,-65
-86,31
-82,83;-82,84;-82,85;-82,86;-83,83;-83,84;-83,85;-83,86;-84,83;-84,84;-84,85;-84,86;-85,83;-85,84;-85,85;-85,86
-75,71;-75,72;-75,73;-75,74;-75,75;-75,76;-75,77;-75,78;-76,76;-76,77;-76,78;-77,76;-78,76;-79,76;-80,74;-80,75;-80,76;-80,77;-80,78
-76,91
-75,-150;-75,-149;-74,-150;-74,-149
-73,-150;-73,-149;-72,-150;-72,-149
-73,-32
-71,-150;-71,-149;-70,-150;-70,-149
-71,116;-71,117
-69,-150;-69,-149;-68,-150;-68,-149
-62,1;-62,2;-62,3;-62,4;-62,5;-62,6;-62,7;-62,8;-62,9;-61,1;-61,2;-61,3;-61,4;-61,5;-61,6;-61,7;-61,8;-61,9;-60,1;-60,2;-60,3;-60,4;-60,5;-60,6;-60,7;-60,8;-60,9;-59,1;-59,2;-59,3;-59,4;-59,5;-59,6;-59,7;-59,8;-59,9;-58,1;-58,2;-58,3;-58,4;-58,5;-58,6;-58,7;-58,8;-58,9;-57,1;-57,2;-57,3;-57,4;-57,5;-57,6;-57,7;-57,8;-57,9;-56,1
-29,80;-29,81;-29,82;-29,83;-29,84;-29,85;-28,80;-28,81;-28,82;-28,83;-28,84;-28,85;-27,80;-27,81;-27,82;-27,83;-27,84;-27,85;-26,80;-26,81;-26,82;-26,83;-26,84;-26,85;-25,80;-25,81;-25,82;-25,83;-25,84;-25,85;-24,80;-24,81;-24,82;-24,83;-24,84;-24,85
-28,-45
-22,145
-21,148
-3,65;-3,66;-3,67;-2,65;-2,66;-2,67;-1,65;-1,66;-1,67
-12,5
-3,132;-3,133;-3,134;-2,132;-2,133;-2,134;-1,132;-1,133;-1,134
14,-135;15,-135
17,-145
24,128
30,-73
35,80;35,81;36,80;36,81
37,70
48,-46;49,-46;47,-45;48,-45;49,-45;47,-44;48,-44;49,-44;47,-43;48,-43;49,-43
68,-55;68,-54;68,-53;69,-55;69,-54;69,-53;70,-55;70,-54;70,-53
52,52;53,52;54,52;55,52;56,52;57,52;60,52;61,52;62,52;63,52;66,52;67,52;68,52;69,52;70,52;71,52;52,53;57,53;60,53;61,53;62,53;63,53;64,53;66,53;71,53;52,54;57,54;58,54;59,54;60,54;61,54;62,54;63,54;64,54;65,54;66,54;71,54;52,55;71,55;52,56;71,56;52,57;54,57;55,57;68,57;69,57;70,57;71,57;52,58;53,58;54,58;55,58;61,58;62,58;68,58;70,58;71,58;52,59;53,59;55,59;56,59;57,59;58,59;60,59;61,59;62,59;63,59;65,59;66,59;67,59;68,59;69,59;70,59;71,59;52,60;53,60;54,60;55,60;59,60;64,60;69,60;70,60;71,60;52,61;57,61;58,61;59,61;64,61;71,61;52,62;57,62;58,62;59,62;64,62;71,62;52,63;53,63;54,63;55,63;59,63;64,63;69,63;70,63;71,63;52,64;53,64;55,64;56,64;57,64;58,64;60,64;61,64;62,64;63,64;65,64;66,64;67,64;68,64;69,64;70,64;71,64;52,65;53,65;54,65;55,65;61,65;62,65;68,65;70,65;71,65;52,66;54,66;55,66;68,66;69,66;70,66;71,66;52,67;71,67;52,68;61,68;62,68;71,68;52,69;57,69;58,69;59,69;60,69;63,69;64,69;65,69;66,69;71,69;52,70;57,70;60,70;63,70;66,70;71,70;52,71;53,71;54,71;55,71;56,71;57,71;58,71;59,71;60,71;61,71;62,71;63,71;64,71;65,71;66,71;67,71;68,71;69,71;70,71;71,71;53,57;53,66;54,59;54,64;55,61;55,62;56,61;56,62;57,55;58,55;59,55;57,56;58,56;59,56;56,57;57,57;58,57;59,57;56,58;58,58;59,58;56,65;57,65;58,65;59,65;56,66;57,66;58,66;59,66;57,67;58,67;59,67;57,68;58,68;59,68;58,52;59,52;59,53;59,70;60,60;61,60;62,60;63,60;60,61;61,61;62,61;63,61;60,62;61,62;62,62;63,62;60,63;61,63;62,63;63,63;61,55;62,55;61,56;62,56;61,57;62,57;61,66;62,66;61,67;62,67;61,69;61,70;62,69;62,70;64,52;65,52;64,58;64,57;64,56;64,55;65,58;65,57;65,56;65,55;66,58;66,57;66,56;66,55;67,58;67,57;64,65;65,65;66,65;67,65;64,66;65,66;66,66;67,66;64,67;65,67;64,68;65,68;64,70;68,60;65,61;66,61;67,61;68,61;65,62;66,62;67,62;68,62;68,63;66,67;66,68;69,58;69,65
56,53;56,54;53,56;54,56;55,56;53,53;54,53;55,53;53,54;54,54;55,54;53,55;54,55;55,55;56,55;56,56
67,53;67,54;68,56;69,56;70,56;67,56;67,55;68,53;69,53;70,53;68,54;69,54;70,54;68,55;69,55;70,55
63,55
57,60
56,63
57,63
60,67
63,67
60,68
63,68
54,-148;54,-147;55,-148;55,-147
62,32;63,32;62,31;63,31
62,-122
62,-121
63,-122
63,-121
66,60
88,52;88,54;88,53
85,55;86,56;85,56;86,55
89,54;90,54;89,53;90,53
92,49;92,48;93,49;93,48
94,24
96,42
98,48
99,47
99,48
100,48
96,-115;96,-114;96,-113;97,-116;97,-115;97,-114;97,-113;98,-116;98,-115;98,-114;98,-113;99,-116;99,-115;99,-114;99,-113;100,-116;100,-115;100,-114;100,-113
98,17
99,-131;99,-130;100,-131;100,-130
99,17
100,17
105,50;106,50;107,50;107,51
107,-123;107,-122;107,-121;108,-123;108,-122;108,-121;109,-123;109,-122;109,-121
124,42;124,43;124,44;124,45;124,46;124,47;124,48;124,49;124,50;124,51;124,52;124,53;124,54;124,55;125,41;125,42;125,43;125,44;125,45;125,46;125,47;125,48;125,49;125,50;125,51;125,52;125,53;125,54;125,55;126,41;126,42;126,43;126,44;126,45;126,46;126,47;126,48;126,49;126,50;127,44;127,45;127,46;127,47;127,48;127,49;127,50;128,44;128,45;128,46;128,47;128,48;128,49;128,50;129,44;129,45;129,46;129,47;129,48;129,49;129,50;130,44;130,45;130,46;130,47;130,48;130,49;130,50;131,44;131,45;131,46;131,47;131,48;131,49;131,50;132,44;132,45;132,46;132,47;132,48;132,49;132,50;126,51;126,52;126,53;126,54;126,55;127,41;127,42;127,43;127,51;127,52;127,53;127,54;127,55;128,41;128,42;128,43;128,51;128,52;128,53;128,54;128,55;129,41;129,42;129,43;129,51;129,52;129,53;129,54;129,55;130,41;130,42;130,43;130,51;130,52;130,53;130,54;130,55;131,41;131,42;131,43;131,51;131,52;131,53;131,54;131,55;132,41;132,42;132,43;132,51;132,52;132,53;132,54;132,55;133,41;133,42;133,43;133,44;133,45;133,46;133,47;133,48;133,49;133,50;133,51;133,52;133,53;133,54;133,55
140,-4;140,-5;140,-6;140,-7;140,-8;140,-9;140,-10;140,-11;141,-4;141,-5;141,-6;141,-7;141,-8;141,-9;141,-10;141,-11;142,-2;142,-3;142,-4;142,-5;142,-6;142,-7;142,-8;142,-9;142,-10;142,-11;143,-2;143,-3;143,-4;143,-5;143,-6;143,-7;143,-8;143,-9;143,-10;143,-11;144,-2;144,-3;144,-4;144,-5;144,-6;144,-7;144,-8;144,-9;144,-10;144,-11;145,-2;145,-3;145,-4;145,-5;145,-6;145,-7;145,-8;145,-9;145,-10;145,-11;146,-2;146,-3;146,-4;146,-5;146,-6;146,-7;146,-8;146,-9;146,-10;146,-11;147,-2;147,-3;147,-4;147,-5;147,-6;147,-7;147,-8;147,-9;147,-10;147,-11;148,-2;148,-3;148,-4;148,-5;148,-6;148,-7;148,-8;148,-9;148,-10;148,-11;149,-2;149,-3;149,-4;149,-5;149,-6;149,-7;149,-8;149,-9;149,-10;149,-11;141,-2;141,-3;140,-2;140,-3
145,60;145,61;145,62;145,63;145,64;145,65;146,60;146,61;146,62;146,63;146,64;146,65;147,60;147,61;147,62;147,63;147,64;148,60;147,65;148,61;148,62;148,63;148,64;148,65;149,60;149,61;149,62;149,63;149,64;149,65