-150,-87
-150,72;-149,72;-148,72;-147,72;-146,72;-145,72;-144,72;-143,72;-142,72;-141,72;-140,72;-139,72;-150,71;-149,71;-148,71;-147,71;-146,71;-145,71;-144,71;-143,71;-142,71;-141,71;-140,71;-139,71;-150,70;-149,70;-148,70;-147,70;-146,70;-145,70;-144,70;-143,70;-142,70;-141,70;-140,70;-139,70;-150,69;-149,69;-148,69;-147,69;-146,69;-145,69;-144,69;-143,69;-142,69;-141,69;-140,69;-139,69;-150,68;-149,68;-148,68;-147,68;-146,68;-145,68;-144,68;-143,68;-142,68;-141,68;-140,68;-139,68;-150,67;-149,67;-148,67;-147,67;-146,67;-145,67;-144,67;-143,67;-142,67;-141,67;-140,67;-139,67;-150,66;-149,66;-148,66;-147,66;-146,66;-145,66;-144,66;-143,66;-142,66;-141,66;-140,66;-139,66;-150,65;-149,65;-148,65;-147,65;-146,65;-145,65;-144,65;-143,65;-142,65;-141,65;-140,65;-139,65;-150,64;-149,64;-148,64;-147,64;-146,64;-145,64;-144,64;-143,64;-142,64;-141,64;-140,64;-139,64
-150,126;-149,126;-150,127;-149,127;-150,128;-149,128;-150,129;-149,129;-150,130;-149,130
-150,131;-149,131;-150,132;-149,132;-150,133;-149,133;-150,134;-149,134;-150,135;-149,135
-149,12
-148,131;-147,131;-148,132;-147,132;-148,133;-147,133;-148,134;-147,134;-148,135;-147,135
-146,-120
-146,117
-143,-7
-142,-116
-141,-8
-140,-119
-137,-48
-137,-13
-136,-36
-136,-13
-135,-13
-133,-107
-133,105;-133,104;-132,105;-132,104
-124,-119;-125,-119;-126,-119;-127,-119;-128,-119;-129,-119;-130,-119;-131,-119;-124,-120;-125,-120;-126,-120;-127,-120;-128,-120;-129,-120;-130,-120;-131,-120;-124,-121;-125,-121;-126,-121;-127,-121;-128,-121;-129,-121;-130,-121;-131,-121;-124,-122;-125,-122;-127,-122;-126,-122;-128,-122;-129,-122;-130,-122;-131,-122;-124,-123;-125,-123;-126,-123;-127,-123;-128,-123;-129,-123;-130,-123;-131,-123;-124,-124;-125,-124;-126,-124;-127,-124;-128,-124;-129,-124;-130,-124;-131,-124;-124,-125;-125,-125;-126,-125;-127,-125;-128,-125;-129,-125;-130,-125;-131,-125;-124,-126;-125,-126;-126,-126;-127,-126;-128,-126;-129,-126;-131,-126;-130,-126;-116,-119;-117,-119;-118,-119;-119,-119;-120,-119;-121,-119;-122,-119;-123,-119;-116,-120;-117,-120;-118,-120;-119,-120;-120,-120;-121,-120;-122,-120;-123,-120;-116,-121;-117,-121;-118,-121;-119,-121;-120,-121;-121,-121;-122,-121;-123,-121;-116,-122;-118,-122;-117,-122;-119,-122;-120,-122;-121,-122;-122,-122;-123,-122;-116,-123;-117,-123;-118,-123;-119,-123;-120,-123;-121,-123;-122,-123;-123,-123;-116,-124;-117,-124;-118,-124;-119,-124;-120,-124;-121,-124;-122,-124;-123,-124;-116,-125;-117,-125;-118,-125;-119,-125;-120,-125;-121,-125;-122,-125;-123,-125;-116,-126;-117,-126;-118,-126;-119,-126;-120,-126;-121,-126;-122,-126;-123,-126
-131,-71
-131,-61
-127,-72;-126,-72
-124,19;-125,19;-126,19
-125,-83
-125,-26
-115,132;-116,132;-117,132;-118,132;-119,132;-120,132;-121,132;-122,132;-123,132;-124,132;-115,133;-116,133;-117,133;-118,133;-119,133;-120,133;-121,133;-122,133;-123,133;-124,133;-115,134;-116,134;-117,134;-118,134;-119,134;-120,134;-121,134;-122,134;-123,134;-124,134;-115,135;-116,135;-117,135;-118,135;-119,135;-120,135;-121,135;-122,135;-123,135;-124,135;-117,136;-118,136;-119,136;-120,136;-121,136;-122,136;-117,137;-118,137;-119,137;-120,137;-121,137;-122,137
-124,144;-124,145;-124,146;-124,147;-124,148;-124,149;-123,144;-123,145;-123,146;-123,147;-123,148;-123,149;-122,144;-122,145;-122,146;-122,147;-122,148;-122,149;-121,144;-121,145;-121,146;-121,147;-121,148;-121,149;-120,144;-120,145;-120,146;-120,147;-120,148;-120,149;-124,150;-123,150;-122,150;-121,150;-120,150;-119,144;-119,145;-119,146;-119,147;-119,148;-119,149;-119,150;-118,144;-118,145;-118,146;-118,147;-118,148;-118,149;-118,150
-123,140;-123,141;-123,142;-123,143;-122,140;-122,141;-122,142;-122,143;-121,140;-121,141;-120,140;-120,141;-121,142;-121,143;-120,142;-120,143
-122,26
-120,91;-121,91
-120,4;-120,5;-119,4;-119,5
-119,-104;-118,-104;-119,-103;-118,-103
-118,-49
-118,6;-117,6
-118,12
-118,92;-118,91;-118,90;-117,92;-117,91;-117,90;-116,92;-116,91;-116,90;-115,92;-115,91;-115,90
-115,-101
-115,-67;-115,-66;-115,-65
-115,-63;-114,-63
-115,-19;-115,-18;-115,-17;-115,-16;-115,-15;-114,-19;-114,-18;-114,-17;-114,-16;-114,-15;-113,-19;-113,-18;-113,-17;-113,-16;-113,-15;-112,-19;-112,-18;-112,-17;-111,-17;-112,-16;-112,-15;-111,-19;-111,-18
-115,6;-115,7;-114,6;-114,7
-113,-56;-112,-56;-112,-55
-113,-45;-113,-44
-112,-43
-112,22
-111,-43
-111,22
-111,23
-111,150;-110,150;-109,150;-108,150;-107,150;-106,150;-105,150;-104,150;-111,149;-110,149;-109,149;-108,149;-107,149;-106,149;-105,149;-104,149;-111,148;-110,148;-109,148;-108,148;-107,148;-106,148;-105,148;-104,148;-111,147;-110,147;-109,147;-108,147;-107,147;-106,147;-105,147;-104,147;-111,146;-110,146;-109,146;-108,146;-107,146;-106,146;-105,146;-104,146;-111,145;-110,145;-109,145;-108,145;-107,145;-106,145;-105,145;-104,145;-111,144;-110,144;-109,144;-108,144;-107,144;-106,144;-105,144;-104,144
-110,22
-110,23
-107,41;-107,40;-107,39;-107,38;-107,37;-107,36;-107,35;-107,34;-108,41;-108,40;-108,39;-108,38;-108,37;-108,36;-108,35;-108,34;-109,41;-109,40;-109,39;-109,38;-109,37;-109,36;-109,35;-109,34;-110,41;-110,40;-110,39;-110,38;-110,37;-110,36;-110,35;-110,34;-106,34;-106,35;-106,36;-106,37;-106,38;-106,39;-106,40;-106,41;-105,34;-105,35;-105,36;-105,37;-105,38;-105,39;-105,40;-105,41;-104,34;-104,35;-104,36;-104,37;-104,38;-104,39;-104,40;-104,41;-103,34;-103,35;-103,36;-103,37;-103,38;-103,39;-103,40;-103,41
-109,-95
-109,-93
-109,-19;-109,-18;-108,-19;-108,-18
-109,-17;-108,-17;-109,-16;-108,-16;-108,-15;-108,-14;-107,-16;-106,-16;-105,-16;-104,-19;-104,-18;-104,-17;-104,-16;-104,-15;-104,-14;-104,-13;-104,-12;-103,-13;-102,-13;-101,-13;-100,-13;-99,-13;-98,-13;-101,-12;-100,-12;-97,-19;-97,-18;-97,-17;-97,-16;-97,-15;-97,-14;-97,-13;-97,-12
-109,-8;-109,-7;-108,-8;-108,-7
-109,-6;-109,-5;-109,-4;-108,-6;-108,-5;-108,-4;-107,-6;-107,-5;-107,-4
-109,21
-109,22
-108,-41;-108,-40;-107,-41;-107,-40;-106,-41;-106,-40
-108,-13;-108,-12
-108,13
-107,-94
-107,-19;-107,-18;-107,-17;-106,-19;-106,-18;-105,-19;-105,-18;-106,-17;-105,-17
-107,-15;-107,-14;-107,-13;-107,-12;-106,-15;-106,-14;-105,-15;-105,-14;-105,-12;-105,-13;-106,-12;-106,-13
-105,-143;-105,-144;-105,-145;-105,-146;-105,-147;-104,-142;-104,-143;-104,-144;-104,-145;-104,-146;-104,-147;-103,-142;-103,-143;-103,-144;-103,-145;-103,-146;-103,-147;-102,-144;-102,-143;-102,-145;-102,-146;-102,-147
-104,138;-104,132;-104,133;-104,134;-104,135;-104,136;-104,137;-103,138;-103,132;-103,133;-103,134;-103,135;-103,136;-103,137;-102,138;-102,132;-102,133;-102,134;-102,135;-102,136;-102,137;-101,138;-101,132;-101,133;-101,134;-101,135;-101,136;-101,137;-100,138;-100,132;-100,133;-100,134;-100,135;-100,136;-100,137;-99,138;-99,132;-99,133;-99,134;-99,135;-99,136;-99,137;-98,138;-98,132;-98,133;-98,134;-98,135;-98,136;-98,137
-103,-21
-103,-19;-103,-18;-103,-17;-103,-16;-103,-15;-103,-14;-102,-19;-102,-18;-102,-17;-102,-16;-102,-15;-102,-14;-101,-19;-101,-18;-101,-17;-101,-16;-101,-15;-101,-14;-100,-19;-100,-18;-100,-17;-100,-16;-100,-15;-100,-14;-99,-19;-99,-18;-99,-17;-99,-16;-99,-15;-99,-14;-98,-19;-98,-18;-98,-17;-98,-16;-98,-15;-98,-14
-103,-12;-102,-12
-97,39;-97,38;-97,37;-98,39;-98,38;-98,37;-98,36;-98,35;-98,34;-99,39;-99,38;-99,37;-99,36;-99,35;-99,34;-100,39;-100,38;-100,37
-100,35;-101,35
-100,34;-101,34;-102,34
-99,126;-99,127;-99,128;-99,129;-100,126;-100,127;-100,128;-100,129;-101,126;-101,127;-101,128;-101,129;-102,126;-102,127;-102,128;-102,129
-100,-94
-100,-21
-97,60;-97,59;-97,58;-97,57;-98,60;-98,59;-98,58;-98,57;-99,60;-99,59;-99,58;-99,57;-96,57;-96,58;-96,59;-96,60
-99,-12;-98,-12
-98,-140
-98,-21
-96,-19;-95,-19;-96,-18;-95,-18
-96,-17;-95,-17;-96,-16;-95,-16
-96,-15;-95,-15;-96,-14;-95,-14
-96,-13;-95,-13;-96,-12;-95,-12
-96,7;-95,7
-92,-77;-92,-76;-91,-77;-91,-76;-92,-75;-91,-75
-92,-10;-92,-9;-92,-8;-92,-7;-92,-6;-92,-5;-92,-4;-92,-3;-92,-2;-92,-1;-92,0;-92,1;-92,2;-92,3;-92,4;-92,5;-92,6;-92,7;-92,8;-92,9;-91,-10;-91,-6;-91,-1;-91,0;-91,3;-91,6;-91,9;-90,-10;-90,-6;-90,-1;-90,0;-90,3;-90,6;-90,9;-89,-10;-89,-6;-89,-5;-89,-4;-89,-3;-89,-2;-89,-1;-89,0;-89,1;-89,2;-89,3;-89,4;-89,5;-89,6;-89,7;-89,8;-89,9;-88,-10;-88,-9;-88,-8;-88,-7;-88,-6;-88,-5;-88,-4;-88,-3;-88,-2;-88,-1;-88,0;-88,3;-88,6;-88,9;-87,-10;-87,-8;-87,-5;-87,-1;-87,0;-87,3;-87,6;-87,9;-86,-10;-86,-8;-86,-5;-86,-1;-86,0;-86,1;-86,2;-86,3;-86,4;-86,5;-86,6;-86,7;-86,8;-86,9;-85,-10;-85,-9;-85,-8;-85,-7;-85,-6;-85,-5;-85,-4;-85,-3;-85,-2;-85,-1;-85,0;-85,1;-85,2;-85,3;-85,5;-85,6;-85,9;-84,-10;-84,-5;-84,-4;-84,2;-84,3;-84,4;-84,5;-84,6;-84,9;-83,-10;-83,-5;-83,-4;-83,2;-83,6;-83,7;-83,8;-83,9;-82,-10;-82,-5;-82,-4;-82,2;-82,6;-82,7;-82,8;-82,9;-81,-10;-81,-5;-81,-4;-81,2;-81,3;-81,4;-81,5;-81,6;-81,9;-80,-10;-80,-9;-80,-8;-80,-7;-80,-6;-80,-5;-80,-4;-80,-3;-80,-2;-80,-1;-80,0;-80,1;-80,2;-80,3;-80,5;-80,6;-80,9;-79,-10;-79,-8;-79,-5;-79,-1;-79,0;-79,1;-79,2;-79,3;-79,4;-79,5;-79,6;-79,7;-79,8;-79,9;-78,-10;-78,-8;-78,-5;-78,-1;-78,0;-78,3;-78,6;-78,9;-77,-10;-77,-9;-77,-8;-77,-7;-77,-6;-77,-5;-77,-4;-77,-3;-77,-2;-77,-1;-77,0;-77,3;-77,6;-77,9;-76,-10;-76,-6;-76,-5;-76,-4;-76,-3;-76,-2;-76,-1;-76,0;-76,1;-76,2;-76,3;-76,4;-76,5;-76,6;-76,7;-76,8;-76,9;-75,-10;-75,-6;-75,-1;-75,0;-75,3;-75,6;-75,9;-74,-10;-74,-6;-74,-1;-74,0;-74,3;-74,6;-74,9;-73,-10;-73,-9;-73,-8;-73,-7;-73,-6;-73,-5;-73,-4;-73,-3;-73,-2;-73,-1;-73,0;-73,1;-73,2;-73,3;-73,4;-73,5;-73,6;-73,7;-73,8;-73,9
-91,-5;-91,-4;-90,-5;-90,-4
-91,-3;-91,-2;-90,-3;-90,-2
-91,7;-91,8;-90,7;-90,8
-88,1;-88,2;-87,1;-87,2
-88,4;-88,5;-87,4;-87,5
-87,-9;-86,-9
-87,-4;-87,-3;-87,-2;-86,-4;-86,-3;-86,-2
-85,4
-85,7;-85,8;-84,7;-84,8
-84,-9;-84,-8;-84,-7;-84,-6;-83,-9;-83,-8;-83,-7;-83,-6;-82,-9;-82,-8;-82,-7;-82,-6;-81,-9;-81,-8;-81,-7;-81,-6
-84,-3;-84,-2;-84,-1;-84,0;-84,1;-83,-3;-83,-2;-83,-1;-83,0;-83,1;-82,-3;-82,-2;-82,-1;-82,0;-82,1;-81,-3;-81,-2;-81,-1;-81,0;-81,1
-83,3;-83,4;-83,5;-82,3;-82,4;-82,5
-80,4
-79,-9;-78,-9
-79,-7;-79,-6;-78,-7;-78,-6
-79,-4;-79,-3;-79,-2;-78,-4;-78,-3;-78,-2
-78,1;-78,2;-77,1;-77,2
-76,-9;-76,-8;-76,-7;-75,-9;-75,-8;-75,-7;-74,-9;-74,-8;-74,-7
-75,-3;-75,-2;-74,-3;-74,-2
-75,1;-75,2;-74,1;-74,2
-75,7;-75,8;-74,7;-74,8
-91,-22
-88,-13;-88,-14;-88,-15;-89,-13;-89,-14;-89,-15;-90,-13;-90,-14;-90,-15;-91,-13;-91,-14;-91,-15
-87,-84;-87,-85;-87,-86;-88,-84;-88,-85;-88,-86;-89,-84;-89,-85;-89,-86
-87,12;-87,13
-86,-55;-86,-56;-86,-57;-86,-58;-86,-59;-85,-55;-85,-56;-85,-57;-85,-58;-85,-59;-84,-55;-84,-56;-84,-57;-84,-58;-84,-59;-83,-55;-83,-56;-83,-57;-83,-58;-83,-59;-82,-55;-82,-56;-82,-57;-82,-58;-82,-59;-81,-55;-81,-56;-81,-57;-81,-58;-81,-59;-80,-55;-80,-56;-80,-57;-80,-58;-80,-59;-79,-55;-79,-56;-79,-57;-79,-58;-79,-59;-78,-55;-78,-56;-78,-57;-78,-58;-78,-59;-77,-55;-77,-56;-77,-57;-77,-58;-77,-59;-76,-55;-76,-56;-76,-57;-76,-58;-76,-59;-75,-55;-75,-56;-75,-57;-75,-58;-75,-59;-74,-55;-74,-56;-74,-57;-74,-58;-74,-59
-86,-28
-86,47;-86,48;-86,49;-86,50;-85,47;-85,48;-85,49;-85,50;-84,47;-84,48;-84,49;-84,50;-83,47;-83,48;-83,49;-83,50
-86,108;-86,110;-85,110;-84,110;-83,110;-82,110;-81,110;-86,109;-85,109;-84,109;-83,109;-82,109;-81,109;-85,108;-84,108;-83,108;-82,108;-81,108;-86,111;-86,112;-85,112;-84,112;-83,112;-85,111;-84,111;-83,111;-82,111;-82,112;-81,112;-81,111
-80,110;-79,110;-78,110;-77,110;-76,110;-80,111;-79,111;-78,111;-77,111;-76,111
-75,110;-75,116;-75,115;-75,114;-75,113;-75,112;-75,111;-75,117
-80,109;-79,109;-78,109;-77,109;-80,108;-79,108;-78,108;-77,108;-76,108;-76,109;-75,109;-75,108
-86,116;-85,116;-84,116;-83,116;-86,117;-86,119;-85,119;-84,119;-86,118;-85,118;-84,118;-85,117;-84,117;-83,119;-82,119;-81,119;-83,118;-82,118;-81,118;-83,117;-82,117;-81,117;-82,116;-81,116
-86,115;-85,115;-84,115;-86,114;-85,114;-84,114;-86,113;-85,113;-84,113
-83,115;-83,114;-83,113;-82,115;-81,115;-82,114;-81,114;-82,113;-81,113
-82,83;-82,84;-82,85;-82,86;-83,83;-83,84;-83,85;-83,86;-84,83;-84,84;-84,85;-84,86;-85,83;-85,84;-85,85;-85,86
-80,119;-79,119;-78,119;-80,118;-79,118;-78,118;-77,118;-77,119;-76,118;-76,119;-75,118;-75,119
-80,117;-79,117;-80,116;-79,116;-78,116;-77,116;-76,116;-78,117;-77,117;-76,117
-80,115;-79,115;-80,114;-79,114;-80,113;-79,113;-80,112;-79,112;-78,115;-77,115;-76,115;-78,114;-77,114;-76,114;-78,113;-77,113;-76,113;-78,112;-77,112;-76,112
-80,-117
-75,71;-75,72;-75,73;-75,74;-75,75;-75,76;-75,77;-75,78;-76,76;-76,77;-76,78;-77,76;-78,76;-79,76;-80,74;-80,75;-80,76;-80,77;-80,78
-79,-63
-75,-150;-75,-149;-74,-150;-74,-149
-73,-150;-73,-149;-72,-150;-72,-149
-73,-122
-71,-150;-71,-149;-70,-150;-70,-149
-71,-119;-71,-118;-70,-118;-70,-119;-69,-119;-69,-118
-70,85;-70,84;-71,85;-71,84
-70,-3;-70,-2;-69,-3;-69,-2
-70,144
-70,145
-69,-150;-69,-149;-68,-150;-68,-149
-69,14;-69,15;-69,16;-68,14;-68,15;-68,16;-67,14;-67,15;-67,16
-69,28;-69,29;-69,30;-69,31;-68,28;-68,29;-68,30;-68,31;-67,28;-67,29;-67,30;-67,31;-66,28;-66,29;-66,30;-66,31;-65,28;-65,29;-65,30;-65,31;-64,28;-64,29;-64,30;-64,31;-63,28;-63,29;-63,30;-63,31;-62,28;-62,29;-62,30;-62,31;-61,28;-61,29;-61,30;-61,31
-66,-114;-67,-114
-67,-111;-67,-110;-67,-109;-66,-110;-66,-109;-65,-111;-65,-110;-65,-109;-64,-111;-64,-110;-64,-109
-67,5;-67,6;-66,5;-66,6
-65,-37
-63,-103;-62,-103;-63,-102;-62,-102;-63,-101;-62,-101
-62,-9
-61,45;-61,46;-62,45
-61,-32
-59,-125;-59,-124;-59,-123;-59,-122;-59,-121;-59,-120;-59,-119;-59,-118;-58,-125;-58,-124;-58,-123;-58,-122;-58,-121;-58,-120;-58,-119;-58,-118;-57,-125;-57,-124;-57,-123;-57,-122;-57,-121;-57,-120;-57,-119;-57,-118;-56,-125;-56,-124;-56,-123;-56,-122;-56,-121;-56,-120;-56,-119;-56,-118;-55,-125;-55,-124;-55,-123;-55,-122;-55,-121;-55,-120;-55,-119;-55,-118;-54,-125;-54,-124;-54,-123;-54,-122;-54,-121;-54,-120;-54,-119;-54,-118;-53,-125;-53,-124;-53,-123;-53,-122;-53,-121;-53,-120;-53,-119;-53,-118;-52,-125;-52,-124;-52,-123;-52,-122;-52,-121;-52,-120;-52,-119;-52,-118
-59,-13
-59,-12
-59,-6
-58,-13
-58,-11;-57,-11
-58,-10
-58,-9;-58,-8;-57,-9;-57,-8
-57,-112;-57,-111;-57,-110;-56,-112;-56,-111;-56,-110;-55,-112;-55,-111;-55,-110
-57,-106
-57,-12
-56,-105;-55,-105
-56,125;-56,126;-55,125;-55,126
-53,20;-53,21
-52,-98
-52,28
-52,147;-51,147;-50,147;-49,147;-48,147;-47,147
-51,92;-50,92;-51,91;-50,91
-49,15
-48,-22;-47,-22
-47,11
-45,43;-45,42
-43,-52
-43,6
-43,104;-42,104;-41,104;-40,104;-39,104;-38,104;-43,103;-42,103;-41,103;-40,103;-39,103;-38,103;-43,102;-42,102;-41,102;-40,102;-39,102
-42,27
-42,26
-40,-130
-40,-59
-38,98
-38,102
-37,26;-36,26
-36,71
-32,-65;-32,-64;-32,-63;-32,-62;-32,-61;-31,-65;-31,-64;-31,-63;-31,-62;-31,-61;-30,-62;-29,-62;-28,-62;-27,-62;-26,-62;-25,-62;-30,-63;-29,-63;-28,-63;-27,-63;-26,-63;-25,-63;-30,-64;-29,-64;-28,-64;-27,-64;-26,-64;-25,-64;-30,-65;-29,-65;-28,-65;-27,-65;-26,-65;-25,-65;-30,-61;-29,-61;-28,-61;-27,-61;-26,-61;-25,-61
-35,-60;-35,-59;-34,-60;-34,-59;-33,-60;-33,-59;-32,-60;-32,-59;-31,-60;-31,-59;-35,-58;-35,-57;-34,-58;-34,-57;-33,-57;-33,-58
-32,-6
-31,-110
-30,-108;-30,-107;-29,-108;-29,-107
-30,141;-29,141;-30,142;-29,142
-29,80;-29,81;-29,82;-29,83;-29,84;-29,85;-28,80;-28,81;-28,82;-28,83;-28,84;-28,85;-27,80;-27,81;-27,82;-27,83;-27,84;-27,85;-26,80;-26,81;-26,82;-26,83;-26,84;-26,85;-25,80;-25,81;-25,82;-25,83;-25,84;-25,85;-24,80;-24,81;-24,82;-24,83;-24,84;-24,85
-26,-110
-28,-49
-28,-45
-26,-125
-26,140;-25,140
-25,-47
-24,-47
-23,-47
-22,-47
-21,-47
-20,-47
-19,-47
-18,-47
-25,-48
-24,-48
-23,-48
-22,-48
-21,-48
-20,-48
-19,-48
-18,-48
-25,-49
-24,-49
-23,-49
-22,-49
-21,-49
-20,-49
-19,-49
-18,-49
-25,7
-25,66
-23,23
-22,37
-21,-113;-21,-114
-21,148
-19,23
-19,143;-19,144;-19,145;-19,146;-19,147;-19,148;-19,149;-19,150;-18,143;-18,144;-18,145;-18,146;-18,147;-18,148;-18,149;-18,150;-17,143;-17,144;-17,145;-17,146;-17,147;-17,148;-17,149;-17,150;-16,143;-16,144;-16,145;-16,150;-15,150;-14,150;-13,150;-12,150;-16,149;-15,149;-14,149;-13,149;-12,149;-16,148;-15,148;-14,148;-13,148;-12,148;-16,147;-15,147;-14,147;-13,147;-12,147;-16,146;-15,146;-14,146;-13,146;-12,146;-15,143;-15,144;-15,145;-14,143;-14,144;-14,145;-13,143;-13,144;-13,145;-12,143;-12,144;-12,145
-17,56;-17,57;-17,58;-17,59;-17,60;-17,61;-17,62;-17,63;-17,64;-17,65;-17,66;-17,67;-16,56;-16,57;-16,58;-16,59;-16,60;-16,61;-16,62;-16,63;-16,64;-16,65;-16,66;-16,67;-15,56;-15,57;-15,58;-15,59;-15,60;-15,61;-15,62;-15,63;-15,64;-15,65;-15,66;-15,67;-14,52;-14,53;-14,54;-14,55;-14,56;-14,57;-14,58;-14,59;-14,60;-14,61;-14,62;-14,63;-14,64;-14,65;-14,66;-14,67;-13,52;-13,53;-13,54;-13,55;-13,56;-13,57;-13,58;-13,59;-13,60;-13,61;-13,62;-13,63;-13,64;-13,65;-13,66;-13,67;-12,52;-12,53;-12,54;-12,55;-12,56;-12,57;-12,58;-12,59;-12,60;-12,61;-12,62;-12,63;-12,64;-12,65;-12,66;-12,67;-11,52;-11,53;-11,54;-11,55;-11,56;-11,57;-11,58;-11,59;-11,60;-11,61;-11,62;-11,63;-11,64;-11,65;-11,66;-11,67;-10,52;-10,53;-10,54;-10,55;-10,56;-10,57;-10,58;-10,59;-10,60;-10,61;-10,62;-10,63;-10,64;-10,65;-10,66;-10,67;-9,52;-9,53;-9,54;-9,55;-9,56;-9,57;-9,58;-9,59;-9,60;-9,61;-9,62;-9,63;-9,64;-9,65;-9,66;-9,67;-8,52;-8,53;-8,54;-8,55;-8,56;-8,57;-8,58;-8,59;-8,60;-8,61;-8,62;-8,63;-8,64;-8,65;-8,66;-8,67;-7,52;-7,53;-7,54;-7,55;-7,56;-7,57;-7,58;-7,59;-7,60;-7,61;-7,62;-7,63;-7,64;-7,65;-7,66;-7,67;-6,52;-6,53;-6,54;-6,55;-6,56;-6,57;-6,58;-6,59;-6,60;-6,61;-6,62;-6,63;-6,64;-6,65;-6,66;-6,67;-5,52;-5,53;-5,54;-5,55;-5,56;-5,57;-5,58;-5,59;-5,60;-5,61;-5,62;-5,63;-5,64;-5,65;-5,66;-5,67;-4,52;-4,53;-4,54;-4,55;-4,56;-4,57;-4,58;-4,59;-4,60;-4,61;-4,62;-4,63;-4,64;-4,65;-4,66;-4,67;-3,52;-3,53;-3,54;-3,55;-3,56;-3,57;-3,58;-3,59;-3,60;-3,61;-3,62;-3,63;-3,64;-3,65;-3,66;-3,67;-2,52;-2,53;-2,54;-2,55;-2,56;-2,57;-2,58;-2,59;-2,60;-2,61;-2,62;-2,63;-2,64;-2,65;-2,66;-2,67;-1,52;-1,53;-1,54;-1,55;-1,56;-1,57;-1,58;-1,59;-1,60;-1,61;-1,62;-1,63;-1,64;-1,65;-1,66;-1,67
-17,-127
-16,-46;-16,-45;-16,-44;-16,-43;-15,-46;-15,-45;-15,-44;-15,-43;-14,-46;-14,-45;-14,-44;-14,-43;-13,-46;-13,-45;-13,-44;-13,-43;-12,-46;-12,-45;-12,-44;-12,-43;-11,-46;-11,-45;-11,-44;-11,-43;-10,-46;-10,-45;-10,-44;-10,-43;-9,-46;-9,-45;-9,-44;-9,-43;-8,-46;-8,-45;-8,-44;-8,-43;-13,-49;-13,-48;-13,-47;-12,-49;-12,-48;-12,-47;-11,-49;-11,-48;-11,-47
-15,-115
-14,33;-14,34
-9,-91;-9,-90;-9,-89;-9,-88;-9,-87;-9,-86;-9,-85;-9,-84;-9,-83;-9,-82;-9,-81;-9,-80;-9,-79;-9,-78;-9,-77;-9,-76;-9,-75;-9,-74;-9,-73;-9,-72;-8,-91;-8,-90;-8,-89;-8,-88;-8,-87;-8,-86;-8,-85;-8,-84;-8,-83;-8,-82;-8,-81;-8,-80;-8,-79;-8,-78;-8,-77;-8,-76;-8,-75;-8,-74;-8,-73;-8,-72;-7,-91;-7,-90;-7,-89;-7,-88;-7,-87;-7,-86;-7,-85;-7,-84;-7,-83;-7,-82;-7,-81;-7,-80;-7,-79;-7,-78;-7,-77;-7,-76;-7,-75;-7,-74;-7,-73;-7,-72;-6,-91;-6,-90;-6,-89;-6,-88;-6,-87;-6,-86;-6,-85;-6,-84;-6,-83;-6,-82;-6,-81;-6,-80;-6,-79;-6,-78;-6,-77;-6,-76;-6,-75;-6,-74;-6,-73;-6,-72;-5,-91;-5,-90;-5,-89;-5,-88;-5,-87;-5,-86;-5,-85;-5,-84;-5,-83;-5,-82;-5,-81;-5,-80;-5,-79;-5,-78;-5,-77;-5,-76;-5,-75;-5,-74;-5,-73;-5,-72;-4,-91;-4,-90;-4,-89;-4,-88;-4,-87;-4,-86;-4,-85;-4,-84;-4,-83;-4,-82;-4,-81;-4,-80;-4,-79;-4,-78;-4,-77;-4,-76;-4,-75;-4,-74;-4,-73;-4,-72;-3,-91;-3,-90;-3,-89;-3,-88;-3,-87;-3,-86;-3,-85;-3,-84;-3,-83;-3,-82;-3,-81;-3,-80;-3,-79;-3,-78;-3,-77;-3,-76;-3,-75;-3,-74;-3,-73;-3,-72;-2,-91;-2,-90;-2,-89;-2,-88;-2,-87;-2,-86;-2,-85;-2,-84;-2,-83;-2,-82;-2,-81;-2,-80;-2,-79;-2,-78;-2,-77;-2,-76;-2,-75;-2,-74;-2,-73;-2,-72;-1,-91;-1,-90;-1,-89;-1,-88;-1,-87;-1,-86;-1,-85;-1,-84;-1,-83;-1,-82;-1,-81;-1,-80;-1,-79;-1,-78;-1,-77;-1,-76;-1,-75;-1,-74;-1,-73;-1,-72;0,-91;0,-90;0,-89;0,-88;0,-87;0,-86;0,-85;0,-84;0,-83;0,-82;0,-81;0,-80;0,-79;0,-78;0,-77;0,-76;0,-75;0,-74;0,-73;0,-72;1,-91;1,-90;1,-89;1,-88;1,-87;1,-86;1,-85;1,-84;1,-83;1,-82;1,-81;1,-80;1,-79;1,-78;1,-77;1,-76;1,-75;1,-74;1,-73;1,-72;2,-91;2,-90;2,-89;2,-88;2,-87;2,-86;2,-85;2,-84;2,-83;2,-82;2,-81;2,-80;2,-79;2,-78;2,-77;2,-76;2,-75;2,-74;2,-73;2,-72;3,-91;3,-90;3,-89;3,-88;3,-87;3,-86;3,-85;3,-84;3,-83;3,-82;3,-81;3,-80;3,-79;3,-78;3,-77;3,-76;3,-75;3,-74;3,-73;3,-72;4,-91;4,-90;4,-89;4,-88;4,-87;4,-86;4,-85;4,-84;4,-83;4,-82;4,-81;4,-80;4,-79;4,-78;4,-77;4,-76;4,-75;4,-74;4,-73;4,-72;5,-91;5,-90;5,-89;5,-88;5,-87;5,-86;5,-85;5,-84;5,-83;5,-82;5,-81;5,-80;5,-79;5,-78;5,-77;5,-76;5,-75;5,-74;5,-73;5,-72;6,-91;6,-90;6,-89;6,-88;6,-87;6,-86;6,-85;6,-84;6,-83;6,-82;6,-81;6,-80;6,-79;6,-78;6,-77;6,-76;6,-75;6,-74;6,-73;6,-72;7,-91;7,-90;7,-89;7,-88;7,-87;7,-86;7,-85;7,-84;7,-83;7,-82;7,-81;7,-80;7,-79;7,-78;7,-77;7,-76;7,-75;7,-74;7,-73;7,-72;8,-91;8,-90;8,-89;8,-88;8,-87;8,-86;8,-85;8,-84;8,-83;8,-82;8,-81;8,-80;8,-79;8,-78;8,-77;8,-76;8,-75;8,-74;8,-73;8,-72;9,-91;9,-90;9,-89;9,-88;9,-87;9,-86;9,-85;9,-84;9,-83;9,-82;9,-81;9,-80;9,-79;9,-78;9,-77;9,-76;9,-75;9,-74;9,-73;9,-72;10,-91;10,-90;10,-89;10,-88;10,-87;10,-86;10,-85;10,-84;10,-83;10,-82;10,-81;10,-80;10,-79;10,-78;10,-77;10,-76;10,-75;10,-74;10,-73;10,-72
-8,-55
-6,143
-5,49
-4,-34;-3,-34;-4,-35;-3,-35;-2,-34;-2,-35;-1,-35;-1,-34
-2,-122
-2,13
-1,-97
-1,38
2,16;3,16;4,16;5,16;2,17;3,17;4,17;5,17;2,18;3,18;4,18;5,18
3,-35
4,-110;4,-111
5,-21
7,-21
10,49
12,-112;12,-111;13,-112;13,-111
13,85;13,84;13,83;13,82;13,81;13,80;13,79;13,78;13,77;13,76;13,75;14,85;14,84;14,83;14,82;14,81;14,80;14,79;14,78;14,77;14,76;14,75;15,85;15,84;15,83;15,82;15,81;15,80;15,79;15,78;15,77;15,76;15,75;16,85;16,84;16,83;16,82;16,81;16,80;16,79;16,78;16,77;16,76;16,75;17,85;17,84;17,83;17,82;17,81;17,80;17,79;17,78;17,77;17,76;17,75;18,85;18,84;18,83;18,82;18,81;18,80;18,79;18,78;18,77;18,76;18,75;19,85;19,84;19,83;19,82;19,81;19,80;19,79;19,78;19,77;19,76;19,75;20,85;20,84;20,83;20,82;20,81;20,80;20,79;20,78;20,77;20,76;20,75;21,85;21,84;21,83;21,82;21,81;21,80;21,79;21,78;21,77;21,76;21,75;22,85;22,84;22,83;22,82;22,81;22,80;22,79;22,78;22,77;22,76;22,75
15,-143
16,65
17,147
18,9
22,-19
22,-8
22,-7
23,-8
23,-7
23,82;23,81;23,80;23,79;23,78;23,77;23,76;23,75;24,82;24,81;24,80;24,79;24,78;24,77;24,76;24,75;25,82;25,81;25,80;25,79;25,78;25,77;25,76;25,75;26,82;26,81;26,80;26,79;26,78;26,77;26,76;26,75;27,82;27,81;27,80;27,79;27,78;27,77;27,76;27,75;28,82;28,81;28,80;28,79;28,78
26,-118;27,-118;28,-118;29,-118;29,-119
31,79
31,90;31,91;31,92;32,90;32,91;32,92;33,90;33,91;33,92
34,90
35,80;35,81;36,80;36,81
35,90;35,91;35,92
36,90;36,91;36,92;37,90;37,91;37,92
36,93;36,94;36,95;37,93;37,94;37,95;38,93;38,94;38,95
36,96;36,97;37,96;37,97;38,96;38,97
36,109
36,110
37,-114
38,72;39,72
38,90
38,91
38,92
38,103
40,-42;40,-41;40,-40;41,-41;41,-42;41,-40;42,-42;42,-41;42,-40
40,47;40,48;40,49;41,47;41,48;41,49;42,47;42,48;42,49;43,47;43,48;43,49
43,-83
45,11;45,12;46,11;46,12
48,52
49,-120
49,-91
49,42
54,13;54,14;55,13;55,14;56,13;56,14
57,27;57,26;56,27;56,26;58,26;58,27;59,26;59,27
56,118
57,43
58,-24
59,-21;59,-22;60,-21;60,-22
61,-126;61,-125;61,-124
61,-123
61,-27;61,-26;62,-27;62,-26
63,-1
65,-124
67,-138;67,-137;67,-136;67,-135;68,-138;68,-137;68,-136;68,-135;69,-138;69,-137;69,-136;69,-135;70,-138;70,-137;70,-136;70,-135;71,-138;71,-137;71,-136;71,-135
67,33;67,34;68,33;68,34;69,33;69,34
71,-128;71,-129
72,-24;72,-23
74,40;74,41;74,42;74,43;74,44;74,45;74,46;75,46;78,46;78,45;79,46;79,45;80,46;80,45;75,40;75,41;75,42;75,43;75,44;75,45;76,40;76,41;76,42;76,43;76,44;76,45;76,46;77,40;77,41;77,42;77,43;77,44;77,45;77,46;78,40;78,41;78,42;78,43;78,44;79,40;79,41;79,42;79,43;79,44;80,40;80,41;80,42;80,43;80,44;81,40;81,41;81,42;81,43;81,44;81,45;81,46
74,48;75,48;76,50;74,50;75,50;74,49;75,49;76,49;76,48;77,48;77,49;77,50;78,50;78,49;78,48;74,47;75,47;76,47;77,47;78,47;81,47;80,47;79,47;81,51;79,50;79,49;79,48;80,51;81,50;81,49;81,48;80,50;80,49;80,48;80,52;80,53;81,53;81,52;80,54;81,56;80,55;81,55;80,56;81,54
74,51;75,56;75,55;75,54;75,53;75,52;75,51;74,56;74,55;74,54;74,53;74,52;76,56;76,55;76,54;76,53;76,52;76,51;77,56;77,55;77,54;77,53;77,52;77,51;78,56;78,55;78,54;78,53;78,52;78,51;79,56;79,55;79,54;79,53;79,52;79,51
77,-102;77,-101
78,-105
79,-137
83,46;84,46;82,40;82,41;82,42;82,43;82,44;82,45;82,46;83,41;83,42;83,43;83,44;83,45;84,41;84,42;84,43;84,44;84,45;83,40;84,40;85,40;85,41;85,42;85,43;86,41;86,42;86,43;87,41;87,42;87,43;88,41;88,42;88,43;89,41;89,42;89,43;90,41;90,42;90,43;85,44;86,44;87,44;88,44;89,44;90,44;85,45;86,45;87,45;88,45;89,45;90,45;85,46;86,46;86,40;87,40;87,46;88,46;89,46;90,46;88,40;89,40;90,40
83,-16
87,39
89,-76;90,-76;91,-76;92,-76;93,-76;94,-76;95,-76;96,-76;97,-76;98,-76;99,-76;100,-76;101,-76;102,-76;103,-76;104,-76;105,-76;106,-76;89,-77;90,-77;91,-77;92,-77;93,-77;94,-77;95,-77;96,-77;97,-77;98,-77;99,-77;100,-77;101,-77;102,-77;103,-77;104,-77;105,-77;106,-77;89,-78;90,-78;91,-78;92,-78;93,-78;94,-78;95,-78;96,-78;97,-78;98,-78;99,-78;100,-78;101,-78;102,-78;103,-78;104,-78;105,-78;106,-78;89,-79;90,-79;91,-79;92,-79;93,-79;94,-79;95,-79;96,-79;97,-79;98,-79;99,-79;100,-79;101,-79;102,-79;103,-79;104,-79;105,-79;106,-79;89,-80;90,-80;91,-80;92,-80;93,-80;94,-80;95,-80;96,-80;97,-80;98,-80;99,-80;100,-80;101,-80;102,-80;103,-80;104,-80;105,-80;106,-80;89,-81;90,-81;91,-81;92,-81;93,-81;94,-81;95,-81;96,-81;97,-81;98,-81;99,-81;100,-81;101,-81;102,-81;103,-81;104,-81;105,-81;106,-81;89,-82;90,-82;91,-82;92,-82;93,-82;94,-82;95,-82;96,-82;97,-82;98,-82;99,-82;100,-82;101,-82;102,-82;103,-82;104,-82;105,-82;106,-82;89,-83;90,-83;91,-83;92,-83;93,-83;94,-83;95,-83;96,-83;97,-83;98,-83;99,-83;100,-83;101,-83;102,-83;103,-83;104,-83;105,-83;106,-83;89,-84;90,-84;91,-84;92,-84;93,-84;94,-84;95,-84;96,-84;97,-84;98,-84;99,-84;100,-84;101,-84;102,-84;103,-84;104,-84;105,-84;106,-84
89,-85;90,-85;91,-85;92,-85;93,-85;94,-85;95,-85;96,-85
97,-85;98,-85;99,-85;100,-85;101,-85;102,-85;103,-85;104,-85;105,-85;106,-85;97,-86;98,-86;99,-86;100,-86;101,-86;102,-86;103,-86;104,-86;105,-86;106,-86;97,-87;98,-87;99,-87;100,-87;101,-87;102,-87;103,-87;104,-87;105,-87;106,-87;97,-88;98,-88;99,-88;100,-88;101,-88;102,-88;103,-88;104,-88;105,-88;106,-88;97,-89;98,-89;99,-89;100,-89;101,-89;102,-89;103,-89;104,-89;105,-89;106,-89;97,-90;98,-90;99,-90;100,-90;101,-90;102,-90;103,-90;104,-90;105,-90;106,-90;97,-91;98,-91;99,-91;100,-91;101,-91;102,-91;103,-91;104,-91;105,-91;106,-91;97,-92;98,-92;99,-92;100,-92;101,-92;102,-92;103,-92;104,-92;105,-92;106,-92;97,-93;98,-93;99,-93;100,-93;101,-93;102,-93;103,-93;104,-93;105,-93;106,-93;97,-94;98,-94;99,-94;100,-94;101,-94;102,-94;103,-94;104,-94;105,-94;106,-94
89,-86;90,-86;91,-86;92,-86;93,-86;94,-86;89,-87;90,-87;91,-87;92,-87;93,-87;94,-87
95,-86;96,-86;95,-87;96,-87
89,-88;90,-88;91,-88;92,-88;93,-88;94,-88;95,-88;96,-88
89,-89;90,-89;91,-89;92,-89;93,-89;89,-90;90,-90;91,-90;92,-90;93,-90;89,-91;90,-91;91,-91;92,-91;93,-91;89,-92;90,-92;91,-92;92,-92;93,-92;89,-93;90,-93;91,-93;92,-93;93,-93;89,-94;90,-94;91,-94;92,-94;93,-94
94,-89;95,-89;96,-89;94,-90;95,-90;96,-90;94,-91;95,-91;96,-91;94,-92;95,-92;96,-92;94,-93;95,-93;96,-93;94,-94;95,-94;96,-94
94,21;95,21;96,21;97,21;94,22;94,23;95,22;95,23;96,22;96,23;97,22;97,23;98,22;98,23;99,22;99,23;98,21;99,21
95,98;96,98;97,98;98,98;95,99;96,99;97,99;98,99;95,100;96,100;97,100;98,100;95,101;96,101;97,101;98,101
96,-132;96,-131;97,-132;97,-131;98,-132;98,-131
98,-139;99,-139
99,-131;99,-130;100,-131;100,-130
99,36;99,37;99,38;100,36;100,37;100,38;101,36;101,37;101,38;102,36;102,37;102,38
100,77;100,78;100,79;100,80;100,81;100,82
101,77;101,78;101,79;101,80;101,81;102,77;102,78;102,79;102,80;102,81;103,77;103,78;103,79;103,80;103,81;104,77;104,78;104,79;104,80;104,81;105,77;105,78;105,79;105,80;105,81;101,76;102,76;103,76;104,76;105,76
106,77;106,78;106,79;106,80;106,81;106,76
107,79;107,78;107,77
103,75;104,75
101,82;102,82;103,82;104,82
101,-28
104,-112;104,-111;105,-112;105,-111
104,60
107,39
109,-149;109,-148;109,-147;109,-146;110,-149;110,-148;110,-147;110,-146;111,-149;111,-148;111,-147;111,-146;112,-149;112,-148;112,-147;112,-146;113,-149;113,-148;113,-147;113,-146;114,-149;114,-148;114,-147;114,-146;115,-149;115,-148;115,-147;115,-146;116,-149;116,-148
110,-26;111,-26
111,-102;111,-101;111,-100;112,-102;112,-101;112,-100;113,-102;113,-101;113,-100
116,-26;117,-25;117,-26;117,-27;118,-25;118,-26;118,-27;119,-25;119,-26;119,-27;120,-25;120,-26;120,-27;121,-25;121,-26;121,-27
123,130;123,131;124,130;124,131;125,130;125,131;126,130;126,131;127,130;127,131
124,-15
124,42;124,43;124,44;124,45;124,46;124,47;124,48;124,49;124,50;124,51;124,52;124,53;124,54;124,55;125,41;125,42;125,43;125,44;125,45;125,46;125,47;125,48;125,49;125,50;125,51;125,52;125,53;125,54;125,55;126,41;126,42;126,43;126,44;126,45;126,46;126,47;126,48;126,49;126,50;127,44;127,45;127,46;127,47;127,48;127,49;127,50;128,44;128,45;128,46;128,47;128,48;128,49;128,50;129,44;129,45;129,46;129,47;129,48;129,49;129,50;130,44;130,45;130,46;130,47;130,48;130,49;130,50;131,44;131,45;131,46;131,47;131,48;131,49;131,50;132,44;132,45;132,46;132,47;132,48;132,49;132,50;126,51;126,52;126,53;126,54;126,55;127,41;127,42;127,43;127,51;127,52;127,53;127,54;127,55;128,41;128,42;128,43;128,51;128,52;128,53;128,54;128,55;129,41;129,42;129,43;129,51;129,52;129,53;129,54;129,55;130,41;130,42;130,43;130,51;130,52;130,53;130,54;130,55;131,41;131,42;131,43;131,51;131,52;131,53;131,54;131,55;132,41;132,42;132,43;132,51;132,52;132,53;132,54;132,55;133,41;133,42;133,43;133,44;133,45;133,46;133,47;133,48;133,49;133,50;133,51;133,52;133,53;133,54;133,55
128,136;128,137
128,138;129,138;130,138;131,138;132,138;133,138
129,-4;129,-3;129,-2;130,-4;130,-3;130,-2
129,134;130,134;131,134;132,134
129,136;130,135;130,136;131,135;131,136;132,136;129,137;130,137;131,137;132,137
131,-4;131,-3;131,-2
133,-5
134,134;133,134
133,136;133,137
135,-23
135,47
136,-19;137,-19
136,-14;137,-14
137,-23;137,-22;138,-23;138,-22
138,-21
139,-143
140,-4;140,-5;140,-6;140,-7;140,-8;140,-9;140,-10;140,-11;141,-4;141,-5;141,-6;141,-7;141,-8;141,-9;141,-10;141,-11;142,-2;142,-3;142,-4;142,-5;142,-6;142,-7;142,-8;142,-9;142,-10;142,-11;143,-2;143,-3;143,-4;143,-5;143,-6;143,-7;143,-8;143,-9;143,-10;143,-11;144,-2;144,-3;144,-4;144,-5;144,-6;144,-7;144,-8;144,-9;144,-10;144,-11;145,-2;145,-3;145,-4;145,-5;145,-6;145,-7;145,-8;145,-9;145,-10;145,-11;146,-2;146,-3;146,-4;146,-5;146,-6;146,-7;146,-8;146,-9;146,-10;146,-11;147,-2;147,-3;147,-4;147,-5;147,-6;147,-7;147,-8;147,-9;147,-10;147,-11;148,-2;148,-3;148,-4;148,-5;148,-6;148,-7;148,-8;148,-9;148,-10;148,-11;149,-2;149,-3;149,-4;149,-5;149,-6;149,-7;149,-8;149,-9;149,-10;149,-11;141,-2;141,-3;140,-2;140,-3
142,-146;143,-146;142,-145;143,-145;142,-144;143,-144
145,60;145,61;145,62;145,63;145,64;145,65;146,60;146,61;146,62;146,63;146,64;146,65;147,60;147,61;147,62;147,63;147,64;148,60;147,65;148,61;148,62;148,63;148,64;148,65;149,60;149,61;149,62;149,63;149,64;149,65
148,-34;148,-33
150,64;150,63;150,65;150,66;150,67;150,68;150,69;150,70;150,71;150,72;150,73;151,63;151,64;151,65;151,66;151,67;151,68;151,69;151,70;151,71;151,72;151,73;152,63;152,64;152,65;152,66;152,67;152,68;152,69;152,70;152,71;152,72;152,73;153,63;153,64;153,65;153,66;153,67;153,68;153,69;153,70;153,71;153,72;153,73;154,63;154,64;154,65;154,66;154,67;154,68;154,69;154,70;154,71;154,72;154,73;155,63;155,64;155,65;155,66;155,67;155,68;155,69;155,70;155,71;155,72;155,73;156,63;156,64;156,65;156,66;156,67;156,68;156,69;156,70;156,71;156,72;156,73;157,63;157,64;157,65;157,66;157,67;157,68;157,69;157,70;157,71;157,72;157,73;158,63;158,64;158,65;158,66;158,67;158,68;158,69;158,70;158,71;158,72;158,73;159,63;159,64;159,65;159,66;159,67;159,68;159,69;159,70;159,71;159,72;159,73;160,63;160,64;160,65;160,66;160,67;160,68;160,69;160,70;160,71;160,72;160,73