-150,-144
-149,12
-148,12
-119,68;-119,67;-119,69;-119,70;-118,69;-117,68;-118,68;-118,67;-117,67;-118,70;-116,67;-116,68;-117,70;-116,69;-117,69;-116,70
-131,-21
-129,-77
-130,-49
-128,89;-128,90
-116,132;-121,134;-115,135;-122,135;-119,132;-117,134;-120,134;-119,137;-118,132;-120,132;-117,135;-120,136;-117,132;-121,133;-124,134;-119,136;-122,137;-118,133;-122,134;-117,136;-122,132;-123,132;-117,133;-123,133;-119,135;-116,134;-118,134;-117,137;-121,137;-121,132;-115,132;-116,133;-124,135;-118,136;-119,133;-122,133;-124,133;-122,136;-120,137;-120,133;-121,135;-123,134;-124,132;-115,134;-120,135;-121,136;-118,137;-118,135;-119,134;-123,135;-115,133;-116,135
-123,148;-121,149;-123,147;-120,146;-124,148;-123,149;-124,146;-123,144;-122,146;-120,148;-124,149;-122,145;-121,144;-121,145;-120,149;-122,148;-121,148;-120,144;-124,150;-121,146;-124,147;-123,146;-120,147;-122,147;-121,147;-123,145;-122,149;-122,144;-124,145;-120,145;-124,144;-123,150;-121,150;-122,150;-120,150;-119,144;-118,144;-118,149;-118,148;-118,146;-119,145;-119,148;-119,150;-119,146;-118,147;-119,149;-118,145;-118,150;-119,147
-123,143;-123,141;-123,140;-123,142;-122,140;-122,141;-122,142;-120,140;-121,142;-121,143;-122,143;-121,140;-121,141;-120,141;-120,143;-120,142
-118,-5;-117,-5;-118,-6;-117,-6
-112,-41
-106,132;-108,136;-110,132;-107,134;-109,136;-106,136;-111,135;-105,131;-105,135;-106,137;-108,133;-109,132;-108,137;-109,131;-111,137;-109,133;-105,137;-107,137;-110,133;-111,136;-107,131;-110,136;-110,137;-111,133;-107,133;-107,135;-107,136;-108,131;-108,132;-109,135;-109,137;-111,132;-111,134;-105,132;-106,135;-110,131;-110,135;-105,133;-106,134;-105,134;-106,131;-108,134;-109,134;-110,134;-111,131;-107,132;-105,136;-106,133;-108,135
-109,-32
-109,-93
-107,-94
-104,-95
-104,134;-104,136;-101,138;-104,135;-98,134;-99,138;-98,132;-103,137;-101,136;-98,136;-100,132;-102,137;-100,138;-103,133;-103,135;-102,134;-100,135;-98,135;-103,134;-103,136;-98,138;-104,133;-102,135;-102,136;-99,137;-104,138;-101,134;-100,136;-99,134;-98,137;-103,132;-102,133;-103,138;-101,132;-101,135;-101,137;-100,137;-99,133;-104,132;-104,137;-102,132;-99,135;-102,138;-100,133;-99,132;-101,133;-100,134;-99,136;-98,133
-95,34;-96,36;-96,35;-97,36;-97,35;-97,34;-95,35;-96,34;-95,36
-98,37;-98,34;-99,37;-97,39;-98,39;-99,38;-99,39;-99,34;-98,38;-98,35;-98,36;-99,36;-99,35;-97,38;-100,38;-100,37;-97,37;-100,39
-100,36;-101,35;-102,35;-101,36;-100,34;-100,35;-102,34;-101,34;-102,36
-100,127;-101,126;-99,128;-101,127;-100,128;-99,129;-100,129;-99,126;-100,126;-99,127;-101,128;-102,126;-102,128;-101,129;-102,127;-102,129
-101,38;-101,37;-101,39
-102,39;-102,38;-102,37
-96,41;-98,41;-102,41;-99,41;-95,41;-101,41;-100,41;-97,41
-98,-94;-99,-94
-98,-71
-96,112;-93,112;-96,111;-94,111;-92,111;-95,111;-95,110;-92,112;-93,111;-95,112;-94,110;-93,110;-92,110;-94,112;-96,110;-93,108;-95,108;-94,108;-92,109;-94,109;-93,109;-96,109;-95,109;-96,108;-92,108
-89,-85;-88,-86;-87,-84;-87,-86;-89,-86;-87,-85;-89,-84;-88,-84;-88,-85
-85,137
-85,139
-84,138;-83,139;-81,138;-82,138;-83,138;-84,139;-82,137;-84,137;-81,137;-83,137;-82,139;-81,139;-84,135;-84,136;-83,136;-82,135;-83,135;-82,136;-80,138;-80,139;-80,135;-80,137;-81,136;-81,135;-80,136
-86,139
-86,140
-83,141
-84,140
-83,140
-82,141
-86,141
-85,141
-81,141
-86,138
-85,138
-82,140
-86,137
-85,140
-84,141
-81,140
-82,84;-83,83;-82,85;-85,83;-85,86;-84,84;-82,86;-83,85;-82,83;-84,86;-84,83;-83,86;-85,85;-83,84;-84,85;-85,84
-75,72;-75,74;-80,76;-76,78;-78,76;-75,76;-75,75;-79,76;-80,77;-75,73;-76,76;-80,78;-75,77;-80,74;-77,76;-80,75;-76,77;-75,71;-75,78
-75,-150;-75,-149;-74,-149;-74,-150
-73,52;-73,68;-73,57;-73,62;-73,51;-73,73;-73,53;-73,69;-73,58;-73,67;-73,59;-73,63;-73,60;-73,66;-73,72;-73,56;-73,65;-73,71;-73,50;-73,70;-73,55;-73,54;-73,61;-73,64;-72,69;-72,53;-72,65;-72,67;-72,52;-72,54;-72,55;-72,60;-72,70;-72,57;-72,71;-72,73;-72,64;-72,51;-72,61;-72,50;-72,58;-72,56;-72,68;-72,59;-72,63;-72,72;-72,62;-72,66;-71,51;-71,50;-71,73;-71,72;-70,50;-70,72;-70,51;-70,73;-69,51;-69,50;-68,73;-69,72;-69,73;-68,51;-68,72;-68,50;-67,51;-66,72;-66,73;-67,73;-67,50;-67,72;-66,50;-66,51;-65,72;-65,73;-64,72;-65,50;-65,51;-64,50;-64,51;-64,73;-63,50;-63,72;-63,73;-62,50;-63,51;-62,73;-62,72;-62,51;-60,50;-60,51;-60,73;-61,50;-61,51;-60,72;-61,72;-61,73;-59,50;-58,51;-59,72;-58,73;-59,73;-58,50;-59,51;-58,72;-57,51;-57,50;-57,73;-56,72;-57,72;-56,50;-56,73;-56,51;-54,50;-54,51;-55,51;-54,72;-54,73;-55,73;-55,50;-55,72;-53,51;-53,72;-52,72;-53,50;-52,51;-52,73;-53,73;-52,50;-51,69;-51,67;-50,58;-50,61;-50,72;-51,61;-50,63;-51,52;-50,69;-50,71;-51,62;-51,63;-50,68;-50,70;-51,56;-51,50;-51,58;-51,59;-51,60;-51,72;-50,57;-50,65;-50,67;-50,62;-51,54;-51,70;-51,73;-50,52;-50,54;-50,56;-51,65;-50,50;-51,51;-51,53;-50,59;-50,60;-50,64;-51,55;-51,57;-51,66;-51,68;-50,73;-51,71;-51,64;-50,55;-50,66;-50,51;-50,53
-72,32
-73,-150;-73,-149;-72,-150;-72,-149
-71,32
-71,-150;-71,-149;-70,-150;-70,-149
-64,-69;-63,-71;-59,-68;-62,-68;-61,-70;-59,-70;-64,-70;-62,-69;-62,-71;-61,-71;-64,-68;-63,-70;-60,-71;-60,-70;-61,-68;-59,-69;-59,-71;-61,-69;-64,-71;-63,-69;-60,-68;-60,-69;-63,-68;-62,-70
-71,53;-70,56;-70,53;-71,55;-71,52;-71,56;-69,52;-68,53;-68,54;-67,54;-70,54;-68,55;-67,53;-69,53;-68,52;-67,55;-71,54;-70,55;-69,55;-68,56;-69,54;-70,52;-67,56;-69,56;-67,52
-68,57;-67,65;-66,62;-71,67;-69,66;-67,66;-66,57;-66,65;-66,67;-65,68;-64,58;-71,66;-71,68;-69,57;-68,58;-67,61;-66,71;-71,65;-68,63;-68,65;-66,61;-69,71;-68,60;-66,53;-66,56;-65,54;-71,57;-71,59;-71,63;-68,59;-66,55;-66,66;-65,58;-65,64;-65,71;-71,62;-70,63;-67,57;-65,61;-64,54;-69,60;-68,64;-67,71;-71,60;-70,60;-67,62;-66,52;-66,58;-65,67;-71,58;-71,69;-68,61;-68,71;-66,54;-66,69;-65,62;-65,63;-65,69;-64,52;-65,55;-70,66;-69,63;-65,56;-65,60;-70,71;-66,70;-65,59;-64,53;-64,55;-71,61;-71,64;-68,62;-67,58;-65,65;-71,71;-64,57;-71,70;-70,57;-68,66;-66,68;-65,52;-64,56;-63,71;-61,58;-61,66;-60,53;-59,52;-58,64;-58,65;-58,69;-57,61;-52,60;-60,65;-60,66;-60,70;-59,58;-59,67;-59,68;-58,55;-57,53;-57,69;-55,61;-64,66;-64,68;-62,65;-58,54;-58,56;-54,57;-53,66;-52,58;-52,65;-63,65;-61,70;-58,62;-57,66;-62,58;-59,70;-58,68;-56,62;-52,57;-60,57;-58,60;-57,54;-57,57;-57,65;-56,57;-55,65;-53,57;-64,70;-63,52;-63,66;-61,52;-61,53;-59,53;-57,67;-55,60;-55,62;-55,64;-61,65;-60,52;-55,63;-64,71;-55,66;-53,60;-58,58;-58,67;-58,71;-57,56;-56,61;-56,65;-55,57;-63,57;-59,55;-59,65;-57,52;-54,66;-52,61;-62,66;-62,70;-61,57;-59,69;-58,59;-58,61;-57,62;-52,63;-64,67;-63,70;-61,71;-57,71;-52,59;-64,65;-63,53;-62,52;-62,53;-60,58;-59,66;-58,63;-55,58;-54,63;-53,63;-52,64;-64,69;-63,58;-59,54;-59,71;-58,52;-57,55;-57,70;-56,58;-59,56;-57,58;-55,59;-54,60;-52,66;-62,57;-62,71;-60,71;-59,57;-57,68;-56,66;-52,62
-65,57
-67,60;-66,59;-66,60;-67,59
-66,64;-67,63;-66,63;-67,64
-67,69;-70,67;-67,70;-68,67;-68,69;-69,68;-70,68;-70,70;-67,67;-70,69;-68,68;-69,70;-69,67;-68,70;-69,69;-67,68
-70,65;-70,64;-69,64;-69,65
-69,58;-70,59;-70,58;-69,59
-70,61;-70,62;-69,61;-69,62
-65,70
-65,66
-63,61;-62,59;-64,62;-64,60;-64,64;-62,62;-62,63;-59,62;-63,64;-63,62;-59,64;-61,63;-60,59;-59,59;-62,60;-60,61;-59,61;-60,64;-64,59;-59,60;-64,61;-62,64;-61,59;-61,62;-60,63;-61,61;-60,60;-60,62;-59,63;-64,63;-63,59;-63,60;-63,63;-62,61;-61,60;-61,64
-60,54;-63,54;-63,55;-60,56;-62,56;-62,55;-63,56;-61,56;-61,55;-61,54;-60,55;-62,54
-57,64;-56,63;-57,63;-56,64
-55,56;-56,56;-54,55;-53,52;-53,56;-56,53;-54,53;-53,55;-52,53;-56,54;-53,54;-52,55;-52,52;-53,53;-54,52;-56,55;-55,52;-55,55;-55,53;-54,54;-54,56;-52,54;-52,56;-56,52;-55,54
-61,69;-62,68;-60,68;-60,69;-63,67;-62,67;-63,68;-63,69;-62,69;-60,67;-61,67;-61,68
-58,70
-54,64;-53,64;-53,65;-54,65
-56,59;-57,60;-56,60;-57,59
-53,59;-54,59;-53,58;-54,58
-53,62;-53,61;-54,61;-54,62
-58,57
-58,66
-58,53
-70,-30;-70,-31
-69,-149;-69,-150;-68,-149;-68,-150
-65,31;-63,31;-62,31;-65,30;-66,29;-62,28;-62,30;-64,29;-63,28;-61,29;-65,29;-64,28;-61,28;-64,31;-63,30;-66,30;-66,31;-63,29;-62,29;-61,31;-66,28;-65,28;-61,30;-64,30
-67,-114;-66,-114
-61,-32
-58,-132
-56,2
-51,149
-39,-3
-38,-3
-37,-3
-36,-3
-31,-9
-28,-59;-27,-56;-25,-57;-28,-56;-27,-57;-26,-58;-27,-60;-26,-56;-25,-55;-26,-55;-25,-59;-24,-57;-24,-55;-28,-57;-26,-59;-24,-56;-27,-59;-28,-60;-24,-59;-26,-60;-24,-60;-25,-56;-27,-55;-26,-57;-25,-60;-27,-58;-24,-58;-28,-58;-28,-55;-25,-58
-25,92;-24,92;-24,89;-24,90;-24,91;-25,91;-23,88;-23,89;-26,88;-25,90;-26,90;-26,92;-26,91;-25,88;-23,90;-23,92;-26,89;-25,89;-23,91;-24,88
-26,-125
-20,84;-14,90;-12,84;-19,84;-18,84;-18,85;-17,91;-15,85;-15,86;-15,88;-13,89;-12,87;-20,88;-18,92;-17,85;-17,86;-16,84;-16,91;-13,84;-12,90;-21,83;-19,85;-18,86;-16,85;-16,87;-15,84;-12,91;-21,91;-21,92;-19,90;-18,83;-18,89;-12,86;-12,89;-21,85;-20,85;-20,87;-20,89;-20,92;-19,83;-18,91;-16,86;-15,90;-14,91;-21,86;-20,83;-20,86;-20,91;-15,87;-18,88;-17,88;-15,83;-14,84;-14,92;-15,91;-15,89;-13,83;-12,85;-12,88;-20,90;-17,87;-16,88;-14,83;-14,87;-14,86;-13,85;-17,83;-16,90;-13,90;-19,91;-17,89;-16,83;-13,86;-13,92;-21,88;-21,90;-19,87;-19,92;-17,84;-17,90;-17,92;-16,92;-15,92;-14,85;-13,87;-13,91;-12,92;-21,84;-21,87;-21,89;-19,86;-19,88;-19,89;-18,87;-18,90;-16,89;-14,88;-14,89;-13,88;-12,83
-14,-13
-9,-85;-9,-81;-9,-77;-7,-91;-7,-90;-7,-85;-9,-89;-9,-80;-9,-76;-8,-89;-8,-75;-9,-91;-9,-90;-9,-84;-8,-73;-7,-82;-6,-87;-9,-74;-8,-91;-8,-88;-7,-78;-7,-77;-6,-86;-8,-90;-8,-72;-7,-73;-9,-75;-7,-87;-9,-73;-7,-84;-7,-83;-7,-76;-6,-81;-8,-86;-8,-85;-8,-80;-6,-88;-6,-83;-6,-79;-9,-86;-9,-78;-8,-82;-8,-77;-7,-88;-7,-74;-7,-86;-7,-79;-7,-75;-9,-82;-9,-79;-7,-72;-9,-88;-9,-83;-8,-81;-8,-78;-6,-91;-6,-82;-8,-84;-8,-79;-8,-74;-7,-89;-7,-81;-7,-80;-9,-72;-6,-90;-6,-89;-6,-85;-9,-87;-8,-87;-8,-83;-8,-76;-6,-84;-6,-80;-6,-78;-6,-77;-6,-75;-5,-87;-6,-74;-5,-82;-4,-82;-4,-81;-4,-78;-3,-85;-2,-77;-1,-79;0,-86;1,-91;2,-72;3,-80;5,-73;6,-82;6,-73;7,-76;8,-89;9,-86;9,-82;10,-72;-6,-76;-5,-84;-5,-79;-5,-76;-4,-84;-3,-74;-2,-91;-2,-87;-2,-86;-1,-90;-1,-86;-1,-77;-1,-73;0,-85;1,-80;1,-76;2,-91;3,-79;3,-76;3,-72;4,-90;4,-78;4,-77;4,-75;5,-89;5,-84;7,-75;7,-73;8,-73;9,-91;10,-80;-5,-88;-3,-84;0,-81;0,-80;0,-74;1,-89;1,-73;2,-83;3,-86;3,-82;4,-88;7,-81;8,-85;9,-79;-5,-86;-4,-89;-4,-80;0,-87;1,-87;5,-91;5,-87;5,-86;5,-74;6,-89;6,-86;6,-84;6,-75;7,-86;7,-79;8,-75;10,-85;10,-74;-6,-73;-5,-91;-5,-72;-4,-76;-2,-82;-1,-87;-1,-80;0,-90;0,-79;0,-77;1,-88;1,-77;2,-87;2,-74;4,-89;5,-82;6,-87;6,-80;6,-77;7,-89;7,-83;8,-83;9,-73;10,-90;-5,-90;-5,-81;-3,-78;0,-73;1,-86;1,-83;3,-77;4,-74;4,-72;6,-74;7,-84;8,-91;8,-78;10,-79;10,-77;-3,-90;-2,-83;-2,-81;-1,-83;3,-84;5,-85;5,-80;5,-79;5,-78;6,-72;8,-77;9,-83;9,-78;-4,-86;-6,-72;-4,-77;-4,-73;-4,-72;-3,-80;-2,-85;-2,-79;-2,-76;-2,-75;-2,-73;-1,-89;0,-89;2,-88;2,-84;2,-77;2,-76;3,-75;4,-86;4,-84;4,-76;6,-76;7,-87;8,-80;8,-79;8,-76;9,-84;9,-75;10,-89;-5,-89;-5,-75;-5,-77;-5,-85;-5,-83;-4,-83;-4,-79;-3,-82;-3,-75;-2,-78;-1,-91;2,-89;2,-78;3,-85;3,-78;4,-82;4,-81;6,-79;7,-90;7,-80;8,-72;10,-84;10,-82;-3,-91;-4,-88;-4,-87;-4,-74;-3,-83;-3,-79;-3,-77;-2,-90;-1,-75;0,-75;0,-72;1,-82;1,-74;3,-90;3,-88;3,-74;4,-87;4,-80;5,-90;5,-81;5,-75;5,-72;6,-91;8,-81;9,-85;-1,-88;-1,-85;-1,-74;0,-82;1,-84;4,-83;6,-88;8,-87;10,-75;10,-73;-4,-85;-3,-88;-3,-87;-3,-81;-3,-72;-1,-84;-1,-82;-1,-72;1,-81;1,-75;2,-86;2,-73;3,-89;6,-90;6,-81;7,-88;7,-72;-5,-78;-3,-73;-2,-72;-1,-81;-1,-78;0,-83;0,-76;1,-79;2,-79;3,-83;3,-73;5,-76;6,-85;7,-91;7,-78;8,-74;9,-87;9,-80;10,-87;-4,-90;-2,-88;0,-84;0,-78;1,-85;5,-88;6,-78;7,-82;7,-77;7,-74;8,-88;8,-84;10,-78;-5,-80;-5,-73;-5,-74;-4,-75;-3,-89;-3,-86;-2,-89;1,-90;1,-72;2,-82;2,-80;2,-75;3,-87;4,-85;4,-79;4,-73;5,-83;5,-77;7,-85;8,-86;8,-82;9,-90;9,-89;9,-88;9,-81;10,-88;10,-86;10,-76;-4,-91;-3,-76;-2,-84;-2,-80;-2,-74;-1,-76;0,-91;0,-88;1,-78;2,-90;2,-85;2,-81;3,-91;3,-81;4,-91;6,-83;8,-90;9,-77;9,-76;9,-74;9,-72;10,-91;10,-83;10,-81
-8,109;-8,108;-7,109;-7,108
3,-54;2,-54
11,102;9,100;6,100;7,104;8,104;10,104;11,101;5,101;5,102;6,103;6,104;10,103;7,102;11,100;11,104;5,104;5,103;8,102;9,103;10,101;7,100;9,104;7,103;9,101;10,102;9,102;6,101;6,102;7,101;8,101;5,100;8,103;11,103;8,100;10,100
6,99
5,117;6,117;6,118;5,118
13,-90
14,103;18,103;18,102;15,104;16,103;18,104;14,101;14,104;15,103;17,103;18,101;16,101;17,100;15,102;16,104;17,101;15,100;17,104;17,102;14,100;15,101;16,102;14,102;16,100
16,-30
20,-119;20,-120;20,-118
29,106;30,105;31,107;32,107;33,107;27,106;27,107;31,105;32,109;28,105;28,109;28,110;32,108;27,109;28,108;30,107;29,108;31,110;26,107;27,108;31,108;28,107;29,110;32,105;33,108;26,110;30,108;27,105;32,106;32,110;27,110;29,107;33,105;26,108;29,105;31,106;31,109;26,109;30,110;33,106;26,106;28,106;29,109;30,106;30,109;33,110;26,105;33,109
35,-119
38,-121
35,-118;36,-118;37,-118;38,-118
37,-120
36,-121
36,-119
38,-120
37,-121
37,-119
36,-120
35,-121
38,-119
35,-120
36,-77
36,-76
35,-79
35,-76
35,-78
36,-79
35,-77
36,-78
37,-76
37,-78
37,-77
37,-79
40,-5
49,-41;47,-40;48,-41;48,-40;47,-41;49,-40
48,-46;47,-45;48,-44;49,-45;48,-43;47,-46;47,-44;47,-43;49,-46;48,-45;49,-44;49,-43
77,-101;77,-102
79,-137
78,-105
99,48
99,47
96,-131;96,-132;98,-132;97,-131;98,-131;97,-132
96,-114;96,-113;96,-115;97,-115;98,-115;97,-116;97,-113;97,-114;98,-116;98,-114;98,-113;99,-116;100,-115;99,-115;100,-114;100,-113;99,-113;100,-116;99,-114
98,47
96,-104
94,24
98,17
100,17
103,81;103,76;104,77;103,80;104,76;103,78;103,77;103,79;104,80;104,81;104,79;104,78
99,-131;99,-130;100,-130;100,-131
99,17
104,75;103,75
100,55;101,55
104,41
106,51
106,50;107,50
109,49
107,51
116,-26;118,-25;118,-26;121,-26;120,-25;120,-27;117,-26;117,-27;119,-27;120,-26;117,-25;119,-25;121,-27;119,-26;118,-27;121,-25
126,-5
137,-2;138,-3;137,-3;138,-2
137,130;136,130;138,130
147,61;147,62;147,63;148,60;149,65;145,65;146,61;145,64;148,61;149,63;145,62;147,60;145,60;146,65;149,64;147,65;149,61;148,63;149,60;146,60;147,64;145,63;145,61;146,62;148,62;148,64;146,64;148,65;149,62;146,63