-150,-143
-150,-137
-150,72;-149,72;-148,72;-147,72;-146,72;-145,72;-144,72;-143,72;-142,72;-141,72;-140,72;-139,72;-150,71;-149,71;-148,71;-147,71;-146,71;-145,71;-144,71;-143,71;-142,71;-141,71;-140,71;-139,71;-150,70;-149,70;-148,70;-147,70;-146,70;-145,70;-144,70;-143,70;-142,70;-141,70;-140,70;-139,70;-150,69;-149,69;-148,69;-147,69;-146,69;-145,69;-144,69;-143,69;-142,69;-141,69;-140,69;-139,69;-150,68;-149,68;-148,68;-147,68;-146,68;-145,68;-144,68;-143,68;-142,68;-141,68;-140,68;-139,68;-150,67;-149,67;-148,67;-147,67;-146,67;-145,67;-144,67;-143,67;-142,67;-141,67;-140,67;-139,67;-150,66;-149,66;-148,66;-147,66;-146,66;-145,66;-144,66;-143,66;-142,66;-141,66;-140,66;-139,66;-150,65;-149,65;-148,65;-147,65;-146,65;-145,65;-144,65;-143,65;-142,65;-141,65;-140,65;-139,65;-150,64;-149,64;-148,64;-147,64;-146,64;-145,64;-144,64;-143,64;-142,64;-141,64;-140,64;-139,64
-143,-117
-139,-150
-132,-45
-126,15
-123,-134;-123,-133;-123,-132;-123,-131;-123,-130;-123,-129;-123,-128;-123,-127;-122,-134;-122,-133;-122,-132;-122,-131;-122,-130;-122,-129;-122,-128;-122,-127;-121,-134;-121,-133;-121,-132;-121,-131;-121,-130;-121,-129;-121,-128;-121,-127;-120,-134;-120,-133;-120,-132;-120,-131;-120,-130;-120,-129;-120,-128;-120,-127;-119,-134;-119,-133;-119,-132;-119,-131;-119,-130;-119,-129;-119,-128;-119,-127;-118,-134;-118,-133;-118,-132;-118,-131;-118,-130;-118,-129;-118,-128;-118,-127;-117,-134;-117,-133;-117,-132;-117,-131;-117,-130;-117,-129;-117,-128;-117,-127;-116,-134;-116,-133;-116,-132;-116,-131;-116,-130;-116,-129;-116,-128;-116,-127
-121,90
-120,90
-119,107;-119,108;-118,107;-118,108;-117,107;-117,108
-118,92;-118,91;-118,90;-117,92;-117,91;-117,90;-116,92;-116,91;-116,90;-115,92;-115,91;-115,90
-115,-101
-115,-19;-115,-18;-115,-17;-115,-16;-115,-15;-114,-19;-114,-18;-114,-17;-114,-16;-114,-15;-113,-19;-113,-18;-113,-17;-113,-16;-113,-15;-112,-19;-112,-18;-112,-17;-111,-17;-112,-16;-112,-15;-111,-19;-111,-18
-114,-45
-111,-125;-111,-124;-111,-123;-111,-122;-111,-121;-111,-120;-111,-119;-111,-118;-111,-117;-111,-116;-111,-115;-111,-114;-111,-113;-110,-125;-110,-124;-110,-123;-110,-122;-110,-121;-110,-120;-110,-119;-110,-118;-110,-117;-110,-116;-110,-115;-110,-114;-110,-113;-109,-125;-109,-124;-109,-123;-109,-122;-109,-121;-109,-120;-109,-119;-109,-118;-109,-117;-109,-116;-109,-115;-109,-114;-109,-113;-108,-125;-108,-124;-108,-123;-108,-122;-108,-121;-108,-120;-108,-119;-108,-118;-108,-117;-108,-116;-108,-115;-108,-114;-108,-113;-107,-125;-107,-124;-107,-123;-107,-122;-107,-121;-107,-120;-107,-119;-107,-118;-107,-117;-107,-116;-107,-115;-107,-114;-107,-113;-106,-125;-106,-124;-106,-123;-106,-122;-106,-121;-106,-120;-106,-119;-106,-118;-106,-117;-106,-116;-106,-115;-106,-114;-106,-113;-105,-125;-105,-124;-105,-123;-105,-122;-105,-121;-105,-120;-105,-119;-105,-118;-105,-117;-105,-116;-105,-115;-105,-114;-105,-113;-104,-125;-104,-124;-104,-123;-104,-122;-104,-121;-104,-120;-104,-119;-104,-118;-104,-117;-104,-116;-104,-115;-104,-114;-104,-113;-103,-125;-103,-124;-103,-123;-103,-122;-103,-121;-103,-120;-103,-119;-103,-118;-103,-117;-103,-116;-103,-115;-103,-114;-103,-113;-102,-125;-102,-124;-102,-123;-102,-122;-102,-121;-102,-120;-102,-119;-102,-118;-102,-117;-102,-116;-102,-115;-102,-114;-102,-113;-101,-125;-101,-124;-101,-123;-101,-122;-101,-121;-101,-120;-101,-119;-101,-118;-101,-117;-101,-116;-101,-115;-101,-114;-101,-113;-100,-125;-100,-124;-100,-123;-100,-122;-100,-121;-100,-120;-100,-119;-100,-118;-100,-117;-100,-116;-100,-115;-100,-114;-100,-113;-99,-125;-99,-124;-99,-123;-99,-122;-99,-121;-99,-120;-99,-119;-99,-118;-99,-117;-99,-116;-99,-115;-99,-114;-99,-113
-111,-44
-107,41;-107,40;-107,39;-107,38;-108,41;-108,40;-108,39;-108,38;-109,41;-109,40;-109,39;-109,38;-110,41;-110,40;-110,39;-110,38
-105,34;-105,35;-105,36;-105,37;-104,34;-104,35;-104,36;-104,37;-103,34;-103,35;-103,36;-103,37;-102,37;-102,36;-102,35;-102,34
-105,38;-105,39;-105,40;-105,41;-104,38;-104,39;-104,40;-104,41;-103,38;-103,39;-103,40;-103,41;-102,41;-102,40;-102,39;-102,38
-105,-143;-105,-144;-105,-145;-105,-146;-105,-147;-104,-142;-104,-143;-104,-144;-104,-145;-104,-146;-104,-147;-103,-142;-103,-143;-103,-144;-103,-145;-103,-146;-103,-147;-102,-144;-102,-143;-102,-145;-102,-146;-102,-147
-95,35;-95,34
-96,39
-96,38
-96,37;-96,36
-96,34;-97,34
-97,39;-97,38;-97,37;-98,39;-98,38;-98,37;-98,36;-98,35;-98,34;-99,39;-99,38;-99,37;-99,36;-99,35;-99,34;-100,39;-100,38;-100,37
-100,36;-101,36
-96,-88
-93,15;-92,15
-91,-22
-87,-84;-87,-85;-87,-86;-88,-84;-88,-85;-88,-86;-89,-84;-89,-85;-89,-86
-86,-35
-86,-28
-74,-47;-74,-46
-73,41
-54,58;-54,59;-54,60;-53,58;-53,59;-53,60;-52,58;-52,59;-52,60
-69,-139
-69,28;-69,29;-69,30;-69,31;-68,28;-68,29;-68,30;-68,31;-67,28;-67,29;-67,30;-67,31;-66,28;-66,29;-66,30;-66,31;-65,28;-65,29;-65,30;-65,31;-64,28;-64,29;-64,30;-64,31;-63,28;-63,29;-63,30;-63,31;-62,28;-62,29;-62,30;-62,31;-61,28;-61,29;-61,30;-61,31
-59,128;-58,128;-59,127;-58,127
-56,127;-56,128;-55,127;-55,128
-56,-18
-54,-140
-54,128;-53,128;-54,127;-53,127
-51,92;-50,92;-51,91;-50,91
-50,149;-49,149
-48,116;-48,117;-47,116;-47,117
-44,74
-42,133;-42,134;-42,135;-42,136;-42,137;-41,133;-41,134;-41,135;-41,136;-41,137;-40,133;-40,134;-40,135;-40,136;-40,137;-39,133;-39,134;-39,135;-39,136;-39,137;-38,133;-38,134;-38,135;-38,136;-38,137
-40,-59
-39,-3;-38,-3;-37,-3;-36,-3
-38,-36;-37,-36
-37,49
-32,140;-31,140
-30,-108;-30,-107;-29,-108;-29,-107
-28,-9;-28,-8;-28,-7;-27,-9;-27,-8;-27,-7;-26,-9;-26,-8;-26,-7
-25,34;-25,35
-23,23
-17,-110;-17,-111;-17,-112;-17,-113;-17,-114;-17,-115;-18,-110;-18,-111;-18,-112;-18,-113;-18,-114;-18,-115;-19,-110;-19,-111;-19,-112;-19,-113;-19,-114;-19,-115;-20,-110;-20,-111;-20,-112;-20,-113;-20,-114;-20,-115;-21,-110;-21,-111;-21,-112;-21,-113;-21,-114;-21,-115
-21,148
-20,-133;-19,-133
-20,-132
-19,-132
-18,-17
-16,-27
-15,-115
-13,-108
-4,-34;-3,-34;-4,-35;-3,-35;-2,-34;-2,-35;-1,-35;-1,-34
-3,-105
-2,-122
2,16;3,16;4,16;5,16;2,17;3,17;4,17;5,17;2,18;3,18;4,18;5,18
2,34
3,40
3,117;3,118;4,117;4,118
7,-36;7,-35;7,-34;7,-33;8,-36;8,-35;8,-34;8,-33;9,-36;9,-35;9,-34;9,-33;10,-36;10,-35;10,-34;10,-33
10,13
13,-112
13,-111
12,-31
15,-117;16,-117;17,-117
18,15
19,-119
19,8
19,9;19,10;20,9;20,10
21,19;21,20;22,19;22,20
22,-118;23,-118
22,69;22,70;22,71;23,69;23,70;23,71;24,69;24,70;24,71
23,11
24,-52
25,-83
30,-112;30,-111
31,90
32,90
32,91
32,92
33,64
33,90
33,91
33,92
34,90
34,91
34,92
38,-80;38,-81;38,-82;38,-83;37,-80;37,-81;37,-82;37,-83;36,-80;36,-81;36,-82;36,-83;35,-80;35,-81;35,-82;35,-83
35,80;35,81;36,80;36,81
35,90
36,-63
36,8;37,8;36,9;37,9
36,90;36,91;36,92;36,93;36,94;36,95;36,96;36,97;37,90;37,91;37,92;37,93;37,94;37,95;37,96;37,97;38,90;38,91;38,92;38,93;38,94;38,95;38,96;38,97
37,-114
38,8;39,8
38,103
39,9
41,-118
47,-46;48,-46;49,-46;47,-45;48,-45;49,-45;47,-44;48,-44;49,-44;47,-43;48,-43;49,-43
48,-85;48,-84;49,-85;49,-84;50,-85;50,-84
48,140;48,141
57,-48
57,-32
58,-32
59,-32
66,-48
67,-121
71,29
74,-103
75,-104
75,-103
74,-102;74,-101;75,-102;75,-101
74,-67;75,-67;76,-67;77,-67;78,-67;79,-67;80,-67;81,-67;82,-67;83,-67;84,-67;85,-67;86,-67;87,-67;88,-67;74,-68;75,-68;76,-68;77,-68;78,-68;79,-68;80,-68;81,-68;82,-68;83,-68;84,-68;85,-68;86,-68;87,-68;88,-68;74,-69;75,-69;76,-69;77,-69;78,-69;79,-69;80,-69;81,-69;82,-69;83,-69;84,-69;85,-69;86,-69;87,-69;88,-69;74,-70;75,-70;76,-70;77,-70;78,-70;79,-70;80,-70;81,-70;82,-70;83,-70;84,-70;85,-70;86,-70;87,-70;88,-70;74,-71;75,-71;76,-71;77,-71;78,-71;79,-71;80,-71;81,-71;82,-71;83,-71;84,-71;85,-71;86,-71;87,-71;88,-71;74,-72;75,-72;76,-72;77,-72;78,-72;79,-72;80,-72;81,-72;82,-72;83,-72;84,-72;85,-72;86,-72;87,-72;88,-72;74,-73;75,-73;76,-73;77,-73;78,-73;79,-73;80,-73;81,-73;82,-73;83,-73;84,-73;85,-73;86,-73;87,-73;88,-73;74,-74;75,-74;76,-74;77,-74;78,-74;79,-74;80,-74;81,-74;82,-74;83,-74;84,-74;85,-74;86,-74;87,-74;88,-74;74,-75;75,-75;76,-75;77,-75;78,-75;79,-75;80,-75;81,-75;82,-75;83,-75;84,-75;85,-75;86,-75;87,-75;88,-75
74,51;75,56;75,55;75,54;75,53;75,52;75,51;74,56;74,55;74,54;74,53;74,52;76,56;76,55;76,54;76,53;76,52;76,51;77,56;77,55;77,54;77,53;77,52;77,51;78,56;78,55;78,54;78,53;78,52;78,51;79,56;79,55;79,54;79,53;79,52;79,51
77,-102;77,-101
78,-105
82,-32;82,-31;82,-30;83,-32;83,-31;83,-30;84,-32;84,-31;84,-30;85,-32;85,-31;86,-31;85,-30;86,-30;86,-32
83,-130
84,-16
87,-16;87,-15;87,-14;87,-13;87,-12;88,-16;88,-15;88,-14;88,-13;88,-12;89,-16;89,-15;89,-14;89,-13;89,-12;90,-16;90,-15;90,-14;90,-13;90,-12
89,-130
89,-58;90,-58;91,-58;92,-58;93,-58;94,-58;95,-58;96,-58;97,-58;98,-58;99,-58;100,-58;101,-58;102,-58;103,-58;104,-58;105,-58;106,-58;89,-59;90,-59;91,-59;92,-59;93,-59;94,-59;95,-59;96,-59;97,-59;98,-59;99,-59;100,-59;101,-59;102,-59;103,-59;104,-59;105,-59;106,-59;89,-60;90,-60;91,-60;92,-60;93,-60;94,-60;95,-60;96,-60;97,-60;98,-60;99,-60;100,-60;101,-60;102,-60;103,-60;104,-60;105,-60;106,-60;89,-61;90,-61;91,-61;92,-61;93,-61;94,-61;95,-61;96,-61;97,-61;98,-61;99,-61;100,-61;101,-61;102,-61;103,-61;104,-61;105,-61;106,-61;89,-62;90,-62;91,-62;92,-62;93,-62;94,-62;95,-62;96,-62;97,-62;98,-62;99,-62;100,-62;101,-62;102,-62;103,-62;104,-62;105,-62;106,-62;89,-63;90,-63;91,-63;92,-63;93,-63;94,-63;95,-63;96,-63;97,-63;98,-63;99,-63;100,-63;101,-63;102,-63;103,-63;104,-63;105,-63;106,-63;89,-64;90,-64;91,-64;92,-64;93,-64;94,-64;95,-64;96,-64;97,-64;98,-64;99,-64;100,-64;101,-64;102,-64;103,-64;104,-64;105,-64;106,-64;89,-65;90,-65;91,-65;92,-65;93,-65;94,-65;95,-65;96,-65;97,-65;98,-65;99,-65;100,-65;101,-65;102,-65;103,-65;104,-65;105,-65;106,-65;89,-66;90,-66;91,-66;92,-66;93,-66;94,-66;95,-66;96,-66;97,-66;98,-66;99,-66;100,-66;101,-66;102,-66;103,-66;104,-66;105,-66;106,-66;89,-67;90,-67;91,-67;92,-67;93,-67;94,-67;95,-67;96,-67;97,-67;98,-67;99,-67;100,-67;101,-67;102,-67;103,-67;104,-67;105,-67;106,-67;89,-68;90,-68;91,-68;92,-68;93,-68;94,-68;95,-68;96,-68;97,-68;98,-68;99,-68;100,-68;101,-68;102,-68;103,-68;104,-68;105,-68;106,-68;89,-69;90,-69;91,-69;92,-69;93,-69;94,-69;95,-69;96,-69;97,-69;98,-69;99,-69;100,-69;101,-69;102,-69;103,-69;104,-69;105,-69;106,-69;89,-70;90,-70;91,-70;92,-70;93,-70;94,-70;95,-70;96,-70;97,-70;98,-70;99,-70;100,-70;101,-70;102,-70;103,-70;104,-70;105,-70;106,-70;89,-71;90,-71;91,-71;92,-71;93,-71;94,-71;95,-71;96,-71;97,-71;98,-71;99,-71;100,-71;101,-71;102,-71;103,-71;104,-71;105,-71;106,-71;89,-72;90,-72;91,-72;92,-72;93,-72;94,-72;95,-72;96,-72;97,-72;98,-72;99,-72;100,-72;101,-72;102,-72;103,-72;104,-72;105,-72;106,-72;89,-73;90,-73;91,-73;92,-73;93,-73;94,-73;95,-73;96,-73;97,-73;98,-73;99,-73;100,-73;101,-73;102,-73;103,-73;104,-73;105,-73;106,-73;89,-74;90,-74;91,-74;92,-74;93,-74;94,-74;95,-74;96,-74;97,-74;98,-74;99,-74;100,-74;101,-74;102,-74;103,-74;104,-74;105,-74;106,-74;89,-75;90,-75;91,-75;92,-75;93,-75;94,-75;95,-75;96,-75;97,-75;98,-75;99,-75;100,-75;101,-75;102,-75;103,-75;104,-75;105,-75;106,-75
94,-32;94,-31;94,-30;94,-29;94,-28;95,-32;95,-31;95,-30;95,-29;95,-28;96,-32;96,-31;96,-30;96,-29;96,-28;97,-32;97,-31;97,-30;97,-29;97,-28;98,-32;98,-31;98,-30;98,-29;98,-28;99,-32;99,-31;99,-30;99,-29;99,-28
96,-132;96,-131;97,-132;97,-131;98,-132;98,-131
98,-104
99,-131;99,-130;100,-131;100,-130
99,-102
99,-101;100,-101
100,-149
100,-102
101,-108;101,-109;101,-110;102,-110;102,-109;102,-108;103,-110;103,-109;103,-108
103,-31
114,-22
119,-12;120,-12;119,-11;120,-11
123,130;123,131;124,130;124,131;125,130;125,131;126,130;126,131;127,130;127,131
126,44;126,45;126,46;126,47;126,48;126,49;126,50;127,44;127,45;127,46;127,47;127,48;127,49;127,50;128,44;128,45;128,46;128,47;128,48;128,49;128,50;129,44;129,45;129,46;129,47;129,48;129,49;129,50;130,44;130,45;130,46;130,47;130,48;130,49;130,50;131,44;131,45;131,46;131,47;131,48;131,49;131,50;132,44;132,45;132,46;132,47;132,48;132,49;132,50
128,130;128,131
133,-37
138,1;138,2;139,1;139,2
140,-4;140,-5;140,-6;140,-7;140,-8;140,-9;140,-10;140,-11;141,-4;141,-5;141,-6;141,-7;141,-8;141,-9;141,-10;141,-11;142,-2;142,-3;142,-4;142,-5;142,-6;142,-7;142,-8;142,-9;142,-10;142,-11;143,-2;143,-3;143,-4;143,-5;143,-6;143,-7;143,-8;143,-9;143,-10;143,-11;144,-2;144,-3;144,-4;144,-5;144,-6;144,-7;144,-8;144,-9;144,-10;144,-11;145,-2;145,-3;145,-4;145,-5;145,-6;145,-7;145,-8;145,-9;145,-10;145,-11;146,-2;146,-3;146,-4;146,-5;146,-6;146,-7;146,-8;146,-9;146,-10;146,-11;147,-2;147,-3;147,-4;147,-5;147,-6;147,-7;147,-8;147,-9;147,-10;147,-11;148,-2;148,-3;148,-4;148,-5;148,-6;148,-7;148,-8;148,-9;148,-10;148,-11;149,-2;149,-3;149,-4;149,-5;149,-6;149,-7;149,-8;149,-9;149,-10;149,-11;141,-2;141,-3;140,-2;140,-3
142,-146;143,-146;142,-145;143,-145;142,-144;143,-144
145,60;145,61;145,62;145,63;145,64;145,65;146,60;146,61;146,62;146,63;146,64;146,65;147,60;147,61;147,62;147,63;147,64;148,60;147,65;148,61;148,62;148,63;148,64;148,65;149,60;149,61;149,62;149,63;149,64;149,65