-142,72;-146,71;-141,71;-149,70;-142,68;-139,68;-145,66;-148,65;-145,65;-142,65;-144,64;-145,72;-141,72;-150,70;-150,69;-145,67;-140,72;-139,72;-139,70;-146,66;-140,65;-147,64;-146,64;-140,64;-149,72;-146,72;-143,71;-140,71;-148,70;-146,70;-149,64;-148,69;-143,69;-147,68;-140,68;-147,67;-147,66;-141,65;-148,72;-143,72;-150,71;-140,70;-146,69;-139,69;-143,67;-141,66;-146,65;-147,70;-145,69;-140,66;-141,64;-147,71;-145,71;-139,66;-150,65;-144,65;-147,72;-142,71;-143,68;-150,66;-148,66;-150,64;-144,69;-140,69;-150,67;-142,69;-150,68;-144,68;-141,68;-149,66;-139,65;-145,64;-142,64;-139,64;-144,72;-146,67;-142,67;-140,67;-142,66;-148,64;-143,64;-150,72;-141,70;-149,69;-147,69;-144,67;-149,65;-149,71;-148,71;-144,71;-145,70;-148,67;-141,67;-139,67;-144,66;-143,66;-147,65;-144,70;-142,70;-148,68;-146,68;-149,67;-139,71;-143,70;-141,69;-149,68;-145,68;-143,65
-150,97;-150,100;-150,95;-150,98;-150,103;-150,99;-150,104;-150,101;-150,105;-150,94;-150,96;-150,102;-149,104;-149,94;-149,105;-149,97;-149,100;-149,96;-149,98;-149,99;-149,101;-149,102;-149,103;-149,95;-148,97;-148,105;-148,104;-148,96;-148,94;-148,99;-148,102;-148,95;-148,100;-148,101;-148,98;-148,103;-146,101;-147,98;-146,103;-146,95;-146,99;-146,98;-147,103;-146,94;-146,102;-147,94;-147,95;-147,96;-146,104;-147,101;-147,104;-147,97;-147,105;-147,102;-147,100;-146,100;-146,105;-147,99;-146,96;-146,97;-145,94;-144,104;-145,99;-144,97;-145,100;-144,105;-145,97;-145,104;-145,96;-144,98;-144,103;-145,101;-145,105;-144,94;-144,102;-145,98;-145,103;-144,100;-144,95;-144,99;-145,95;-145,102;-144,96;-144,101;-142,94;-143,94;-142,96;-143,95;-143,97;-142,104;-142,102;-142,103;-143,102;-143,100;-143,105;-143,96;-142,97;-143,104;-143,99;-143,101;-142,99;-142,100;-143,103;-142,95;-142,101;-143,98;-142,98;-142,105;-141,97;-141,100;-140,95;-141,103;-141,104;-141,105;-139,95;-141,101;-141,102;-140,96;-141,98;-141,99;-138,95;-139,94;-139,100;-141,95;-140,94;-138,94;-141,94;-141,96;-138,100;-140,103;-140,97;-140,102;-140,99;-140,104;-139,104;-139,97;-140,105;-139,105;-140,98;-139,99;-138,99;-139,103;-138,98;-139,98;-139,101;-139,102;-140,100;-140,101;-138,97;-139,96;-138,105;-138,104;-138,101;-138,103;-138,96;-138,102
-139,-109
-131,-21
-127,-75
-128,-45
-116,132;-121,134;-115,135;-122,135;-119,132;-117,134;-120,134;-119,137;-118,132;-120,132;-117,135;-120,136;-117,132;-121,133;-124,134;-119,136;-122,137;-118,133;-122,134;-117,136;-122,132;-123,132;-117,133;-123,133;-119,135;-116,134;-118,134;-117,137;-121,137;-121,132;-115,132;-116,133;-124,135;-118,136;-119,133;-122,133;-124,133;-122,136;-120,137;-120,133;-121,135;-123,134;-124,132;-115,134;-120,135;-121,136;-118,137;-118,135;-119,134;-123,135;-115,133;-116,135
-123,148;-121,149;-123,147;-120,146;-124,148;-123,149;-124,146;-123,144;-122,146;-120,148;-124,149;-122,145;-121,144;-121,145;-120,149;-122,148;-121,148;-120,144;-124,150;-121,146;-124,147;-123,146;-120,147;-122,147;-121,147;-123,145;-122,149;-122,144;-124,145;-120,145;-124,144;-123,150;-121,150;-122,150;-120,150;-119,144;-118,144;-118,149;-118,148;-118,146;-119,145;-119,148;-119,150;-119,146;-118,147;-119,149;-118,145;-118,150;-119,147
-123,143;-123,141;-123,140;-123,142;-122,140;-122,141;-122,142;-120,140;-121,142;-121,143;-122,143;-121,140;-121,141;-120,141;-120,143;-120,142
-117,-69
-112,-41
-113,-38;-113,-36;-113,-37
-112,9;-112,10;-111,9;-111,10
-106,132;-108,136;-110,132;-107,134;-109,136;-106,136;-111,135;-105,131;-105,135;-106,137;-108,133;-109,132;-108,137;-109,131;-111,137;-109,133;-105,137;-107,137;-110,133;-111,136;-107,131;-110,136;-110,137;-111,133;-107,133;-107,135;-107,136;-108,131;-108,132;-109,135;-109,137;-111,132;-111,134;-105,132;-106,135;-110,131;-110,135;-105,133;-106,134;-105,134;-106,131;-108,134;-109,134;-110,134;-111,131;-107,132;-105,136;-106,133;-108,135
-104,-95
-104,134;-104,136;-101,138;-104,135;-98,134;-99,138;-98,132;-103,137;-101,136;-98,136;-100,132;-102,137;-100,138;-103,133;-103,135;-102,134;-100,135;-98,135;-103,134;-103,136;-98,138;-104,133;-102,135;-102,136;-99,137;-104,138;-101,134;-100,136;-99,134;-98,137;-103,132;-102,133;-103,138;-101,132;-101,135;-101,137;-100,137;-99,133;-104,132;-104,137;-102,132;-99,135;-102,138;-100,133;-99,132;-101,133;-100,134;-99,136;-98,133
-98,37;-98,34;-99,37;-101,40;-101,38;-97,39;-98,39;-99,40;-99,38;-96,37;-97,40;-99,39;-99,34;-100,40;-98,38;-98,35;-96,39;-98,36;-99,36;-99,35;-101,37;-96,40;-96,38;-97,38;-100,38;-100,37;-98,40;-101,39;-97,37;-100,39
-100,127;-101,126;-99,128;-101,127;-100,128;-99,129;-100,129;-99,126;-100,126;-99,127;-101,128;-102,126;-102,128;-101,129;-102,127;-102,129
-99,99;-98,99;-99,100;-98,101;-99,102;-99,101;-98,100;-98,102;-98,98;-99,98;-97,99;-97,100;-96,98;-97,102;-96,99;-97,101;-96,101;-97,98;-96,102;-96,100;-95,101;-95,99;-95,100;-95,98;-95,102
-96,112;-93,112;-96,111;-94,111;-92,111;-95,111;-95,110;-92,112;-93,111;-95,112;-94,110;-93,110;-92,110;-94,112;-96,110;-93,108;-95,108;-94,108;-92,109;-94,109;-93,109;-96,109;-95,109;-96,108;-92,108
-82,84;-83,83;-82,85;-85,83;-85,86;-84,84;-82,86;-83,85;-82,83;-84,86;-84,83;-83,86;-85,85;-83,84;-84,85;-85,84
-75,72;-75,74;-80,76;-76,78;-78,76;-75,76;-75,75;-79,76;-80,77;-75,73;-76,76;-80,78;-75,77;-80,74;-77,76;-80,75;-76,77;-75,71;-75,78
-75,-150;-75,-149;-74,-149;-74,-150
-73,-150;-73,-149;-72,-150;-72,-149
-71,-150;-71,-149;-70,-150;-70,-149
-71,116;-71,117
-69,-149;-69,-150;-68,-149;-68,-150
-64,116
-60,3;-60,7;-62,7;-60,2;-60,8;-62,2;-61,4;-61,9;-60,5;-61,1;-61,6;-62,5;-61,8;-62,4;-61,3;-62,6;-61,5;-61,7;-62,3;-60,4;-60,1;-62,9;-62,1;-61,2;-60,6;-62,8;-60,9;-58,1;-58,3;-58,2;-58,8;-57,3;-59,3;-59,7;-59,4;-59,8;-58,4;-57,2;-57,6;-59,2;-58,5;-57,8;-58,6;-58,9;-59,9;-59,5;-59,6;-57,9;-57,1;-57,4;-57,7;-58,7;-59,1;-57,5;-56,1
-59,-21
-40,-59
-26,-125
-21,148
-15,-114
-9,-85;-9,-81;-9,-77;-7,-91;-7,-90;-7,-85;-9,-89;-9,-80;-9,-76;-8,-89;-8,-75;-9,-91;-9,-90;-9,-84;-8,-73;-7,-82;-6,-87;-9,-74;-8,-91;-8,-88;-7,-78;-7,-77;-6,-86;-8,-90;-8,-72;-7,-73;-9,-75;-7,-87;-9,-73;-7,-84;-7,-83;-7,-76;-6,-81;-8,-86;-8,-85;-8,-80;-6,-88;-6,-83;-6,-79;-9,-86;-9,-78;-8,-82;-8,-77;-7,-88;-7,-74;-7,-86;-7,-79;-7,-75;-9,-82;-9,-79;-7,-72;-9,-88;-9,-83;-8,-81;-8,-78;-6,-91;-6,-82;-8,-84;-8,-79;-8,-74;-7,-89;-7,-81;-7,-80;-9,-72;-6,-90;-6,-89;-6,-85;-9,-87;-8,-87;-8,-83;-8,-76;-6,-84;-6,-80;-6,-78;-6,-77;-6,-75;-5,-87;-6,-74;-5,-82;-4,-82;-4,-81;-4,-78;-3,-85;-2,-77;-1,-79;0,-86;1,-91;2,-72;3,-80;5,-73;6,-82;6,-73;7,-76;8,-89;9,-86;9,-82;10,-72;-6,-76;-5,-84;-5,-79;-5,-76;-4,-84;-3,-74;-2,-91;-2,-87;-2,-86;-1,-90;-1,-86;-1,-77;-1,-73;0,-85;1,-80;1,-76;2,-91;3,-79;3,-76;3,-72;4,-90;4,-78;4,-77;4,-75;5,-89;5,-84;7,-75;7,-73;8,-73;9,-91;10,-80;-5,-88;-3,-84;0,-81;0,-80;0,-74;1,-89;1,-73;2,-83;3,-86;3,-82;4,-88;7,-81;8,-85;9,-79;-5,-86;-4,-89;-4,-80;0,-87;1,-87;5,-91;5,-87;5,-86;5,-74;6,-89;6,-86;6,-84;6,-75;7,-86;7,-79;8,-75;10,-85;10,-74;-6,-73;-5,-91;-5,-72;-4,-76;-2,-82;-1,-87;-1,-80;0,-90;0,-79;0,-77;1,-88;1,-77;2,-87;2,-74;4,-89;5,-82;6,-87;6,-80;6,-77;7,-89;7,-83;8,-83;9,-73;10,-90;-5,-90;-5,-81;-3,-78;0,-73;1,-86;1,-83;3,-77;4,-74;4,-72;6,-74;7,-84;8,-91;8,-78;10,-79;10,-77;-3,-90;-2,-83;-2,-81;-1,-83;3,-84;5,-85;5,-80;5,-79;5,-78;6,-72;8,-77;9,-83;9,-78;-4,-86;-6,-72;-4,-77;-4,-73;-4,-72;-3,-80;-2,-85;-2,-79;-2,-76;-2,-75;-2,-73;-1,-89;0,-89;2,-88;2,-84;2,-77;2,-76;3,-75;4,-86;4,-84;4,-76;6,-76;7,-87;8,-80;8,-79;8,-76;9,-84;9,-75;10,-89;-5,-89;-5,-75;-5,-77;-5,-85;-5,-83;-4,-83;-4,-79;-3,-82;-3,-75;-2,-78;-1,-91;2,-89;2,-78;3,-85;3,-78;4,-82;4,-81;6,-79;7,-90;7,-80;8,-72;10,-84;10,-82;-3,-91;-4,-88;-4,-87;-4,-74;-3,-83;-3,-79;-3,-77;-2,-90;-1,-75;0,-75;0,-72;1,-82;1,-74;3,-90;3,-88;3,-74;4,-87;4,-80;5,-90;5,-81;5,-75;5,-72;6,-91;8,-81;9,-85;-1,-88;-1,-85;-1,-74;0,-82;1,-84;4,-83;6,-88;8,-87;10,-75;10,-73;-4,-85;-3,-88;-3,-87;-3,-81;-3,-72;-1,-84;-1,-82;-1,-72;1,-81;1,-75;2,-86;2,-73;3,-89;6,-90;6,-81;7,-88;7,-72;-5,-78;-3,-73;-2,-72;-1,-81;-1,-78;0,-83;0,-76;1,-79;2,-79;3,-83;3,-73;5,-76;6,-85;7,-91;7,-78;8,-74;9,-87;9,-80;10,-87;-4,-90;-2,-88;0,-84;0,-78;1,-85;5,-88;6,-78;7,-82;7,-77;7,-74;8,-88;8,-84;10,-78;-5,-80;-5,-73;-5,-74;-4,-75;-3,-89;-3,-86;-2,-89;1,-90;1,-72;2,-82;2,-80;2,-75;3,-87;4,-85;4,-79;4,-73;5,-83;5,-77;7,-85;8,-86;8,-82;9,-90;9,-89;9,-88;9,-81;10,-88;10,-86;10,-76;-4,-91;-3,-76;-2,-84;-2,-80;-2,-74;-1,-76;0,-91;0,-88;1,-78;2,-90;2,-85;2,-81;3,-91;3,-81;4,-91;6,-83;8,-90;9,-77;9,-76;9,-74;9,-72;10,-91;10,-83;10,-81
36,-32
35,10;36,10
36,-31
40,-5
49,-41;47,-40;48,-41;48,-40;47,-41;49,-40
54,62;54,61;53,61;53,62
63,68
56,63
53,67;56,69;54,67;55,67;56,70;55,68;55,69;53,70;54,69;53,68;55,70;53,69;54,70;54,68;56,67;56,68
60,67
59,59
57,60
64,64
67,53;69,56;70,56;67,54;68,56;67,55;67,56;70,54;70,55;69,55;68,53;68,54;69,54;68,55;70,53;69,53
56,54;56,53;55,56;53,56;54,56;53,55;53,54;53,53;54,53;55,53;55,55;55,54;54,55;54,54;56,55;56,56
60,68
63,56
63,58
63,65
60,65
60,58
59,64
60,55
64,59
60,56
57,58
58,63
58,60
61,60;60,61;63,62;63,61;61,62;60,62;62,60;62,63;61,61;62,61;62,62;61,63
62,-122;62,-121;63,-121;63,-122
63,114;63,113;64,114;64,113
65,117
65,114
64,117
63,117
63,115
63,116
64,115
64,116
65,116
65,115
67,63
65,60
65,63
66,115
66,114
66,116
66,117
70,-143
88,53
88,54
88,52
97,41;98,41;98,40;97,40
100,44;99,44
94,24
98,17
100,17
99,-131;99,-130;100,-130;100,-131
99,17
102,77;101,77;101,78;100,78;102,78;101,79;100,77;100,79;102,79
104,51
105,50;106,50;107,50
105,51
109,49
107,51
133,36
142,-3;146,-7;149,-7;141,-10;144,-2;145,-5;146,-5;148,-10;142,-8;142,-10;146,-10;149,-9;149,-11;140,-3;140,-6;141,-11;144,-11;146,-3;147,-2;148,-9;140,-8;141,-5;141,-9;143,-4;143,-9;144,-5;144,-6;148,-2;140,-10;141,-6;143,-10;145,-7;147,-5;147,-9;149,-4;149,-10;140,-2;141,-8;142,-9;143,-6;147,-3;149,-3;149,-8;140,-7;144,-7;146,-6;147,-6;141,-2;143,-7;140,-4;141,-7;144,-3;145,-4;147,-11;148,-4;149,-6;145,-9;145,-10;146,-9;148,-11;149,-2;142,-7;143,-8;145,-8;146,-8;140,-5;140,-9;141,-4;142,-4;143,-5;144,-4;144,-8;145,-3;145,-6;146,-4;146,-11;147,-10;148,-6;143,-2;145,-11;148,-7;142,-5;142,-11;143,-3;143,-11;144,-10;146,-2;147,-4;147,-7;148,-3;140,-11;142,-6;145,-2;147,-8;148,-8;141,-3;142,-2;144,-9;148,-5;149,-5
142,-145;142,-146;143,-144;142,-144;143,-146;143,-145
144,-27
147,61;147,62;147,63;148,60;149,65;145,65;146,61;145,64;148,61;149,63;145,62;147,60;145,60;146,65;149,64;147,65;149,61;148,63;149,60;146,60;147,64;145,63;145,61;146,62;148,62;148,64;146,64;148,65;149,62;146,63
150,72;150,67;150,73;151,72;152,70;157,65;157,67;152,72;153,72;154,66;155,70;155,71;155,72;156,63;156,65;157,72;158,64;158,70;160,67;160,70;151,71;153,63;153,67;155,64;151,63;158,73;159,72;160,64;160,68;150,63;150,71;151,64;158,63;159,66;160,73;150,68;152,68;154,64;154,73;156,70;158,71;159,64;159,65;160,69;150,65;151,66;152,67;153,65;154,72;157,63;159,67;160,63;151,70;152,64;153,69;157,68;158,67;159,69;150,64;154,65;154,69;155,66;155,67;156,72;158,69;159,70;160,65;151,67;154,63;154,68;152,63;152,71;153,64;155,65;156,69;157,69;158,66;159,71;160,66;150,69;151,68;152,73;153,66;153,73;155,63;155,68;156,67;156,68;158,72;160,71;150,70;153,68;155,73;156,73;158,65;159,63;151,65;154,67;154,70;155,69;157,64;157,73;150,66;151,69;152,65;152,69;153,70;154,71;156,64;156,66;157,70;159,68;159,73;160,72;151,73;152,66;153,71;156,71;157,66;157,71;158,68