-150,72;-149,72;-148,72;-147,72;-146,72;-145,72;-144,72;-143,72;-142,72;-141,72;-140,72;-139,72;-150,71;-149,71;-148,71;-147,71;-146,71;-145,71;-144,71;-143,71;-142,71;-141,71;-140,71;-139,71;-150,70;-149,70;-148,70;-147,70;-146,70;-145,70;-144,70;-143,70;-142,70;-141,70;-140,70;-139,70;-150,69;-149,69;-148,69;-147,69;-146,69;-145,69;-144,69;-143,69;-142,69;-141,69;-140,69;-139,69;-150,68;-149,68;-148,68;-147,68;-146,68;-145,68;-144,68;-143,68;-142,68;-141,68;-140,68;-139,68;-150,67;-149,67;-148,67;-147,67;-146,67;-145,67;-144,67;-143,67;-142,67;-141,67;-140,67;-139,67;-150,66;-149,66;-148,66;-147,66;-146,66;-145,66;-144,66;-143,66;-142,66;-141,66;-140,66;-139,66;-150,65;-149,65;-148,65;-147,65;-146,65;-145,65;-144,65;-143,65;-142,65;-141,65;-140,65;-139,65;-150,64;-149,64;-148,64;-147,64;-146,64;-145,64;-144,64;-143,64;-142,64;-141,64;-140,64;-139,64
-149,12
-146,-120
-145,44
-145,48
-144,46
-144,47
-143,46
-143,47
-142,44
-143,-7
-142,48
-142,-116
-141,-8
-141,-7
-141,-6;-141,-5;-141,-4;-140,-6;-140,-5;-140,-4;-139,-6;-139,-5;-139,-4
-140,-119
-140,-8;-140,-7
-140,45
-140,47
-139,-8
-139,-7
-136,-36
-133,-35
-133,-33;-132,-34;-132,-33
-129,-46
-128,-45
-127,-72;-126,-72
-123,85;-124,85
-115,132;-116,132;-117,132;-118,132;-119,132;-120,132;-121,132;-122,132;-123,132;-124,132;-115,133;-116,133;-117,133;-118,133;-119,133;-120,133;-121,133;-122,133;-123,133;-124,133;-115,134;-116,134;-117,134;-118,134;-119,134;-120,134;-121,134;-122,134;-123,134;-124,134;-115,135;-116,135;-117,135;-118,135;-119,135;-120,135;-121,135;-122,135;-123,135;-124,135;-117,136;-118,136;-119,136;-120,136;-121,136;-122,136;-117,137;-118,137;-119,137;-120,137;-121,137;-122,137
-124,144;-124,145;-124,146;-124,147;-124,148;-124,149;-123,144;-123,145;-123,146;-123,147;-123,148;-123,149;-122,144;-122,145;-122,146;-122,147;-122,148;-122,149;-121,144;-121,145;-121,146;-121,147;-121,148;-121,149;-120,144;-120,145;-120,146;-120,147;-120,148;-120,149;-124,150;-123,150;-122,150;-121,150;-120,150;-119,144;-119,145;-119,146;-119,147;-119,148;-119,149;-119,150;-118,144;-118,145;-118,146;-118,147;-118,148;-118,149;-118,150
-123,140;-123,141;-123,142;-123,143;-122,140;-122,141;-122,142;-122,143;-121,140;-121,141;-120,140;-120,141;-121,142;-121,143;-120,142;-120,143
-119,-104;-118,-104;-119,-103;-118,-103
-118,6;-117,6
-115,-67;-115,-66;-115,-65
-115,-63;-114,-63
-115,-19;-115,-18;-115,-17;-115,-16;-115,-15;-114,-19;-114,-18;-114,-17;-114,-16;-114,-15;-113,-19;-113,-18;-113,-17;-113,-16;-113,-15;-112,-19;-112,-18;-112,-17;-111,-17;-112,-16;-112,-15;-111,-19;-111,-18
-115,6;-115,7;-114,6;-114,7
-114,-6;-114,-5;-114,-4;-113,-6;-113,-5;-113,-4;-112,-6;-112,-5;-112,-4;-111,-6;-111,-5;-111,-4
-114,10
-113,-56;-112,-56;-112,-55
-113,-36;-113,-37;-113,-38
-112,9;-112,10;-111,9;-111,10
-111,-125;-111,-124;-111,-123;-111,-122;-111,-121;-111,-120;-111,-119;-111,-118;-111,-117;-111,-116;-111,-115;-111,-114;-111,-113;-110,-125;-110,-124;-110,-123;-110,-122;-110,-121;-110,-120;-110,-119;-110,-118;-110,-117;-110,-116;-110,-115;-110,-114;-110,-113;-109,-125;-109,-124;-109,-123;-109,-122;-109,-121;-109,-120;-109,-119;-109,-118;-109,-117;-109,-116;-109,-115;-109,-114;-109,-113;-108,-125;-108,-124;-108,-123;-108,-122;-108,-121;-108,-120;-108,-119;-108,-118;-108,-117;-108,-116;-108,-115;-108,-114;-108,-113;-107,-125;-107,-124;-107,-123;-107,-122;-107,-121;-107,-120;-107,-119;-107,-118;-107,-117;-107,-116;-107,-115;-107,-114;-107,-113;-106,-125;-106,-124;-106,-123;-106,-122;-106,-121;-106,-120;-106,-119;-106,-118;-106,-117;-106,-116;-106,-115;-106,-114;-106,-113;-105,-125;-105,-124;-105,-123;-105,-122;-105,-121;-105,-120;-105,-119;-105,-118;-105,-117;-105,-116;-105,-115;-105,-114;-105,-113;-104,-125;-104,-124;-104,-123;-104,-122;-104,-121;-104,-120;-104,-119;-104,-118;-104,-117;-104,-116;-104,-115;-104,-114;-104,-113;-103,-125;-103,-124;-103,-123;-103,-122;-103,-121;-103,-120;-103,-119;-103,-118;-103,-117;-103,-116;-103,-115;-103,-114;-103,-113;-102,-125;-102,-124;-102,-123;-102,-122;-102,-121;-102,-120;-102,-119;-102,-118;-102,-117;-102,-116;-102,-115;-102,-114;-102,-113;-101,-125;-101,-124;-101,-123;-101,-122;-101,-121;-101,-120;-101,-119;-101,-118;-101,-117;-101,-116;-101,-115;-101,-114;-101,-113;-100,-125;-100,-124;-100,-123;-100,-122;-100,-121;-100,-120;-100,-119;-100,-118;-100,-117;-100,-116;-100,-115;-100,-114;-100,-113;-99,-125;-99,-124;-99,-123;-99,-122;-99,-121;-99,-120;-99,-119;-99,-118;-99,-117;-99,-116;-99,-115;-99,-114;-99,-113
-111,-44
-109,41;-110,41
-109,-19;-109,-18;-108,-19;-108,-18
-108,-41;-108,-40;-107,-41;-107,-40;-106,-41;-106,-40
-108,-13;-108,-12
-107,-94
-107,-19;-107,-18;-107,-17;-107,-16;-106,-19;-106,-18;-105,-19;-105,-18;-106,-17;-106,-16;-105,-17;-105,-16
-107,-15
-107,-14
-107,-13
-107,-12
-107,20
-106,-45
-106,24
-105,-143;-105,-144;-105,-145;-105,-146;-105,-147;-104,-142;-104,-143;-104,-144;-104,-145;-104,-146;-104,-147;-103,-142;-103,-143;-103,-144;-103,-145;-103,-146;-103,-147;-102,-144;-102,-143;-102,-145;-102,-146;-102,-147
-104,138;-104,132;-104,133;-104,134;-104,135;-104,136;-104,137;-103,138;-103,132;-103,133;-103,134;-103,135;-103,136;-103,137;-102,138;-102,132;-102,133;-102,134;-102,135;-102,136;-102,137;-101,138;-101,132;-101,133;-101,134;-101,135;-101,136;-101,137;-100,138;-100,132;-100,133;-100,134;-100,135;-100,136;-100,137;-99,138;-99,132;-99,133;-99,134;-99,135;-99,136;-99,137;-98,138;-98,132;-98,133;-98,134;-98,135;-98,136;-98,137
-103,-21
-103,-19;-103,-18;-103,-17;-103,-16;-103,-15;-103,-14;-102,-19;-102,-18;-102,-17;-102,-16;-102,-15;-102,-14;-101,-19;-101,-18;-101,-17;-101,-16;-101,-15;-101,-14;-100,-19;-100,-18;-100,-17;-100,-16;-100,-15;-100,-14;-99,-19;-99,-18;-99,-17;-99,-16;-99,-15;-99,-14;-98,-19;-98,-18;-98,-17;-98,-16;-98,-15;-98,-14
-103,-12;-102,-12
-95,41;-95,40;-96,41;-96,40
-97,40
-99,126;-99,127;-99,128;-99,129;-100,126;-100,127;-100,128;-100,129;-101,126;-101,127;-101,128;-101,129;-102,126;-102,127;-102,128;-102,129
-101,-29
-101,-21
-100,-94
-99,-12;-98,-12
-98,-21
-96,-15;-95,-15;-96,-14;-95,-14
-96,112;-95,112;-94,112;-93,112;-92,112;-96,111;-95,111;-94,111;-93,111;-92,111;-96,110;-95,110;-94,110;-93,110;-92,110;-96,109;-95,109;-94,109;-93,109;-92,109;-96,108;-95,108;-94,108;-93,108;-92,108
-96,126;-96,127;-96,128;-96,129;-96,130;-95,126;-95,127;-95,128;-95,129;-95,130;-94,126;-94,127;-94,128;-94,129;-94,130;-93,126;-93,127;-93,128;-93,129;-93,130;-92,126;-92,127;-92,128;-92,129;-92,130
-92,-93
-92,-77
-92,-76
-91,-77
-91,-76
-92,-75
-92,-10;-92,-9;-92,-8;-92,-7;-92,-6;-92,-5;-92,-4;-92,-3;-92,-2;-92,-1;-92,0;-92,1;-92,2;-92,3;-92,4;-92,5;-92,6;-92,7;-92,8;-92,9;-91,-10;-91,-6;-91,-1;-91,0;-91,3;-91,6;-91,9;-90,-10;-90,-6;-90,-1;-90,0;-90,3;-90,6;-90,9;-89,-10;-89,-6;-89,-5;-89,-4;-89,-3;-89,-2;-89,-1;-89,0;-89,1;-89,2;-89,3;-89,4;-89,5;-89,6;-89,7;-89,8;-89,9;-88,-10;-88,-9;-88,-8;-88,-7;-88,-6;-88,-5;-88,-4;-88,-3;-88,-2;-88,-1;-88,0;-88,3;-88,6;-88,9;-87,-10;-87,-8;-87,-5;-87,-1;-87,0;-87,3;-87,6;-87,9;-86,-10;-86,-8;-86,-5;-86,-1;-86,0;-86,1;-86,2;-86,3;-86,4;-86,5;-86,6;-86,7;-86,8;-86,9;-85,-10;-85,-9;-85,-8;-85,-7;-85,-6;-85,-5;-85,-4;-85,-3;-85,-2;-85,-1;-85,0;-85,1;-85,2;-85,3;-85,5;-85,6;-85,9;-84,-10;-84,-5;-84,-4;-84,2;-84,3;-84,4;-84,5;-84,6;-84,9;-83,-10;-83,-5;-83,-4;-83,2;-83,6;-83,7;-83,8;-83,9;-82,-10;-82,-5;-82,-4;-82,2;-82,6;-82,7;-82,8;-82,9;-81,-10;-81,-5;-81,-4;-81,2;-81,3;-81,4;-81,5;-81,6;-81,9;-80,-10;-80,-9;-80,-8;-80,-7;-80,-6;-80,-5;-80,-4;-80,-3;-80,-2;-80,-1;-80,0;-80,1;-80,2;-80,3;-80,5;-80,6;-80,9;-79,-10;-79,-8;-79,-5;-79,-1;-79,0;-79,1;-79,2;-79,3;-79,4;-79,5;-79,6;-79,7;-79,8;-79,9;-78,-10;-78,-8;-78,-5;-78,-1;-78,0;-78,3;-78,6;-78,9;-77,-10;-77,-9;-77,-8;-77,-7;-77,-6;-77,-5;-77,-4;-77,-3;-77,-2;-77,-1;-77,0;-77,3;-77,6;-77,9;-76,-10;-76,-6;-76,-5;-76,-4;-76,-3;-76,-2;-76,-1;-76,0;-76,1;-76,2;-76,3;-76,4;-76,5;-76,6;-76,7;-76,8;-76,9;-75,-10;-75,-6;-75,-1;-75,0;-75,3;-75,6;-75,9;-74,-10;-74,-6;-74,-1;-74,0;-74,3;-74,6;-74,9;-73,-10;-73,-9;-73,-8;-73,-7;-73,-6;-73,-5;-73,-4;-73,-3;-73,-2;-73,-1;-73,0;-73,1;-73,2;-73,3;-73,4;-73,5;-73,6;-73,7;-73,8;-73,9
-91,-5;-91,-4;-90,-5;-90,-4
-91,-3;-91,-2;-90,-3;-90,-2
-91,4;-91,5;-90,4;-90,5
-91,7;-91,8;-90,7;-90,8
-88,1;-88,2;-87,1;-87,2
-88,4;-88,5;-87,4;-87,5
-88,7;-88,8;-87,7;-87,8
-87,-7;-87,-6;-86,-7;-86,-6
-87,-4;-87,-3;-87,-2;-86,-4;-86,-3;-86,-2
-85,4
-85,7;-85,8;-84,7;-84,8
-84,-9;-84,-8;-84,-7;-84,-6;-83,-9;-83,-8;-83,-7;-83,-6;-82,-9;-82,-8;-82,-7;-82,-6;-81,-9;-81,-8;-81,-7;-81,-6
-84,-3;-84,-2;-84,-1;-84,0;-84,1;-83,-3;-83,-2;-83,-1;-83,0;-83,1;-82,-3;-82,-2;-82,-1;-82,0;-82,1;-81,-3;-81,-2;-81,-1;-81,0;-81,1
-83,3;-83,4;-83,5;-82,3;-82,4;-82,5
-81,7;-81,8;-80,7;-80,8
-80,4
-79,-9;-78,-9
-79,-7;-79,-6;-78,-7;-78,-6
-79,-4;-79,-3;-79,-2;-78,-4;-78,-3;-78,-2
-78,1;-78,2;-77,1;-77,2
-78,4;-78,5;-77,4;-77,5
-78,7;-78,8;-77,7;-77,8
-76,-9;-76,-8;-76,-7;-75,-9;-75,-8;-75,-7;-74,-9;-74,-8;-74,-7
-75,-5;-75,-4;-74,-5;-74,-4
-75,-3;-75,-2;-74,-3;-74,-2
-75,1;-75,2;-74,1;-74,2
-75,4;-75,5;-74,4;-74,5
-75,7;-75,8;-74,7;-74,8
-91,-75
-91,-22
-87,-84;-87,-85;-87,-86;-88,-84;-88,-85;-88,-86;-89,-84;-89,-85;-89,-86
-88,-20
-82,83;-82,84;-82,85;-82,86;-83,83;-83,84;-83,85;-83,86;-84,83;-84,84;-84,85;-84,86;-85,83;-85,84;-85,85;-85,86
-81,-14;-81,-15
-75,71;-75,72;-75,73;-75,74;-75,75;-75,76;-75,77;-75,78;-76,76;-76,77;-76,78;-77,76;-78,76;-79,76;-80,74;-80,75;-80,76;-80,77;-80,78
-78,-21
-76,-28
-75,-150;-75,-149;-74,-150;-74,-149
-73,-150;-73,-149;-72,-150;-72,-149
-73,16
-71,-150;-71,-149;-70,-150;-70,-149
-71,-121;-71,-120;-70,-120;-70,-121
-70,12;-70,13;-69,12;-69,13
-69,-150;-69,-149;-68,-150;-68,-149
-69,14;-69,15;-69,16;-68,14;-68,15;-68,16;-67,14;-67,15;-67,16
-69,28;-69,29;-69,30;-69,31;-68,28;-68,29;-68,30;-68,31;-67,28;-67,29;-67,30;-67,31;-66,28;-66,29;-66,30;-66,31;-65,28;-65,29;-65,30;-65,31;-64,28;-64,29;-64,30;-64,31;-63,28;-63,29;-63,30;-63,31;-62,28;-62,29;-62,30;-62,31;-61,28;-61,29;-61,30;-61,31
-68,122;-68,123;-67,122;-67,123
-67,-111;-67,-110;-67,-109;-66,-110;-66,-109;-65,-111;-65,-110;-65,-109;-64,-111;-64,-110;-64,-109
-67,5;-67,6;-66,5;-66,6
-67,90;-67,91;-67,92;-67,93;-67,94;-67,95;-66,90;-66,91;-66,92;-66,93;-66,94;-66,95;-65,90;-65,91;-65,92;-65,93;-65,94;-65,95;-64,90;-64,91;-64,92;-64,93;-64,94;-64,95;-63,90;-63,91;-63,92;-63,93;-63,94;-63,95;-62,90;-62,91;-62,92;-62,93;-62,94;-62,95;-61,90;-61,91;-61,92;-61,93;-61,94;-61,95;-60,90;-60,91;-60,92;-60,93;-60,94;-60,95
-65,-37
-62,-9
-62,126;-62,125
-59,-6
-59,-5
-55,46;-54,46;-53,46;-55,47;-54,47;-53,47;-55,48;-54,48;-53,48;-56,48;-56,47;-56,46
-55,-127
-54,92
-54,128;-53,128;-54,127;-53,127
-53,20;-53,21
-51,92;-50,92;-51,91;-50,91
-51,122
-51,123
-50,122
-50,123
-45,43;-45,42
-43,-52
-42,-108
-40,-59
-40,114
-39,-100
-39,-3;-38,-3;-37,-3;-36,-3
-37,26;-36,26
-36,71
-35,-60;-35,-59;-34,-60;-34,-59;-33,-60;-33,-59;-32,-60;-32,-59;-31,-60;-31,-59;-35,-58;-35,-57;-34,-58;-34,-57;-33,-57;-33,-58
-32,-53
-29,80;-29,81;-29,82;-29,83;-29,84;-29,85;-28,80;-28,81;-28,82;-28,83;-28,84;-28,85;-27,80;-27,81;-27,82;-27,83;-27,84;-27,85;-26,80;-26,81;-26,82;-26,83;-26,84;-26,85;-25,80;-25,81;-25,82;-25,83;-25,84;-25,85;-24,80;-24,81;-24,82;-24,83;-24,84;-24,85
-26,-110
-28,-45
-26,88;-26,89;-26,90;-26,91;-26,92;-25,88;-25,89;-25,90;-25,91;-25,92;-24,88;-24,89;-24,90;-24,91;-24,92;-23,88;-23,89;-23,90;-23,91;-23,92
-25,14
-25,66
-19,-110;-19,-111;-19,-112;-20,-110;-20,-111;-20,-112;-21,-110;-21,-111;-21,-112
-19,143;-19,144;-19,145;-19,146;-19,147;-19,148;-19,149;-19,150;-18,143;-18,144;-18,145;-18,146;-18,147;-18,148;-18,149;-18,150;-17,143;-17,144;-17,145;-17,146;-17,147;-17,148;-17,149;-17,150;-16,143;-16,144;-16,145;-16,150;-15,150;-14,150;-13,150;-12,150;-16,149;-15,149;-14,149;-13,149;-12,149;-16,148;-15,148;-14,148;-13,148;-12,148;-16,147;-15,147;-14,147;-13,147;-12,147;-16,146;-15,146;-14,146;-13,146;-12,146;-15,143;-15,144;-15,145;-14,143;-14,144;-14,145;-13,143;-13,144;-13,145;-12,143;-12,144;-12,145
-14,33;-14,34
-12,-65;-12,-64;-12,-63;-11,-65;-11,-64;-11,-63;-10,-65;-10,-64;-10,-63
-11,-122
-7,-110
-5,-128;-5,-127;-4,-128;-4,-127
-4,-34;-3,-34;-4,-35;-3,-35;-2,-34;-2,-35;-1,-35;-1,-34
-3,148
-2,-122
-2,150
2,-55
2,16;3,16;4,16;5,16;2,17;3,17;4,17;5,17;2,18;3,18;4,18;5,18
3,-35
4,-110;4,-111
5,-18
11,145;11,146;11,147;11,148;11,149;12,145;12,146;12,147;12,148;12,149;13,145;13,146;13,147;13,148;13,149;14,145;14,146;14,147;14,148;14,149;15,145;15,146;15,147;15,148;15,149
15,-117;16,-117;17,-117
20,-123;20,-122;21,-123;21,-122
20,-35
20,-34
22,-118;23,-118
24,-32
30,-139
30,-112;30,-111
35,10;36,10
35,80;35,81;36,80;36,81
36,-31
38,-59
38,103
39,-62
45,11;45,12;46,11;46,12
47,-46;48,-46;49,-46;47,-45;48,-45;49,-45;47,-44;48,-44;49,-44;47,-43;48,-43;49,-43
47,-41;47,-40;48,-41;48,-40;49,-41;49,-40
48,78
49,94
50,74
54,-20
57,27;57,26;56,27;56,26;58,26;58,27;59,26;59,27
56,118
58,-24
61,-123
66,-116
66,-108;66,-107;66,-106;66,-105;66,-104;66,-103;67,-108;67,-107;67,-106;67,-105;67,-104;67,-103;68,-108;68,-107;68,-106;68,-105;68,-104;68,-103;69,-108;69,-107;69,-106;69,-105;69,-104;69,-103;70,-108;70,-107;70,-106;70,-105;70,-104;70,-103
74,40;74,41;74,42;74,43;74,44;74,45;74,46;75,46;78,46;78,45;79,46;79,45;80,46;80,45;75,40;75,41;75,42;75,43;75,44;75,45;76,40;76,41;76,42;76,43;76,44;76,45;76,46;77,40;77,41;77,42;77,43;77,44;77,45;77,46;78,40;78,41;78,42;78,43;78,44;79,40;79,41;79,42;79,43;79,44;80,40;80,41;80,42;80,43;80,44;81,40;81,41;81,42;81,43;81,44;81,45;81,46
74,48;75,48;76,50;74,50;75,50;74,49;75,49;76,49;76,48;77,48;77,49;77,50;78,50;78,49;78,48;74,47;75,47;76,47;77,47;78,47;81,47;80,47;79,47;81,51;79,50;79,49;79,48;80,51;81,50;81,49;81,48;80,50;80,49;80,48;80,52;80,53;81,53;81,52;80,54;81,56;80,55;81,55;80,56;81,54
74,51;75,56;75,55;75,54;75,53;75,52;75,51;74,56;74,55;74,54;74,53;74,52;76,56;76,55;76,54;76,53;76,52;76,51;77,56;77,55;77,54;77,53;77,52;77,51;78,56;78,55;78,54;78,53;78,52;78,51;79,56;79,55;79,54;79,53;79,52;79,51
76,-106;76,-105
77,-104
78,-105
79,-137
83,46;84,46;82,40;82,41;82,42;82,43;82,44;82,45;82,46;83,41;83,42;83,43;83,44;83,45;84,41;84,42;84,43;84,44;84,45;83,40;84,40;85,40;85,41;85,42;85,43;86,41;86,42;86,43;87,41;87,42;87,43;88,41;88,42;88,43;89,41;89,42;89,43;90,41;90,42;90,43;85,44;86,44;87,44;88,44;89,44;90,44;85,45;86,45;87,45;88,45;89,45;90,45;85,46;86,46;86,40;87,40;87,46;88,46;89,46;90,46;88,40;89,40;90,40
83,-16
85,-115
87,39
88,-110
94,21;95,21;96,21;97,21;94,22;94,23;95,22;95,23;96,22;96,23;97,22;97,23;98,22;98,23;99,22;99,23;98,21;99,21
95,98;96,98;97,98;98,98;95,99;96,99;97,99;98,99;95,100;96,100;97,100;98,100;95,101;96,101;97,101;98,101
96,-132;96,-131;97,-132;97,-131;98,-132;98,-131
99,-131;99,-130;100,-131;100,-130
104,-112
104,-111
105,-112
105,-111
110,-26;111,-26
114,-22
116,-26;117,-25;117,-26;117,-27;118,-25;118,-26;118,-27;119,-25;119,-26;119,-27;120,-25;120,-26;120,-27;121,-25;121,-26;121,-27
119,-100
121,-7
123,-122;124,-122
123,132;124,132;125,132;126,132;127,132;128,132
128,136;128,137
128,138;129,138;130,138;131,138;132,138;133,138
129,-4;129,-3;129,-2;130,-4;130,-3;130,-2
129,136;130,136;131,136;132,136;129,137;130,137;131,137;132,137
130,135;131,135
131,-4;131,-3;131,-2
133,-14
133,36
133,136;133,137
135,-23
138,1;138,2;139,1;139,2
142,-146;143,-146;142,-145;143,-145;142,-144;143,-144
144,44
145,60;145,61;145,62;145,63;145,64;145,65;146,60;146,61;146,62;146,63;146,64;146,65;147,60;147,61;147,62;147,63;147,64;148,60;147,65;148,61;148,62;148,63;148,64;148,65;149,60;149,61;149,62;149,63;149,64;149,65
148,-34;148,-33