-150,97;-150,100;-150,95;-150,98;-150,103;-150,99;-150,104;-150,101;-150,105;-150,94;-150,96;-150,102;-149,104;-149,94;-149,105;-149,97;-149,100;-149,96;-149,98;-149,99;-149,101;-149,102;-149,103;-149,95;-148,97;-148,105;-148,104;-148,96;-148,94;-148,99;-148,102;-148,95;-148,100;-148,101;-148,98;-148,103;-146,101;-147,98;-146,103;-146,95;-146,99;-146,98;-147,103;-146,94;-146,102;-147,94;-147,95;-147,96;-146,104;-147,101;-147,104;-147,97;-147,105;-147,102;-147,100;-146,100;-146,105;-147,99;-146,96;-146,97;-145,94;-144,104;-145,99;-144,97;-145,100;-144,105;-145,97;-145,104;-145,96;-144,98;-144,103;-145,101;-145,105;-144,94;-144,102;-145,98;-145,103;-144,100;-144,95;-144,99;-145,95;-145,102;-144,96;-144,101;-142,94;-143,94;-142,96;-143,95;-143,97;-142,104;-142,102;-142,103;-143,102;-143,100;-143,105;-143,96;-142,97;-143,104;-143,99;-143,101;-142,99;-142,100;-143,103;-142,95;-142,101;-143,98;-142,98;-142,105;-141,97;-141,100;-140,95;-141,103;-141,104;-141,105;-139,95;-141,101;-141,102;-140,96;-141,98;-141,99;-138,95;-139,94;-139,100;-141,95;-140,94;-138,94;-141,94;-141,96;-138,100;-140,103;-140,97;-140,102;-140,99;-140,104;-139,104;-139,97;-140,105;-139,105;-140,98;-139,99;-138,99;-139,103;-138,98;-139,98;-139,101;-139,102;-140,100;-140,101;-138,97;-139,96;-138,105;-138,104;-138,101;-138,103;-138,96;-138,102
-148,150
-144,89
-144,90
-142,108;-141,108
-123,85;-124,85
-116,-69
-112,-41
-108,35;-110,35;-110,36;-108,34;-108,36;-109,36;-109,34;-110,34;-109,35
-106,-94
-102,-97;-103,-97
-95,34;-96,36;-96,35;-97,36;-97,35;-97,34;-95,35;-96,34;-95,36
-98,37;-98,34;-99,37;-101,40;-101,38;-97,39;-98,39;-99,40;-99,38;-96,37;-97,40;-99,39;-99,34;-100,40;-98,38;-98,35;-96,39;-98,36;-99,36;-99,35;-101,37;-96,40;-96,38;-97,38;-100,38;-100,37;-98,40;-101,39;-97,37;-100,39
-100,36;-101,35;-102,35;-101,36;-100,34;-100,35;-102,34;-101,34;-102,36
-89,-85;-88,-86;-87,-84;-87,-86;-89,-86;-87,-85;-89,-84;-88,-84;-88,-85
-88,-63;-88,-66;-88,-64;-89,-66;-89,-64;-88,-65;-89,-65;-89,-63
-64,-69;-63,-71;-59,-68;-62,-68;-61,-70;-59,-70;-64,-70;-62,-69;-62,-71;-61,-71;-64,-68;-63,-70;-60,-71;-60,-70;-61,-68;-59,-69;-59,-71;-61,-69;-64,-71;-63,-69;-60,-68;-60,-69;-63,-68;-62,-70
-71,116;-71,117
-59,-6
-49,112
-44,-110;-43,-110
-39,-100
-34,-110
-34,118;-34,119;-33,118;-33,119
-15,-114
-9,90;-8,83;-7,92;-5,87;-2,86;0,88;0,89;1,74;-9,79;-7,84;-6,79;-5,81;-5,84;-2,85;-1,75;-1,80;0,75;0,82;0,85;0,91;1,78;-9,75;-9,81;-9,91;-8,73;-3,78;-3,85;-3,92;-2,79;-2,90;-1,91;0,74;0,79;0,80;0,86;1,80;1,84;-9,82;-5,82;-4,87;-3,83;-3,91;-1,82;1,83;-8,78;-7,80;-5,79;-4,74;-4,76;-3,73;-3,77;-1,87;-1,92;1,81;-8,92;-7,78;-6,92;-4,78;-3,75;-2,82;-2,84;-2,88;-1,73;-1,83;1,88;-9,73;-9,74;-9,87;-7,73;-7,82;-4,82;-4,84;-3,84;-1,74;-1,79;1,75;-9,88;-9,92;-8,85;-8,87;-7,87;-4,77;-4,80;-2,75;-1,84;-1,86;-1,88;0,81;0,90;1,76;1,82;-9,86;-9,89;-6,73;-6,84;-5,83;-4,81;-4,83;-3,74;-3,86;-3,90;-1,90;-9,76;-9,84;-7,79;-4,88;-4,90;-2,80;0,92;-3,80;-2,83;0,76;1,77;1,79;1,86;-9,83;-9,85;-7,81;-5,80;-5,86;-2,81;-1,78;0,73;-9,77;-9,78;-8,84;-7,85;-6,87;-5,73;-4,89;-3,81;-3,89;-2,92;0,83;0,87;1,85;-9,80;-8,81;-7,83;-7,86;-6,78;-6,83;-5,85;-4,75;-4,85;-3,79;-3,87;-1,81;0,84;1,87;-8,80;-6,86;-4,92;-3,82;-2,73;-2,76;-2,77;-1,85;0,77;1,73;-8,82;-6,81;-6,82;-5,78;-5,92;-4,73;-4,91;-3,76;-3,88;-2,89;-1,77;0,78;2,74;2,88;1,90;2,73;2,78;6,84;8,84;10,84;10,87;10,89;2,83;2,86;3,75;5,87;7,83;8,73;9,73;3,73;3,80;3,82;3,86;4,76;4,85;4,92;6,82;8,80;10,83;2,79;3,77;3,79;3,85;4,81;5,74;9,85;10,74;10,91;3,76;4,87;4,90;5,83;5,84;5,88;6,81;7,86;7,87;9,80;9,81;10,75;2,92;4,86;6,85;7,81;7,82;8,78;8,79;8,85;8,87;10,79;3,84;4,83;5,82;9,87;10,76;1,92;2,82;2,77;4,82;5,85;5,92;6,78;6,79;6,80;6,87;10,78;10,81;10,92;2,85;1,89;4,74;4,78;5,89;6,92;7,92;8,86;2,91;5,81;7,78;9,82;10,77;10,88;2,80;3,83;4,84;4,88;6,83;6,86;7,79;8,82;8,83;2,81;3,88;5,73;5,76;10,80;10,82;2,90;3,90;3,92;4,73;5,78;5,91;10,86;2,75;1,91;4,80;5,77;8,81;8,92;9,83;2,87;3,89;4,91;5,75;5,80;5,90;6,73;9,78;9,92;10,73;2,84;3,81;4,75;4,77;4,79;7,73;7,84;9,84;10,85;10,90
-8,91;-8,90;-8,88;-7,90;-5,90;-6,90;-6,88;-7,88;-7,89;-8,89;-5,88;-6,89;-7,91;-6,91;-5,91;-5,89
-6,85
-4,79
-7,74;-8,76;-7,77;-8,77;-6,75;-6,76;-5,74;-8,74;-5,77;-5,75;-6,74;-5,76;-7,76;-6,77;-8,75;-7,75
-2,78
-2,74
-8,86
-4,86
-2,87
-6,80
-2,91
-1,89
-8,79
-1,76
8,76;6,74;7,76;8,75;6,76;9,75;6,75;8,77;9,77;7,74;8,74;6,77;7,75;7,77;9,76;9,74
9,90;8,88;9,91;7,88;7,89;9,89;6,89;6,91;8,91;7,91;9,88;8,90;7,90;8,89;6,88;6,90
9,79
3,91
2,76
3,74
7,85
5,86
7,80
3,78
9,86
4,61
14,103;18,103;18,102;15,104;16,103;18,104;14,101;14,104;15,103;17,103;18,101;16,101;17,100;15,102;16,104;17,101;15,100;17,104;17,102;14,100;15,101;16,102;14,102;16,100
35,-119;38,-121;35,-118;36,-118;37,-118;38,-118;37,-120;36,-121;36,-119;38,-120;37,-121;37,-119;36,-120;35,-121;38,-119;35,-120
37,-115;37,-114
41,84
49,-41;47,-40;48,-41;48,-40;47,-41;49,-40
62,32;63,32;62,31;63,31
65,-124
74,96;74,95;74,97;75,96;76,95;77,96;77,95;75,95;75,97;76,96;77,97;76,97;78,96;78,97;78,95
83,43;82,44;83,44;82,43;84,44;84,43
86,56;85,56
99,48
96,-114;96,-113;96,-115;97,-115;98,-115;97,-116;97,-113;97,-114;98,-116;98,-114;98,-113;99,-116;100,-115;99,-115;100,-114;100,-113;99,-113;100,-116;99,-114
107,-123;107,-122;107,-121;109,-123;108,-123;109,-121;109,-122;108,-122;108,-121
109,49
111,49;110,50;111,50;110,49
116,-26;118,-25;118,-26;121,-26;120,-25;120,-27;117,-26;117,-27;119,-27;120,-26;117,-25;119,-25;121,-27;119,-26;118,-27;121,-25
124,46;124,48;124,53;124,50;124,47;125,44;124,42;124,45;124,51;124,43;125,48;125,51;125,54;124,44;124,49;125,43;125,45;125,52;125,42;124,52;125,49;124,54;125,46;124,55;125,41;125,53;125,47;125,50;125,55;126,51;127,45;128,48;128,50;131,45;131,50;127,53;126,43;130,47;130,49;126,55;130,45;132,44;127,44;127,49;129,49;128,46;131,44;131,47;132,45;132,47;130,46;126,45;126,48;130,50;131,49;126,54;127,52;127,54;126,47;126,44;126,46;127,41;127,43;132,49;127,48;131,46;131,48;132,46;132,50;127,51;127,46;128,44;128,47;126,41;129,47;129,48;126,53;127,50;128,49;129,45;126,49;127,47;129,44;130,44;132,48;126,42;126,50;129,46;130,48;127,42;128,45;129,50;126,52;127,55;129,43;129,51;129,55;128,52;129,52;128,54;128,41;128,43;129,54;128,51;128,53;128,42;128,55;129,42;129,53;129,41;131,52;131,53;132,42;130,52;131,42;132,52;131,41;130,51;130,53;131,43;132,51;132,55;130,42;130,55;132,54;130,43;131,51;132,43;132,53;131,55;130,41;130,54;131,54;132,41;133,50;133,44;133,46;133,48;133,49;133,43;133,51;133,41;133,47;133,52;133,42;133,55;133,53;133,54;133,45
128,-16
136,-16
147,61;147,62;147,63;148,60;149,65;145,65;146,61;145,64;148,61;149,63;145,62;147,60;145,60;146,65;149,64;147,65;149,61;148,63;149,60;146,60;147,64;145,63;145,61;146,62;148,62;148,64;146,64;148,65;149,62;146,63