-150,94;-150,95;-150,96;-150,97;-150,98;-150,99;-150,100;-150,101;-150,102;-150,103;-150,104;-150,105;-149,94;-149,95;-149,96;-149,97;-149,98;-149,99;-149,100;-149,101;-149,102;-149,103;-149,104;-149,105;-148,94;-148,95;-148,96;-148,97;-148,98;-148,99;-148,100;-148,101;-148,102;-148,103;-148,104;-148,105;-147,94;-147,95;-147,96;-147,97;-147,98;-147,99;-147,100;-147,101;-147,102;-147,103;-147,104;-147,105;-146,94;-146,95;-146,96;-146,97;-146,98;-146,99;-146,100;-146,101;-146,102;-146,103;-146,104;-146,105;-145,94;-145,95;-145,96;-145,97;-145,98;-145,99;-145,100;-145,101;-145,102;-145,103;-145,104;-145,105;-144,94;-144,95;-144,96;-144,97;-144,98;-144,99;-144,100;-144,101;-144,102;-144,103;-144,104;-144,105;-143,94;-143,95;-143,96;-143,97;-143,98;-143,99;-143,100;-143,101;-143,102;-143,103;-143,104;-143,105;-142,94;-142,95;-142,96;-142,97;-142,98;-142,99;-142,100;-142,101;-142,102;-142,103;-142,104;-142,105;-141,94;-141,95;-141,96;-141,97;-141,98;-141,99;-141,100;-141,101;-141,102;-141,103;-141,104;-141,105;-140,94;-140,95;-139,94;-139,95;-138,94;-138,95;-140,96;-139,100;-138,100;-139,99;-138,99;-139,98;-138,98;-139,97;-138,97;-140,100;-140,99;-140,98;-140,97;-140,101;-140,102;-140,103;-140,104;-140,105;-139,96;-139,101;-139,102;-139,103;-139,104;-139,105;-138,96;-138,101;-138,102;-138,103;-138,104;-138,105
-148,116
-135,3
-116,-69
-109,64
-109,-93
-106,-94
-103,-97;-102,-97
-95,36;-95,35;-95,34;-96,36;-96,35;-96,34;-97,36;-97,35;-97,34
-102,37
-98,-95;-97,-95
-87,-84;-87,-85;-87,-86;-88,-84;-88,-85;-88,-86;-89,-84;-89,-85;-89,-86
-71,116;-71,117
-56,16;-56,17;-56,18;-55,16;-55,17;-55,18;-54,16;-54,17;-54,18;-53,16;-53,17;-53,18;-52,16;-52,17;-52,18
-54,88
-51,122
-51,123
-50,122
-50,123
-43,-110;-44,-110
-29,80;-29,81;-29,82;-29,83;-29,84;-29,85;-28,80;-28,81;-28,82;-28,83;-28,84;-28,85;-27,80;-27,81;-27,82;-27,83;-27,84;-27,85;-26,80;-26,81;-26,82;-26,83;-26,84;-26,85;-25,80;-25,81;-25,82;-25,83;-25,84;-25,85;-24,80;-24,81;-24,82;-24,83;-24,84;-24,85
-26,-110
-15,-114
-9,-91;-9,-90;-9,-89;-9,-88;-9,-87;-9,-86;-9,-85;-9,-84;-9,-83;-9,-82;-9,-81;-9,-80;-9,-79;-9,-78;-9,-77;-9,-76;-9,-75;-9,-74;-9,-73;-9,-72;-8,-91;-8,-90;-8,-89;-8,-88;-8,-87;-8,-86;-8,-85;-8,-84;-8,-83;-8,-82;-8,-81;-8,-80;-8,-79;-8,-78;-8,-77;-8,-76;-8,-75;-8,-74;-8,-73;-8,-72;-7,-91;-7,-90;-7,-89;-7,-88;-7,-87;-7,-86;-7,-85;-7,-84;-7,-83;-7,-82;-7,-81;-7,-80;-7,-79;-7,-78;-7,-77;-7,-76;-7,-75;-7,-74;-7,-73;-7,-72;-6,-91;-6,-90;-6,-89;-6,-88;-6,-87;-6,-86;-6,-85;-6,-84;-6,-83;-6,-82;-6,-81;-6,-80;-6,-79;-6,-78;-6,-77;-6,-76;-6,-75;-6,-74;-6,-73;-6,-72;-5,-91;-5,-90;-5,-89;-5,-88;-5,-87;-5,-86;-5,-85;-5,-84;-5,-83;-5,-82;-5,-81;-5,-80;-5,-79;-5,-78;-5,-77;-5,-76;-5,-75;-5,-74;-5,-73;-5,-72;-4,-91;-4,-90;-4,-89;-4,-88;-4,-87;-4,-86;-4,-85;-4,-84;-4,-83;-4,-82;-4,-81;-4,-80;-4,-79;-4,-78;-4,-77;-4,-76;-4,-75;-4,-74;-4,-73;-4,-72;-3,-91;-3,-90;-3,-89;-3,-88;-3,-87;-3,-86;-3,-85;-3,-84;-3,-83;-3,-82;-3,-81;-3,-80;-3,-79;-3,-78;-3,-77;-3,-76;-3,-75;-3,-74;-3,-73;-3,-72;-2,-91;-2,-90;-2,-89;-2,-88;-2,-87;-2,-86;-2,-85;-2,-84;-2,-83;-2,-82;-2,-81;-2,-80;-2,-79;-2,-78;-2,-77;-2,-76;-2,-75;-2,-74;-2,-73;-2,-72;-1,-91;-1,-90;-1,-89;-1,-88;-1,-87;-1,-86;-1,-85;-1,-84;-1,-83;-1,-82;-1,-81;-1,-80;-1,-79;-1,-78;-1,-77;-1,-76;-1,-75;-1,-74;-1,-73;-1,-72;0,-91;0,-90;0,-89;0,-88;0,-87;0,-86;0,-85;0,-84;0,-83;0,-82;0,-81;0,-80;0,-79;0,-78;0,-77;0,-76;0,-75;0,-74;0,-73;0,-72;1,-91;1,-90;1,-89;1,-88;1,-87;1,-86;1,-85;1,-84;1,-83;1,-82;1,-81;1,-80;1,-79;1,-78;1,-77;1,-76;1,-75;1,-74;1,-73;1,-72;2,-91;2,-90;2,-89;2,-88;2,-87;2,-86;2,-85;2,-84;2,-83;2,-82;2,-81;2,-80;2,-79;2,-78;2,-77;2,-76;2,-75;2,-74;2,-73;2,-72;3,-91;3,-90;3,-89;3,-88;3,-87;3,-86;3,-85;3,-84;3,-83;3,-82;3,-81;3,-80;3,-79;3,-78;3,-77;3,-76;3,-75;3,-74;3,-73;3,-72;4,-91;4,-90;4,-89;4,-88;4,-87;4,-86;4,-85;4,-84;4,-83;4,-82;4,-81;4,-80;4,-79;4,-78;4,-77;4,-76;4,-75;4,-74;4,-73;4,-72;5,-91;5,-90;5,-89;5,-88;5,-87;5,-86;5,-85;5,-84;5,-83;5,-82;5,-81;5,-80;5,-79;5,-78;5,-77;5,-76;5,-75;5,-74;5,-73;5,-72;6,-91;6,-90;6,-89;6,-88;6,-87;6,-86;6,-85;6,-84;6,-83;6,-82;6,-81;6,-80;6,-79;6,-78;6,-77;6,-76;6,-75;6,-74;6,-73;6,-72;7,-91;7,-90;7,-89;7,-88;7,-87;7,-86;7,-85;7,-84;7,-83;7,-82;7,-81;7,-80;7,-79;7,-78;7,-77;7,-76;7,-75;7,-74;7,-73;7,-72;8,-91;8,-90;8,-89;8,-88;8,-87;8,-86;8,-85;8,-84;8,-83;8,-82;8,-81;8,-80;8,-79;8,-78;8,-77;8,-76;8,-75;8,-74;8,-73;8,-72;9,-91;9,-90;9,-89;9,-88;9,-87;9,-86;9,-85;9,-84;9,-83;9,-82;9,-81;9,-80;9,-79;9,-78;9,-77;9,-76;9,-75;9,-74;9,-73;9,-72;10,-91;10,-90;10,-89;10,-88;10,-87;10,-86;10,-85;10,-84;10,-83;10,-82;10,-81;10,-80;10,-79;10,-78;10,-77;10,-76;10,-75;10,-74;10,-73;10,-72
-9,73;-9,74;-9,75;-9,76;-9,77;-9,78;-9,79;-9,80;-9,81;-9,82;-9,83;-9,84;-9,85;-9,86;-9,87;-9,88;-9,89;-9,90;-9,91;-9,92;-8,73;-8,78;-8,80;-8,81;-8,82;-8,83;-8,84;-8,85;-8,87;-8,92;-7,73;-7,78;-7,79;-7,80;-7,81;-7,82;-7,83;-7,84;-7,85;-7,86;-7,87;-7,92;-6,73;-6,78;-6,79;-6,81;-6,82;-6,83;-6,84;-6,86;-6,87;-6,92;-5,73;-5,78;-5,79;-5,80;-5,81;-5,82;-5,83;-5,84;-5,85;-5,86;-5,87;-5,92;-4,73;-4,74;-4,75;-4,76;-4,77;-4,78;-4,80;-4,81;-4,82;-4,83;-4,84;-4,85;-4,87;-4,88;-4,89;-4,90;-4,91;-4,92;-3,73;-3,74;-3,75;-3,76;-3,77;-3,78;-3,79;-3,80;-3,81;-3,82;-3,83;-3,84;-3,85;-3,86;-3,87;-3,88;-3,89;-3,90;-3,91;-3,92;-2,73;-2,75;-2,76;-2,77;-2,79;-2,80;-2,81;-2,82;-2,83;-2,84;-2,85;-2,86;-2,88;-2,89;-2,90;-2,92;-1,73;-1,74;-1,75;-1,77;-1,78;-1,79;-1,80;-1,81;-1,82;-1,83;-1,84;-1,85;-1,86;-1,87;-1,88;-1,90;-1,91;-1,92;0,73;0,74;0,75;0,76;0,77;0,78;0,79;0,80;0,81;0,82;0,83;0,84;0,85;0,86;0,87;0,88;0,89;0,90;0,91;0,92;1,73;1,74;1,75;1,76;1,77;1,78;1,79;1,80;1,81;1,82;1,83;1,84;1,85;1,86;1,87;1,88;1,89;1,90;1,91;1,92;2,73;2,74;2,75;2,77;2,78;2,79;2,80;2,81;2,82;2,83;2,84;2,85;2,86;2,87;2,88;2,90;2,91;2,92;3,73;3,75;3,76;3,77;3,79;3,80;3,81;3,82;3,83;3,84;3,85;3,86;3,88;3,89;3,90;3,92;4,73;4,74;4,75;4,76;4,77;4,78;4,79;4,80;4,81;4,82;4,83;4,84;4,85;4,86;4,87;4,88;4,90;4,91;4,92;5,73;5,74;5,75;5,76;5,77;5,78;5,80;5,81;5,82;5,83;5,84;5,85;5,87;5,88;5,89;5,90;5,91;5,92;6,73;6,78;6,79;6,80;6,81;6,82;6,83;6,84;6,85;6,86;6,87;6,92;7,73;7,78;7,79;7,81;7,82;7,83;7,84;7,86;7,87;7,92;8,73;8,78;8,79;8,80;8,81;8,82;8,83;8,84;8,85;8,86;8,87;8,92;9,73;9,78;9,80;9,81;9,82;9,83;9,84;9,85;9,87;9,92;10,73;10,74;10,75;10,76;10,77;10,78;10,79;10,80;10,81;10,82;10,83;10,84;10,85;10,86;10,87;10,88;10,89;10,90;10,91;10,92
-8,74;-8,75;-8,76;-8,77;-7,74;-7,75;-7,76;-7,77;-6,74;-6,75;-6,76;-6,77;-5,74;-5,75;-5,76;-5,77
-8,79
-8,86
-8,88;-8,89;-8,90;-8,91;-7,88;-7,89;-7,90;-7,91;-6,88;-6,89;-6,90;-6,91;-5,88;-5,89;-5,90;-5,91
-6,80
-6,85
-4,79
-4,86
-2,74
-2,78
-2,87
-2,91
-1,76
-1,89
2,76
2,89
3,74
3,78
3,87
3,91
4,89
5,79
5,86
6,74;6,75;6,76;6,77;7,74;7,75;7,76;7,77;8,74;8,75;8,76;8,77;9,74;9,75;9,76;9,77
6,88;6,89;6,90;6,91;7,88;7,89;7,90;7,91;8,88;8,89;8,90;8,91;9,88;9,89;9,90;9,91
7,80
7,85
9,79
9,86
-7,-110
4,61
14,-135;15,-135
20,-120;20,-119;20,-118
22,-118;23,-118
24,-32
47,-41;47,-40;48,-41;48,-40;49,-41;49,-40
50,74
68,-55;68,-54;68,-53;69,-55;69,-54;69,-53;70,-55;70,-54;70,-53
56,-127
62,32;63,32;62,31;63,31
78,54;78,53;79,54;79,53
79,-137
82,43;82,44;83,43;83,44;84,43;84,44
85,54
86,54
85,53
86,53
85,52
86,52
87,52
88,52
85,55
86,56;85,56
86,55
87,55
88,55
87,53
88,54
89,54;90,54;89,53;90,53
87,54
88,53
94,41
107,44
109,49
110,49;110,50;111,49;111,50
124,-134
136,-16
139,-5
145,60;145,61;145,62;145,63;145,64;145,65;146,60;146,61;146,62;146,63;146,64;146,65;147,60;147,61;147,62;147,63;147,64;148,60;147,65;148,61;148,62;148,63;148,64;148,65;149,60;149,61;149,62;149,63;149,64;149,65