-150,-150
-150,-87
-150,72;-149,72;-148,72;-147,72;-146,72;-145,72;-144,72;-143,72;-142,72;-141,72;-140,72;-139,72;-150,71;-149,71;-148,71;-147,71;-146,71;-145,71;-144,71;-143,71;-142,71;-141,71;-140,71;-139,71;-150,70;-149,70;-148,70;-147,70;-146,70;-145,70;-144,70;-143,70;-142,70;-141,70;-140,70;-139,70;-150,69;-149,69;-148,69;-147,69;-146,69;-145,69;-144,69;-143,69;-142,69;-141,69;-140,69;-139,69;-150,68;-149,68;-148,68;-147,68;-146,68;-145,68;-144,68;-143,68;-142,68;-141,68;-140,68;-139,68;-150,67;-149,67;-148,67;-147,67;-146,67;-145,67;-144,67;-143,67;-142,67;-141,67;-140,67;-139,67;-150,66;-149,66;-148,66;-147,66;-146,66;-145,66;-144,66;-143,66;-142,66;-141,66;-140,66;-139,66;-150,65;-149,65;-148,65;-147,65;-146,65;-145,65;-144,65;-143,65;-142,65;-141,65;-140,65;-139,65;-150,64;-149,64;-148,64;-147,64;-146,64;-145,64;-144,64;-143,64;-142,64;-141,64;-140,64;-139,64
-150,126;-149,126;-150,127;-149,127;-150,128;-149,128;-150,129;-149,129;-150,130;-149,130
-150,131;-149,131;-150,132;-149,132;-150,133;-149,133;-150,134;-149,134;-150,135;-149,135
-149,12
-148,126;-147,126;-148,127;-147,127;-148,128;-147,128;-148,129;-147,129;-148,130;-147,130
-148,131;-147,131;-148,132;-147,132;-148,133;-147,133;-148,134;-147,134;-148,135;-147,135
-147,149
-146,-120
-146,126;-146,127;-146,128;-146,129;-146,130;-145,126;-145,127;-145,128;-145,129;-145,130
-146,149
-145,148
-145,149
-143,-7
-142,-126
-142,-116
-141,-6;-141,-5;-141,-4;-140,-6;-140,-5;-140,-4;-139,-6;-139,-5;-139,-4
-140,-119
-139,-109
-137,-13;-136,-13;-135,-13
-134,-12
-135,15
-130,15
-128,90;-128,89
-125,-83
-120,91;-121,91
-120,-53
-118,6;-117,6
-115,-67;-115,-66;-115,-65
-113,-56;-112,-56;-112,-55
-113,-36;-113,-37;-113,-38
-111,-44
-111,150;-110,150;-109,150;-108,150;-107,150;-106,150;-105,150;-104,150;-111,149;-110,149;-109,149;-108,149;-107,149;-106,149;-105,149;-104,149;-111,148;-110,148;-109,148;-108,148;-107,148;-106,148;-105,148;-104,148;-111,147;-110,147;-109,147;-108,147;-107,147;-106,147;-105,147;-104,147;-111,146;-110,146;-109,146;-108,146;-107,146;-106,146;-105,146;-104,146;-111,145;-110,145;-109,145;-108,145;-107,145;-106,145;-105,145;-104,145;-111,144;-110,144;-109,144;-108,144;-107,144;-106,144;-105,144;-104,144
-109,-32;-110,-32
-109,-95
-108,-41;-108,-40;-107,-41;-107,-40;-106,-41;-106,-40
-107,-64
-105,-143;-105,-144;-105,-145;-105,-146;-105,-147;-104,-142;-104,-143;-104,-144;-104,-145;-104,-146;-104,-147;-103,-142;-103,-143;-103,-144;-103,-145;-103,-146;-103,-147;-102,-144;-102,-143;-102,-145;-102,-146;-102,-147
-103,-98
-102,-98
-103,-97;-102,-97
-103,-21
-102,-100
-102,-99
-101,-100
-101,-99
-95,41;-95,40;-96,41;-96,40
-101,-98
-101,-21
-100,-98
-99,-60
-98,-140
-96,126;-96,127;-96,128;-96,129;-96,130;-95,126;-95,127;-95,128;-95,129;-95,130;-94,126;-94,127;-94,128;-94,129;-94,130;-93,126;-93,127;-93,128;-93,129;-93,130;-92,126;-92,127;-92,128;-92,129;-92,130
-92,-93
-92,-84
-91,-22
-87,-84;-87,-85;-87,-86;-88,-84;-88,-85;-88,-86;-89,-84;-89,-85;-89,-86
-88,-20
-87,12;-87,13
-86,-28
-80,-117
-71,-119;-71,-118;-70,-118;-70,-119;-69,-119;-69,-118
-71,52;-71,53;-71,54;-71,55;-71,56;-71,57;-70,52;-70,53;-70,54;-70,55;-70,56;-70,57;-69,52;-69,53;-69,54;-69,55;-69,56;-69,57;-68,52;-68,53;-68,54;-68,55;-68,56;-68,57;-67,52;-67,53;-67,54;-67,55;-67,56;-67,57;-66,52;-66,53;-66,54;-66,55;-66,56;-66,57
-71,69;-71,70;-71,71;-70,69;-70,70;-70,71;-69,69;-69,70;-69,71
-68,122;-68,123;-67,122;-67,123
-67,-111;-67,-110;-67,-109;-66,-110;-66,-109;-65,-111;-65,-110;-65,-109;-64,-111;-64,-110;-64,-109
-62,126;-62,125
-62,128;-62,129;-61,128;-61,129
-61,-19
-61,125;-61,126;-60,126;-60,125;-59,125;-59,126;-58,125;-58,126;-57,125;-57,126;-56,125;-56,126;-55,125;-55,126
-59,128;-58,128;-59,127;-58,127
-56,127;-56,128;-55,127;-55,128
-56,-105;-55,-105
-56,74;-56,75;-56,76;-56,77;-56,78;-55,74;-55,75;-55,76;-55,77;-55,78;-54,74;-54,75;-54,76;-54,77;-54,78;-53,74;-53,75;-53,76;-53,77;-53,78
-55,-127
-54,-140
-54,128;-53,128;-54,127;-53,127
-52,-140
-52,147;-51,147;-50,147;-49,147;-48,147;-47,147
-49,73;-48,73;-47,73
-46,83
-45,43;-45,42
-45,106;-45,107;-45,108;-44,106;-44,107;-44,108
-43,-52
-40,-59
-39,-3;-38,-3;-37,-3;-36,-3
-37,26;-36,26
-35,-60;-35,-59;-34,-60;-34,-59;-33,-60;-33,-59;-32,-60;-32,-59;-31,-60;-31,-59;-35,-58;-35,-57;-34,-58;-34,-57;-33,-57;-33,-58
-33,-56;-33,-55
-31,-4;-31,-3;-30,-4;-30,-3
-26,-111
-28,-45
-27,19;-27,20;-26,19;-26,20;-25,19;-25,20;-24,19;-24,20;-23,19;-23,20;-22,19;-22,20;-21,19
-25,-8;-25,-9
-24,-8
-24,-9
-25,34;-25,35
-24,-5
-23,23
-19,-132
-18,-97
-17,-142
-16,-46
-16,-45
-16,-44
-16,-43
-15,-46
-15,-45
-15,-44
-15,-43
-14,-46
-14,-45
-14,-44
-14,-43
-13,-46
-13,-45
-13,-44
-13,-43
-12,-46
-12,-45
-12,-44
-12,-43
-11,-46
-11,-45
-11,-44
-11,-43
-10,-46
-10,-45
-10,-44
-10,-43
-9,-46
-9,-45
-9,-44
-9,-43
-8,-46
-8,-45;-8,-44
-8,-43
-13,-49
-13,-48
-13,-47
-12,-49
-12,-48
-12,-47
-11,-49
-11,-48
-11,-47
-14,33;-14,34
-13,-6
-12,-65;-12,-64;-12,-63;-11,-65;-11,-64;-11,-63;-10,-65;-10,-64;-10,-63
-4,-140
-4,-34;-3,-34;-4,-35;-3,-35;-2,-34;-2,-35;-1,-35;-1,-34
-1,-97
1,117;1,118;2,117;2,118
2,-24
2,16;3,16;4,16;5,16;2,17;3,17;4,17;5,17;2,18;3,18;4,18;5,18
3,-35
3,117;3,118;4,117;4,118
6,137;6,136;6,135;7,137;7,136;7,135
10,-45
11,-43
14,-91
15,-117;16,-117;17,-117
16,65
26,-143
26,-84
30,-112;30,-111
35,-116
35,-28;35,-29;36,-29;36,-28
35,80;35,81;36,80;36,81
36,110
38,103
40,-42;40,-41;40,-40;41,-41;41,-42;41,-40;42,-42;42,-41;42,-40
40,9;40,10;40,11;41,9;41,10;41,11;42,9;42,10;42,11
45,11;45,12;46,11;46,12
47,-46;48,-46;49,-46;47,-45;48,-45;49,-45;47,-44;48,-44;49,-44;47,-43;48,-43;49,-43
48,14;49,14
55,-135;55,-134;56,-135;56,-134
56,-126
56,118
57,43
57,96;58,96;59,96;57,95;58,95;59,95;57,94;58,94;59,94;57,93;58,93;59,93;57,92;58,92;59,92
58,-24
61,-123
61,-27;61,-26;62,-27;62,-26
64,-102
64,30;64,31;65,31;65,30;66,30;66,31
64,32
65,32
67,29
69,-5
71,-128;71,-129
74,-137;74,-138;75,-137;75,-138;76,-137;76,-138;77,-137;77,-138
76,-106;76,-105
77,-102;77,-101
77,-100
78,-105
79,-138
83,-16
89,-130
96,-132;96,-131;97,-132;97,-131;98,-132;98,-131
99,-111
99,-131;99,-130;100,-131;100,-130
101,-28
104,-109
106,-115
110,-26;111,-26
116,-26;117,-25;117,-26;117,-27;118,-25;118,-26;118,-27;119,-25;119,-26;119,-27;120,-25;120,-26;120,-27;121,-25;121,-26;121,-27
124,-15
126,-101;126,-100
129,-4;129,-3;129,-2;130,-4;130,-3;130,-2
131,-4;131,-3;131,-2
133,36
134,-143
136,1;135,1
136,-145
137,-15
142,-146;143,-146;142,-145;143,-145;142,-144;143,-144
144,44
145,60;145,61;145,62;145,63;145,64;145,65;146,60;146,61;146,62;146,63;146,64;146,65;147,60;147,61;147,62;147,63;147,64;148,60;147,65;148,61;148,62;148,63;148,64;148,65;149,60;149,61;149,62;149,63;149,64;149,65
148,-34;148,-33