-150,20;-150,25
-150,125;-150,130
-145,25
-145,30
-145,-35
-140,-120
-140,-115
-140,-10
-140,-5
-135,-10
-135,-5
-135,-60
-135,-35
-130,-135
-130,-55
-125,80
-125,20
-125,85
-125,90
-115,130;-120,130;-125,130;-115,135;-120,135;-125,135
-125,-70
-125,125;-120,125;-115,125
-115,-100
-115,10
-115,-55;-110,-55
-110,20
-110,-45
-110,25
-105,130;-105,135;-110,130;-110,135
-110,-25
-110,-95
-110,-10;-110,-5
-105,-95
-105,-25
-105,-80
-105,-45
-105,-145;-100,-145
-105,-100;-100,-100
-100,-95
-100,-45
-100,125;-100,130
-100,-10
-100,30
-95,-90;-95,-85
-95,-40
-95,105;-90,105;-95,100;-90,100
-90,-85;-85,-85
-90,-45
-90,-20
-85,-30
-85,125;-85,130;-80,125;-80,130
-80,115;-85,115;-85,120;-80,120
-80,-35
-80,-15
-80,-115
-70,115
-70,-140
-70,35
-70,110
-65,80
-65,85
-65,125;-65,120;-60,120
-65,-130
-65,-110;-60,-110
-60,-115
-60,125
-60,130
-60,-130
-55,-140
-55,125
-55,130
-55,5
-55,45;-55,50
-55,-125
-55,-85;-55,-80
-55,-15
-55,135;-50,135;-50,130
-50,-140
-50,50
-50,-105
-50,105;-45,105;-50,100;-45,100
-45,35
-45,-115
-45,150
-45,130
-45,-50
-45,-30
-45,5
-40,105;-40,100
-40,-25
-40,-105
-40,65
-40,125
-40,130
-40,-60
-35,-60;-30,-60;-35,-55
-35,-35
-30,-110;-30,-105
-25,-60;-30,-65;-25,-65
-30,140
-30,75;-30,80
-30,90
-30,-55
-25,-55
-25,-20
-25,90
-25,-50
-25,15
-25,-130;-20,-130
-20,35
-20,140;-15,140
-10,-20;-10,-15;-10,-10;-5,-20;-5,-15;-5,-10;0,-20;0,-15;0,-10;-15,-35;-15,-30;-15,-25;-15,-20;-10,-35;-10,-30;-10,-25;-5,-35;-5,-30;-5,-25;0,-35;0,-30;0,-25
-15,80;-15,75;-10,75;-10,80
-15,-140
-15,0
-10,-125
-10,-145
-10,140
-10,-130
-10,-120;-5,-120
-10,-65;-5,-65
-5,-105
0,130
0,-55;5,-55
0,-40;5,-40;5,-45;5,-35;10,-40;10,-35
5,20;5,15;0,20;0,15
0,50
0,55;5,55
5,65;0,65
5,-20
5,-110
5,-145
10,50;10,55
10,-140
10,-115
10,70
10,-50
10,-20;15,-20
10,-15;15,-15
15,-10
15,-145
15,-115
15,-80
15,-65;20,-65
20,145
20,-20
20,-15;20,-10
20,20
20,55;20,50
20,140
20,5;25,5;30,5
20,10
20,70;25,70
25,-90
25,-55
25,-30
25,-120
25,-10
30,10
30,-140
30,90
30,-5
30,25;35,25
35,-65
35,10
35,105
35,-115
35,-5
35,0
40,-25
40,-5;40,0
40,10
40,25
40,70
40,105
40,-120
40,-55
40,-110
40,125
40,120
45,-40
45,25
45,80;45,85
45,100
50,-70
50,105
55,25;50,25
55,105
55,-20
55,110
60,30;65,30
60,-150;60,-145;65,-150;65,-145;70,-150;70,-145
65,-110;60,-110
60,-30
60,-25
60,-15
60,-135
65,-120
70,-5
70,40;70,45;70,50
85,-130
75,60;75,65;80,60;80,65
75,-150
85,50;85,55;90,50;85,45
90,55;95,55
95,50;90,45;95,45
85,130;85,135;90,130;90,135;90,125;90,120;95,120;95,125;95,130;95,135;100,120;100,125;100,130;100,135
90,75
90,80
90,85
90,90
105,-100
105,-120
90,-80;95,-80;100,-80;105,-80;90,-85;95,-85;100,-85;105,-85;90,-90;95,-90;100,-90;105,-90;90,-95;95,-95;100,-95;105,-95;90,-75;95,-75;100,-75;105,-75
95,75
95,80
95,85
95,90
95,15;95,20
95,25;100,20;100,25
100,-140
100,75
100,80
100,90
100,30;100,35
100,85
105,85
105,90
105,150
105,60
105,80
115,-130
110,-120
120,-120
110,-80;115,-80;120,-80;125,-80;110,-85;115,-85;120,-85;125,-85;110,-90;115,-90;120,-90;125,-90;110,-95;115,-95;120,-95;125,-95;110,-75;115,-75;120,-75;125,-75
110,75
110,80
110,85
110,90
110,-140
110,0
115,-20
115,65
120,-10
115,-25;120,-25
115,-5
115,100
115,105
115,125
115,130
115,135
120,100
120,105
120,110
120,115
120,125
120,130
120,135
120,140
120,145
120,150
120,-5;120,0
120,85
120,90
120,95
120,-15
120,-35
125,-35
120,30;120,35;125,30;125,35
120,120
125,-10
125,85
125,90
125,95
125,100
125,105
125,110
125,115
125,130
125,135
125,140
125,145
125,150
130,-125
135,-135
125,-105
125,45;125,50;130,45;130,50
125,65
125,70
125,75
130,65
130,70
130,75
130,145
130,150
130,-140
130,30
130,-10
135,-25
135,65
135,70
135,75
135,145
135,150
135,-15
135,-30
135,-20
140,-25
140,-20
140,145
140,150
140,-120;140,-115;145,-120;145,-115
140,-75
140,-70
140,-60
140,0;140,-5;140,-10;145,0;145,-5;145,-10;150,0;150,-5;150,-10
140,-145;145,-145
140,50
140,105;140,110
145,-35
145,-15
145,145
145,150
145,45
150,-35
150,-145
150,-90
150,-85;150,-80
150,-75
150,5
150,65;150,70;150,75