-150,51;-150,52;-150,53;-149,51;-149,52;-149,53;-148,51;-148,52;-148,53;-147,51;-147,52;-147,53;-146,51;-146,52;-146,53
-150,54
-149,54
-148,54
-147,54
-146,54
-150,91;-150,92;-150,93;-150,94;-150,95;-149,91;-149,92;-149,93;-149,94;-149,95;-148,91;-148,92;-148,93;-148,94;-148,95
-124,106
-147,92;-147,93;-146,92;-146,93
-147,94
-147,95
-146,-147
-141,-81
-139,-28
-136,-95
-125,124
-133,-35
-131,-61
-129,-59
-125,-94
-125,-63
-123,-69;-122,-69;-121,-69;-120,-69
-123,-65
-123,-63
-121,-65
-119,-97
-119,-65
-119,113
-118,113
-116,-97
-116,-95
-108,63
-111,140;-111,141;-111,142;-110,140;-110,141;-110,142;-109,140;-109,141;-109,142
-108,-97
-108,140;-108,141;-108,142;-107,140;-107,141;-107,142;-106,140;-106,141;-106,142
-107,67
-106,-80
-106,-73
-106,-70
-105,-142
-105,117;-105,118;-105,119;-105,120;-105,121;-104,117;-104,118;-104,119;-104,120;-104,121
-105,126
-105,142
-104,-140
-104,141;-104,142;-103,141;-103,142
-103,-97;-102,-97
-103,-92
-102,-142
-95,36;-95,35;-95,34;-96,36;-96,35;-96,34;-97,36;-97,35;-97,34
-101,-95
-99,-95
-98,-142
-97,-97
-96,112;-95,112;-94,112;-93,112;-92,112;-96,111;-95,111;-94,111;-93,111;-92,111;-96,110;-95,110;-94,110;-93,110;-92,110;-96,109;-95,109;-94,109;-93,109;-92,109;-96,108;-95,108;-94,108;-93,108;-92,108
-95,-95
-95,32
-93,-97
-92,-140
-91,-89
-87,-84;-87,-85;-87,-86;-88,-84;-88,-85;-88,-86;-89,-84;-89,-85;-89,-86
-89,-66;-88,-66;-88,-65;-88,-64;-88,-63;-89,-63;-89,-64;-89,-65
-87,-74
-85,-97
-84,-142
-80,103;-80,104
-79,103;-79,104;-78,103;-78,104
-77,-140
-76,-97
-75,-150;-75,-149;-74,-150;-74,-149
-74,-74
-73,-150;-73,-149;-72,-150;-72,-149
-73,-97
-71,-150;-71,-149;-70,-150;-70,-149
-69,-60;-69,-61;-68,-59;-68,-60;-67,-59;-67,-60;-67,-61;-66,-59;-66,-60;-65,-59;-65,-60;-65,-61;-64,-59;-64,-60;-64,-61;-63,-59;-63,-60;-63,-61;-62,-59;-62,-61;-61,-57;-61,-58;-61,-59;-61,-60;-61,-61;-60,-57;-60,-58;-60,-59;-60,-60;-60,-61;-59,-57;-59,-58;-59,-59;-59,-60;-59,-61;-58,-58;-58,-59;-58,-60;-57,-57;-57,-58;-57,-59;-57,-60;-57,-61;-56,-58;-55,-57;-55,-58;-69,-58;-69,-57;-68,-58;-67,-58;-67,-57;-66,-58;-65,-58;-65,-57;-64,-58;-64,-57;-63,-58;-63,-57;-62,-57;-56,-59;-56,-60;-55,-60;-55,-61
-69,-62;-69,-63;-69,-64;-69,-65;-69,-66;-68,-62;-68,-66;-67,-62;-66,-62;-65,-62;-65,-63;-65,-64;-65,-65;-65,-66;-64,-62;-64,-63;-64,-64;-64,-65;-64,-66;-63,-62;-63,-66;-62,-62;-62,-66;-61,-62;-61,-66;-60,-62;-60,-63;-60,-64;-60,-65;-60,-66;-59,-62;-59,-63;-59,-64;-59,-65;-59,-66;-58,-62;-57,-62;-56,-62;-55,-62;-55,-63;-55,-64;-67,-66;-66,-66;-58,-66;-57,-66;-56,-66;-55,-66;-55,-65
-69,-67;-69,-68;-69,-69;-69,-70;-69,-71;-68,-67;-68,-68;-68,-69;-68,-70;-68,-71;-67,-70;-67,-71;-66,-70;-66,-71;-65,-67;-65,-68;-65,-69;-65,-70;-65,-71;-64,-67;-64,-68;-64,-69;-64,-70;-64,-71;-63,-67;-63,-70;-63,-71;-62,-67;-62,-70;-62,-71;-61,-67;-61,-70;-61,-71;-60,-67;-60,-68;-60,-69;-60,-70;-60,-71;-59,-67;-59,-68;-59,-69;-59,-70;-59,-71;-58,-70;-58,-71;-57,-70;-57,-71;-56,-70;-56,-71;-55,-70;-55,-71;-67,-67;-66,-67;-58,-67;-57,-67;-56,-69;-56,-68;-56,-67;-55,-69;-55,-68;-55,-67
-68,-63;-68,-64;-68,-65;-67,-63;-67,-64;-67,-65;-66,-63;-66,-64;-66,-65
-67,-68;-67,-69;-66,-68;-66,-69
-63,-63;-63,-64;-63,-65;-62,-63;-62,-64;-62,-65;-61,-63;-61,-64;-61,-65
-63,-68
-63,-69
-62,-68
-62,-69
-61,-68
-61,-69
-60,-56
-59,-56
-58,-56
-58,-57
-58,-63;-58,-64;-57,-63;-57,-64;-56,-63;-56,-64;-58,-65;-57,-65;-56,-65
-57,-56
-56,-57
-71,116;-71,117
-70,-142
-69,-150;-69,-149;-68,-150;-68,-149
-69,-56
-69,-55
-69,-54
-68,-57
-68,-56
-68,-55
-68,-54
-67,-56
-67,-55
-67,-54
-66,-57
-66,-56
-66,-55
-66,-54
-65,-56
-65,-55
-65,-54
-64,-56
-64,-55
-64,-54
-63,-56
-63,-55
-63,-54
-62,-58
-62,-56
-62,-55
-62,-54
-64,-7
-60,-140
-58,-97
-58,-69;-58,-68;-57,-69;-57,-68
-54,-69
-54,-68
-54,-67
-54,-66
-54,-65
-56,-56
-54,-140
-49,-73
-48,-142
-48,-73
-40,106;-40,107;-39,106;-39,107
-37,-140
-35,120;-35,121;-35,122;-34,120;-34,121;-34,122;-33,120;-33,121;-33,122;-32,120;-32,121;-32,122
-30,-24
-30,3
-26,-45
-22,25;-22,26
-17,-108
-17,-97
-10,-97
-9,-9;-9,-8;-9,-7;-9,-6;-9,-5;-9,-4;-9,-3;-9,-2;-9,-1;-9,0;-9,1;-9,2;-9,3;-9,4;-9,5;-9,6;-9,7;-9,8;-9,9;-8,-9;-8,-8;-8,-7;-8,-6;-8,-5;-8,-4;-8,-3;-8,-2;-8,-1;-8,0;-8,1;-8,2;-8,3;-8,4;-8,5;-8,6;-8,7;-8,8;-8,9;-7,-9;-7,-8;-7,-7;-7,-6;-7,-5;-7,-4;-7,-3;-7,-2;-7,-1;-7,0;-7,1;-7,2;-7,3;-7,4;-7,5;-7,6;-7,7;-7,8;-7,9;-6,-9;-6,-8;-6,-7;-6,-6;-6,-5;-6,-4;-6,-3;-6,-2;-6,-1;-6,0;-6,1;-6,2;-6,3;-6,4;-6,5;-6,6;-6,7;-6,8;-6,9;-5,-9;-5,-8;-5,-7;-5,-6;-5,-5;-5,-4;-5,-3;-5,-2;-5,-1;-5,0;-5,1;-5,2;-5,3;-5,4;-5,5;-5,6;-5,7;-5,8;-5,9;-4,-9;-4,-8;-4,-7;-4,-6;-4,-5;-4,-4;-4,-3;-4,-2;-4,-1;-4,0;-4,1;-4,2;-4,3;-4,4;-4,5;-4,6;-4,7;-4,8;-4,9;-3,-9;-3,-8;-3,-7;-3,-6;-3,-5;-3,-4;-3,-3;-3,-2;-3,-1;-3,0;-3,1;-3,2;-3,3;-3,4;-3,5;-3,6;-3,7;-3,8;-3,9;-2,-9;-2,-8;-2,-7;-2,-6;-2,-5;-2,-4;-2,-3;-2,-2;-2,-1;-2,0;-2,1;-2,2;-2,3;-2,4;-2,5;-2,6;-2,7;-2,8;-2,9;-1,-9;-1,-8;-1,-7;-1,-6;-1,-5;-1,-4;-1,-3;-1,-2;-1,-1;-1,0;-1,1;-1,2;-1,3;-1,4;-1,5;-1,6;-1,7;-1,8;-1,9;0,-9;0,-8;0,-7;0,-6;0,-5;0,-4;0,-3;0,-2;0,-1;0,0;0,1;0,2;0,3;0,4;0,5;0,6;0,7;0,8;0,9;1,-9;1,-8;1,-7;1,-6;1,-5;1,-4;1,-3;1,-2;1,-1;1,0;1,1;1,2;1,3;1,4;1,5;1,6;1,7;1,8;1,9;2,-9;2,-8;2,-7;2,-6;2,-5;2,-4;2,-3;2,-2;2,-1;2,0;2,1;2,2;2,3;2,4;2,5;2,6;2,7;2,8;2,9;3,-9;3,-8;3,-7;3,-6;3,-5;3,-4;3,-3;3,-2;3,-1;3,0;3,1;3,2;3,3;3,4;3,5;3,6;3,7;3,8;3,9;4,-9;4,-8;4,-7;4,-6;4,-5;4,-4;4,-3;4,-2;4,-1;4,0;4,1;4,2;4,3;4,4;4,5;4,6;4,7;4,8;4,9;5,-9;5,-8;5,-7;5,-6;5,-5;5,-4;5,-3;5,-2;5,-1;5,0;5,1;5,2;5,3;5,4;5,5;5,6;5,7;5,8;5,9;6,-9;6,-8;6,-7;6,-6;6,-5;6,-4;6,-3;6,-2;6,-1;6,0;6,1;6,2;6,3;6,4;6,5;6,6;6,7;6,8;6,9;7,-9;7,-8;7,-7;7,-6;7,-5;7,-4;7,-3;7,-2;7,-1;7,0;7,1;7,2;7,3;7,4;7,5;7,6;7,7;7,8;7,9;8,-9;8,-8;8,-7;8,-6;8,-5;8,-4;8,-3;8,-2;8,-1;8,0;8,1;8,2;8,3;8,4;8,5;8,6;8,7;8,8;8,9;9,-9;9,-8;9,-7;9,-6;9,-5;9,-4;9,-3;9,-2;9,-1;9,0;9,1;9,2;9,3;9,4;9,5;9,6;9,7;9,8;9,9;10,-9;10,-8;10,-7;10,-6;10,-5;10,-4;10,-3;10,-2;10,-1;10,0;10,1;10,2;10,3;10,4;10,5;10,6;10,7;10,8;10,9
-9,73;-9,74;-9,75;-9,76;-9,77;-9,78;-9,79;-9,80;-9,81;-9,82;-9,83;-9,84;-9,85;-9,86;-9,87;-9,88;-9,89;-9,90;-9,91;-9,92;-8,73;-8,78;-8,80;-8,81;-8,82;-8,83;-8,84;-8,85;-8,87;-8,92;-7,73;-7,78;-7,79;-7,80;-7,81;-7,82;-7,83;-7,84;-7,85;-7,86;-7,87;-7,92;-6,73;-6,78;-6,79;-6,81;-6,82;-6,83;-6,84;-6,86;-6,87;-6,92;-5,73;-5,78;-5,79;-5,80;-5,81;-5,82;-5,83;-5,84;-5,85;-5,86;-5,87;-5,92;-4,73;-4,74;-4,75;-4,76;-4,77;-4,78;-4,80;-4,81;-4,82;-4,83;-4,84;-4,85;-4,87;-4,88;-4,89;-4,90;-4,91;-4,92;-3,73;-3,74;-3,75;-3,76;-3,77;-3,78;-3,79;-3,80;-3,81;-3,82;-3,83;-3,84;-3,85;-3,86;-3,87;-3,88;-3,89;-3,90;-3,91;-3,92;-2,73;-2,75;-2,76;-2,77;-2,79;-2,80;-2,81;-2,82;-2,83;-2,84;-2,85;-2,86;-2,88;-2,89;-2,90;-2,92;-1,73;-1,74;-1,75;-1,77;-1,78;-1,79;-1,80;-1,81;-1,82;-1,83;-1,84;-1,85;-1,86;-1,87;-1,88;-1,90;-1,91;-1,92;0,73;0,74;0,75;0,76;0,77;0,78;0,79;0,80;0,81;0,82;0,83;0,84;0,85;0,86;0,87;0,88;0,89;0,90;0,91;0,92;1,73;1,74;1,75;1,76;1,77;1,78;1,79;1,80;1,81;1,82;1,83;1,84;1,85;1,86;1,87;1,88;1,89;1,90;1,91;1,92;2,73;2,74;2,75;2,77;2,78;2,79;2,80;2,81;2,82;2,83;2,84;2,85;2,86;2,87;2,88;2,90;2,91;2,92;3,73;3,75;3,76;3,77;3,79;3,80;3,81;3,82;3,83;3,84;3,85;3,86;3,88;3,89;3,90;3,92;4,73;4,74;4,75;4,76;4,77;4,78;4,79;4,80;4,81;4,82;4,83;4,84;4,85;4,86;4,87;4,88;4,90;4,91;4,92;5,73;5,74;5,75;5,76;5,77;5,78;5,80;5,81;5,82;5,83;5,84;5,85;5,87;5,88;5,89;5,90;5,91;5,92;6,73;6,78;6,79;6,80;6,81;6,82;6,83;6,84;6,85;6,86;6,87;6,92;7,73;7,78;7,79;7,81;7,82;7,83;7,84;7,86;7,87;7,92;8,73;8,78;8,79;8,80;8,81;8,82;8,83;8,84;8,85;8,86;8,87;8,92;9,73;9,78;9,80;9,81;9,82;9,83;9,84;9,85;9,87;9,92;10,73;10,74;10,75;10,76;10,77;10,78;10,79;10,80;10,81;10,82;10,83;10,84;10,85;10,86;10,87;10,88;10,89;10,90;10,91;10,92
-5,-105
-4,-108
-4,-103
-4,-97
-2,-95
-1,-121
-1,-115
-1,-110
-1,-100
-1,-94
2,-121
2,-103
2,-95
2,-56
3,-94
4,106;4,107;4,108;4,109;4,110;4,111;5,105;5,106;5,107;5,108;5,109;5,110;5,111;6,105;6,106;6,107;6,108;6,109;6,110;6,111;7,105;7,106;7,107;7,108;7,109;7,110;7,111
5,-13
6,-52
6,-12
7,-13
9,-13
8,-12
8,117
10,-12
11,-13
11,145;11,146;11,147;11,148;11,149;12,145;12,146;12,147;12,148;12,149;13,145;13,146;13,147;13,148;13,149;14,145;14,146;14,147;14,148;14,149;15,145;15,146;15,147;15,148;15,149
13,92;14,92;15,92;13,91;14,91;15,91;13,90;14,90;15,90
17,91
18,90
19,-145
19,-29
21,-115
21,-113
21,-32
22,-145
23,-52;24,-52
23,-144
28,-141
31,-20
34,-115
40,-70
41,-71
43,100
47,-46
50,-88
62,-121
65,16;65,17;65,18;65,19;66,16;66,17;66,18;66,19;67,16;67,17;67,18;67,19;68,16;68,17;68,18;68,19;69,16;69,17;69,18;69,19;65,20;65,21;65,22;66,20;66,21;66,22;65,13;65,14;65,15;66,13;66,14;67,13;67,14;68,13;68,14;66,15;67,15;67,20;67,21;67,22;68,20;68,21;68,22;69,20;69,21;69,22;70,20;70,21;70,22;71,20;71,21;71,22;68,15;69,13;69,14;70,13;70,14;71,13;71,14;69,15;70,15;70,16;70,17;71,16;71,17;71,19;71,18;70,19;70,18;71,15;73,22;74,22;72,13;72,14;72,15;72,16;72,17;72,18;72,19;72,20;72,21;72,22;73,13;73,14;74,13;74,14;73,15;74,15;73,16;74,16;73,17;74,17;73,18;74,18;73,19;73,21;74,21;73,20;74,20;74,19
79,-137
79,-30
87,52
88,52
85,55;86,56;85,56;86,55
87,56;88,56
87,53
88,53
99,-131;99,-130;100,-131;100,-130
101,41
101,48
105,50;106,50;106,51;107,50;107,51
109,49
108,56
110,49;110,50;111,49;111,50
121,-13
124,42;124,43;124,44;124,45;124,46;124,47;124,48;124,49;124,50;124,51;124,52;124,53;124,54;124,55;125,41;125,42;125,43;125,44;125,45;125,46;125,47;125,48;125,49;125,50;125,51;125,52;125,53;125,54;125,55;126,41;126,42;126,43;126,44;126,45;126,46;126,47;126,48;126,49;126,50;127,44;127,45;127,46;127,47;127,48;127,49;127,50;128,44;128,45;128,46;128,47;128,48;128,49;128,50;129,44;129,45;129,46;129,47;129,48;129,49;129,50;130,44;130,45;130,46;130,47;130,48;130,49;130,50;131,44;131,45;131,46;131,47;131,48;131,49;131,50;132,44;132,45;132,46;132,47;132,48;132,49;132,50;126,51;126,52;126,53;126,54;126,55;127,41;127,42;127,43;127,51;127,52;127,53;127,54;127,55;128,41;128,42;128,43;128,51;128,52;128,53;128,54;128,55;129,41;129,42;129,43;129,51;129,52;129,53;129,54;129,55;130,41;130,42;130,43;130,51;130,52;130,53;130,54;130,55;131,41;131,42;131,43;131,51;131,52;131,53;131,54;131,55;132,41;132,42;132,43;132,51;132,52;132,53;132,54;132,55;133,41;133,42;133,43;133,44;133,45;133,46;133,47;133,48;133,49;133,50;133,51;133,52;133,53;133,54;133,55
130,-126
131,-14
135,-98
140,1
142,56
144,1
147,3
149,-37
149,-32
149,-30
149,-26
149,-18
149,-12
149,-1
150,1