-150,-87
-150,72;-149,72;-148,72;-147,72;-146,72;-145,72;-144,72;-143,72;-142,72;-141,72;-140,72;-139,72;-150,71;-149,71;-148,71;-147,71;-146,71;-145,71;-144,71;-143,71;-142,71;-141,71;-140,71;-139,71;-150,70;-149,70;-148,70;-147,70;-146,70;-145,70;-144,70;-143,70;-142,70;-141,70;-140,70;-139,70;-150,69;-149,69;-148,69;-147,69;-146,69;-145,69;-144,69;-143,69;-142,69;-141,69;-140,69;-139,69;-150,68;-149,68;-148,68;-147,68;-146,68;-145,68;-144,68;-143,68;-142,68;-141,68;-140,68;-139,68;-150,67;-149,67;-148,67;-147,67;-146,67;-145,67;-144,67;-143,67;-142,67;-141,67;-140,67;-139,67;-150,66;-149,66;-148,66;-147,66;-146,66;-145,66;-144,66;-143,66;-142,66;-141,66;-140,66;-139,66;-150,65;-149,65;-148,65;-147,65;-146,65;-145,65;-144,65;-143,65;-142,65;-141,65;-140,65;-139,65;-150,64;-149,64;-148,64;-147,64;-146,64;-145,64;-144,64;-143,64;-142,64;-141,64;-140,64;-139,64
-150,126;-149,126;-150,127;-149,127;-150,128;-149,128;-150,129;-149,129;-150,130;-149,130
-150,131;-149,131;-150,132;-149,132;-150,133;-149,133;-150,134;-149,134;-150,135;-149,135
-148,126;-147,126;-148,127;-147,127;-148,128;-147,128;-148,129;-147,129;-148,130;-147,130
-148,131;-147,131;-148,132;-147,132;-148,133;-147,133;-148,134;-147,134;-148,135;-147,135
-146,-120
-146,-8
-145,44
-145,45
-145,46
-145,47
-139,37;-139,36;-139,35;-139,34;-140,37;-140,36;-140,35;-140,34;-141,37;-141,36;-141,35;-141,34;-142,37;-142,36;-142,35;-142,34;-143,37;-143,36;-143,35;-143,34;-144,37;-144,36;-144,35;-144,34
-144,44
-144,45
-144,46
-144,47
-143,44
-143,45
-143,46
-143,47
-142,44
-142,45
-142,46
-142,47
-141,44
-141,45
-141,46
-141,47
-143,-117
-143,-36
-143,19
-142,-126
-142,-116
-140,-119
-140,44
-140,45
-140,46
-140,47
-139,-109
-136,-12
-134,-35;-134,-34
-125,-85
-124,91
-123,91
-115,132;-116,132;-117,132;-118,132;-119,132;-120,132;-121,132;-122,132;-123,132;-124,132;-115,133;-116,133;-117,133;-118,133;-119,133;-120,133;-121,133;-122,133;-123,133;-124,133;-115,134;-116,134;-117,134;-118,134;-119,134;-120,134;-121,134;-122,134;-123,134;-124,134;-115,135;-116,135;-117,135;-118,135;-119,135;-120,135;-121,135;-122,135;-123,135;-124,135;-117,136;-118,136;-119,136;-120,136;-121,136;-122,136;-117,137;-118,137;-119,137;-120,137;-121,137;-122,137
-123,-134;-123,-133;-123,-132;-123,-131;-123,-130;-123,-129;-123,-128;-123,-127;-122,-134;-122,-133;-122,-132;-122,-131;-122,-130;-122,-129;-122,-128;-122,-127;-121,-134;-121,-133;-121,-132;-121,-131;-121,-130;-121,-129;-121,-128;-121,-127;-120,-134;-120,-133;-120,-132;-120,-131;-120,-130;-120,-129;-120,-128;-120,-127;-119,-134;-119,-133;-119,-132;-119,-131;-119,-130;-119,-129;-119,-128;-119,-127;-118,-134;-118,-133;-118,-132;-118,-131;-118,-130;-118,-129;-118,-128;-118,-127;-117,-134;-117,-133;-117,-132;-117,-131;-117,-130;-117,-129;-117,-128;-117,-127;-116,-134;-116,-133;-116,-132;-116,-131;-116,-130;-116,-129;-116,-128;-116,-127
-123,-27
-122,55
-122,56;-122,57;-122,58;-122,59;-122,60;-121,56;-121,57;-121,58;-121,59;-121,60;-120,56;-120,57;-120,58;-120,59;-120,60;-119,56;-119,57;-119,58;-119,59;-119,60
-121,55
-120,55
-119,55
-119,-150
-119,-104;-118,-104;-119,-103;-118,-103
-119,17;-119,18
-114,60;-114,59;-114,58;-114,57;-114,56;-114,55;-115,60;-115,59;-115,58;-115,57;-115,56;-115,55;-116,60;-116,59;-116,58;-116,57;-116,56;-116,55;-117,60;-117,59;-117,58;-117,57;-117,56;-117,55;-118,60;-118,59;-118,58;-118,57;-118,56;-118,55
-115,-67;-115,-66;-115,-65
-115,-62
-113,-56;-112,-56;-112,-55
-112,-108
-110,-25
-107,41;-107,40;-107,39;-107,38;-108,41;-108,40;-108,39;-108,38;-109,41;-109,40;-109,39;-109,38;-110,41;-110,40;-110,39;-110,38
-107,37
-107,36
-107,35
-107,34
-108,37
-108,36
-108,35
-108,34
-109,37
-109,36
-109,35
-109,34;-110,34
-110,37
-110,36
-110,35
-109,-95
-109,-26;-109,-27
-109,-25
-109,-8;-109,-7;-108,-8;-108,-7
-108,-41;-108,-40;-107,-41;-107,-40;-106,-41;-106,-40
-108,24
-107,-94
-106,-5;-106,-4;-105,-5;-105,-4;-104,-5;-104,-4
-106,34;-106,35;-106,36;-106,37;-105,34;-105,35;-105,36;-105,37;-104,34;-104,35;-104,36;-104,37;-103,34;-103,35;-103,36;-103,37
-106,38;-106,39;-106,40;-106,41;-105,38;-105,39;-105,40;-105,41;-104,38;-104,39;-104,40;-104,41;-103,38;-103,39;-103,40;-103,41
-105,-143;-105,-144;-105,-145;-105,-146;-105,-147;-104,-142;-104,-143;-104,-144;-104,-145;-104,-146;-104,-147;-103,-142;-103,-143;-103,-144;-103,-145;-103,-146;-103,-147;-102,-144;-102,-143;-102,-145;-102,-146;-102,-147
-104,-95
-104,-43
-104,138;-104,132;-104,133;-104,134;-104,135;-104,136;-104,137;-103,138;-103,132;-103,133;-103,134;-103,135;-103,136;-103,137;-102,138;-102,132;-102,133;-102,134;-102,135;-102,136;-102,137;-101,138;-101,132;-101,133;-101,134;-101,135;-101,136;-101,137;-100,138;-100,132;-100,133;-100,134;-100,135;-100,136;-100,137;-99,138;-99,132;-99,133;-99,134;-99,135;-99,136;-99,137;-98,138;-98,132;-98,133;-98,134;-98,135;-98,136;-98,137
-103,-43
-102,-100
-102,-99
-101,-100
-101,-99
-102,-43
-95,45
-95,44
-95,43
-95,42
-95,41
-95,40
-95,39
-95,38
-95,37
-95,36
-95,35
-95,34
-96,45
-96,44
-96,43
-96,42
-96,41
-96,40
-96,39
-96,38
-96,37
-96,36
-96,35
-96,34
-97,45
-97,44
-97,43
-97,42
-97,41
-97,40
-97,39
-97,38
-97,37
-97,36
-97,35
-97,34
-98,45
-98,44
-98,43
-98,42
-98,41
-98,40
-98,39
-98,38
-98,37
-98,36
-98,35
-98,34
-99,45
-99,44
-99,43
-99,42
-99,41
-99,40
-99,39
-99,38
-99,37
-99,36
-99,35
-99,34
-100,45
-100,44
-100,43
-100,42
-100,41
-100,40
-100,39
-100,38
-100,37
-100,36
-100,35
-100,34
-101,45
-101,44
-101,43
-101,42
-101,41
-101,40
-101,39
-101,38
-101,37
-101,36
-101,35
-101,34
-102,45
-102,44
-102,43
-102,42
-102,41
-102,40
-102,39
-102,38
-102,37
-102,36
-102,35
-102,34
-99,126;-99,127;-99,128;-99,129;-100,126;-100,127;-100,128;-100,129;-101,126;-101,127;-101,128;-101,129;-102,126;-102,127;-102,128;-102,129
-98,-140
-95,-60
-95,-61
-96,-60
-96,-61
-97,-60
-97,-61
-96,112;-95,112;-94,112;-93,112;-92,112;-96,111;-95,111;-94,111;-93,111;-92,111;-96,110;-95,110;-94,110;-93,110;-92,110;-96,109;-95,109;-94,109;-93,109;-92,109;-96,108;-95,108;-94,108;-93,108;-92,108
-95,-89;-95,-88;-95,-87;-94,-89;-94,-88;-94,-87
-93,16;-92,16;-91,14;-91,15;-91,16;-91,17;-91,18;-91,19;-91,20;-91,21;-91,22;-91,23;-90,14;-89,12;-89,13;-89,14;-88,14;-87,14;-86,14;-85,14
-92,-84
-90,-71;-90,-72;-90,-73;-89,-70;-89,-71;-89,-72;-89,-73;-88,-71;-88,-72;-88,-73
-87,-84;-87,-85;-87,-86;-88,-84;-88,-85;-88,-86;-89,-84;-89,-85;-89,-86
-80,-117
-71,-13;-71,-14;-71,-15;-71,-16;-71,-17;-72,-13;-72,-14;-72,-15;-72,-16;-72,-17;-73,-13;-73,-14;-73,-15;-73,-16;-73,-17;-74,-13;-74,-14;-74,-15;-74,-16;-74,-17
-74,44
-71,-130
-71,-119;-71,-118;-70,-118;-70,-119;-69,-119;-69,-118
-71,-107;-70,-107
-71,116
-70,112;-70,113;-69,112;-69,113
-69,-142
-69,-139
-69,-20
-69,28;-69,29;-69,30;-69,31;-68,28;-68,29;-68,30;-68,31;-67,28;-67,29;-67,30;-67,31;-66,28;-66,29;-66,30;-66,31;-65,28;-65,29;-65,30;-65,31;-64,28;-64,29;-64,30;-64,31;-63,28;-63,29;-63,30;-63,31;-62,28;-62,29;-62,30;-62,31;-61,28;-61,29;-61,30;-61,31
-67,-150;-67,-149;-66,-150;-66,-149;-65,-150;-65,-149
-66,-114;-67,-114
-65,-128
-65,-37
-63,-128;-62,-128;-61,-128;-63,-129;-62,-129;-61,-129;-63,-130;-62,-130;-61,-130
-61,-111;-62,-111;-63,-111
-61,45;-61,46;-62,45
-62,128;-62,129;-61,128;-61,129
-59,17;-59,16;-59,15;-60,17;-60,16;-60,15;-60,18;-59,18;-57,16;-57,15;-58,16;-58,15;-58,17;-58,18;-57,17;-57,18
-59,128;-58,128;-59,127;-58,127
-58,-110
-56,127;-56,128;-55,127;-55,128
-55,-127
-54,-140
-54,-128
-54,-83;-53,-83;-54,-84;-53,-84;-54,-85;-53,-85;-54,-82;-54,-81;-54,-80;-53,-82;-53,-81;-53,-80
-54,128;-53,128;-54,127;-53,127
-51,-110;-50,-110
-48,33;-48,34
-47,133;-47,134;-47,135;-47,136;-47,137;-46,133;-46,134;-46,135;-46,136;-46,137;-45,133;-45,134;-45,135;-45,136;-45,137;-44,133;-44,134;-44,135;-44,136;-44,137;-43,133;-43,134;-43,135;-43,136;-43,137
-45,128;-45,129;-44,128;-44,129
-43,-52
-43,104;-42,104;-41,104;-40,104;-39,104;-38,104;-43,103;-42,103;-41,103;-40,103;-39,103;-38,103;-43,102;-42,102;-41,102;-40,102;-39,102
-42,133;-42,134;-42,135;-42,136;-42,137;-41,133;-41,134;-41,135;-41,136;-41,137;-40,133;-40,134;-40,135;-40,136;-40,137;-39,133;-39,134;-39,135;-39,136;-39,137;-38,133;-38,134;-38,135;-38,136;-38,137
-40,-59
-38,-142
-38,-17
-38,-3;-37,-3;-36,-3
-38,31
-37,26;-36,26
-37,77
-34,45;-34,46;-33,45;-33,46
-31,-29
-31,19;-31,20
-30,-120
-30,-108;-30,-107;-29,-108;-29,-107
-29,48;-29,49
-29,80;-29,81;-29,82;-29,83;-29,84;-29,85;-28,80;-28,81;-28,82;-28,83;-28,84;-28,85;-27,80;-27,81;-27,82;-27,83;-27,84;-27,85;-26,80;-26,81;-26,82;-26,83;-26,84;-26,85;-25,80;-25,81;-25,82;-25,83;-25,84;-25,85;-24,80;-24,81;-24,82;-24,83;-24,84;-24,85
-29,92;-28,92;-29,91;-28,91
-28,-45
-27,-40;-27,-39;-26,-40;-26,-39
-26,88;-26,89;-26,90;-26,91;-26,92;-25,88;-25,89;-25,90;-25,91;-25,92;-24,88;-24,89;-24,90;-24,91;-24,92;-23,88;-23,89;-23,90;-23,91;-23,92
-25,7
-25,34;-25,35
-23,23
-22,-100
-17,-110;-17,-111;-17,-112;-17,-113;-17,-114;-17,-115;-18,-110;-18,-111;-18,-112;-18,-113;-18,-114;-18,-115;-19,-110;-19,-111;-19,-112;-19,-113;-19,-114;-19,-115;-20,-110;-20,-111;-20,-112;-20,-113;-20,-114;-20,-115;-21,-110;-21,-111;-21,-112;-21,-113;-21,-114;-21,-115
-19,-150
-17,-142
-16,72;-16,73;-16,74;-16,75;-15,72;-15,73;-15,74;-15,75;-14,72;-14,73;-14,74;-14,75;-13,72;-13,73;-13,74;-13,75
-16,-111
-16,150;-15,150;-14,150;-13,150;-12,150;-16,149;-15,149;-14,149;-13,149;-12,149;-16,148;-15,148;-14,148;-13,148;-12,148;-16,147;-15,147;-14,147;-13,147;-12,147;-16,146;-15,146;-14,146;-13,146;-12,146
-15,-115
-15,-60
-14,30
-13,-108
-12,-66
-10,38;-10,39;-10,40
-9,-140
-9,-128
-9,-91;-9,-90;-9,-89;-9,-88;-9,-87;-9,-86;-9,-85;-9,-84;-9,-83;-9,-82;-9,-81;-9,-80;-9,-79;-9,-78;-9,-77;-9,-76;-9,-75;-9,-74;-9,-73;-9,-72;-8,-91;-8,-90;-8,-89;-8,-88;-8,-87;-8,-86;-8,-85;-8,-84;-8,-83;-8,-82;-8,-81;-8,-80;-8,-79;-8,-78;-8,-77;-8,-76;-8,-75;-8,-74;-8,-73;-8,-72;-7,-91;-7,-90;-7,-89;-7,-88;-7,-87;-7,-86;-7,-85;-7,-84;-7,-83;-7,-82;-7,-81;-7,-80;-7,-79;-7,-78;-7,-77;-7,-76;-7,-75;-7,-74;-7,-73;-7,-72;-6,-91;-6,-90;-6,-89;-6,-88;-6,-87;-6,-86;-6,-85;-6,-84;-6,-83;-6,-82;-6,-81;-6,-80;-6,-79;-6,-78;-6,-77;-6,-76;-6,-75;-6,-74;-6,-73;-6,-72;-5,-91;-5,-90;-5,-89;-5,-88;-5,-87;-5,-86;-5,-85;-5,-84;-5,-83;-5,-82;-5,-81;-5,-80;-5,-79;-5,-78;-5,-77;-5,-76;-5,-75;-5,-74;-5,-73;-5,-72;-4,-91;-4,-90;-4,-89;-4,-88;-4,-87;-4,-86;-4,-85;-4,-84;-4,-83;-4,-82;-4,-81;-4,-80;-4,-79;-4,-78;-4,-77;-4,-76;-4,-75;-4,-74;-4,-73;-4,-72;-3,-91;-3,-90;-3,-89;-3,-88;-3,-87;-3,-86;-3,-85;-3,-84;-3,-83;-3,-82;-3,-81;-3,-80;-3,-79;-3,-78;-3,-77;-3,-76;-3,-75;-3,-74;-3,-73;-3,-72;-2,-91;-2,-90;-2,-89;-2,-88;-2,-87;-2,-86;-2,-85;-2,-84;-2,-83;-2,-82;-2,-81;-2,-80;-2,-79;-2,-78;-2,-77;-2,-76;-2,-75;-2,-74;-2,-73;-2,-72;-1,-91;-1,-90;-1,-89;-1,-88;-1,-87;-1,-86;-1,-85;-1,-84;-1,-83;-1,-82;-1,-81;-1,-80;-1,-79;-1,-78;-1,-77;-1,-76;-1,-75;-1,-74;-1,-73;-1,-72;0,-91;0,-90;0,-89;0,-88;0,-87;0,-86;0,-85;0,-84;0,-83;0,-82;0,-81;0,-80;0,-79;0,-78;0,-77;0,-76;0,-75;0,-74;0,-73;0,-72;1,-91;1,-90;1,-89;1,-88;1,-87;1,-86;1,-85;1,-84;1,-83;1,-82;1,-81;1,-80;1,-79;1,-78;1,-77;1,-76;1,-75;1,-74;1,-73;1,-72;2,-91;2,-90;2,-89;2,-88;2,-87;2,-86;2,-85;2,-84;2,-83;2,-82;2,-81;2,-80;2,-79;2,-78;2,-77;2,-76;2,-75;2,-74;2,-73;2,-72;3,-91;3,-90;3,-89;3,-88;3,-87;3,-86;3,-85;3,-84;3,-83;3,-82;3,-81;3,-80;3,-79;3,-78;3,-77;3,-76;3,-75;3,-74;3,-73;3,-72;4,-91;4,-90;4,-89;4,-88;4,-87;4,-86;4,-85;4,-84;4,-83;4,-82;4,-81;4,-80;4,-79;4,-78;4,-77;4,-76;4,-75;4,-74;4,-73;4,-72;5,-91;5,-90;5,-89;5,-88;5,-87;5,-86;5,-85;5,-84;5,-83;5,-82;5,-81;5,-80;5,-79;5,-78;5,-77;5,-76;5,-75;5,-74;5,-73;5,-72;6,-91;6,-90;6,-89;6,-88;6,-87;6,-86;6,-85;6,-84;6,-83;6,-82;6,-81;6,-80;6,-79;6,-78;6,-77;6,-76;6,-75;6,-74;6,-73;6,-72;7,-91;7,-90;7,-89;7,-88;7,-87;7,-86;7,-85;7,-84;7,-83;7,-82;7,-81;7,-80;7,-79;7,-78;7,-77;7,-76;7,-75;7,-74;7,-73;7,-72;8,-91;8,-90;8,-89;8,-88;8,-87;8,-86;8,-85;8,-84;8,-83;8,-82;8,-81;8,-80;8,-79;8,-78;8,-77;8,-76;8,-75;8,-74;8,-73;8,-72;9,-91;9,-90;9,-89;9,-88;9,-87;9,-86;9,-85;9,-84;9,-83;9,-82;9,-81;9,-80;9,-79;9,-78;9,-77;9,-76;9,-75;9,-74;9,-73;9,-72;10,-91;10,-90;10,-89;10,-88;10,-87;10,-86;10,-85;10,-84;10,-83;10,-82;10,-81;10,-80;10,-79;10,-78;10,-77;10,-76;10,-75;10,-74;10,-73;10,-72
-9,-69
-9,-66
-5,-128;-5,-127;-4,-128;-4,-127
-5,44;-5,45;-4,44;-4,45;-3,44;-3,45;-2,44;-2,45;-1,44;-1,45
-3,46
-2,46
-5,49
-4,-40;-4,-39;-4,-38;-3,-40;-3,-39;-3,-38;-2,-40;-2,-39;-2,-38;-1,-40;-1,-39;-1,-38
-4,-34;-3,-34;-4,-35;-3,-35;-2,-34;-2,-35;-1,-35;-1,-34
-3,-105
2,-133;2,-132
2,-55
2,16;3,16;4,16;5,16;2,17;3,17;4,17;5,17;2,18;3,18;4,18;5,18
5,100;5,101;5,102;5,103;5,104;6,100;6,101;6,102;6,103;6,104;7,100;7,101;7,102;7,103;7,104;8,100;8,101;8,102;8,103;8,104;9,100;9,101;9,102;9,103;9,104;10,100;10,101;10,102;10,103;10,104;11,100;11,101;11,102;11,103;11,104
6,-130
6,-47;7,-47
7,-36;7,-35;7,-34;7,-33;8,-36;8,-35;8,-34;8,-33;9,-36;9,-35;9,-34;9,-33;10,-36;10,-35;10,-34;10,-33
7,97;7,98;7,99;8,97;8,98;8,99;9,97;9,98;9,99;10,97;10,98;10,99;11,97;11,98;11,99
10,-48
12,-112
12,-111
13,-112
13,-111
14,-66;14,-65;15,-66;15,-65;16,-66;16,-65
14,100;14,101;14,102;14,103;14,104;15,100;15,101;15,102;15,103;15,104;16,100;16,101;16,102;16,103;16,104;17,100;17,101;17,102;17,103;17,104;18,101;18,102;18,103;18,104
15,-117;16,-117;17,-117
15,-110
15,-100
16,9
16,65
20,-33
21,-125
21,129
22,89
23,-142;23,-143;24,-142;24,-143
23,-123;24,-123
23,142;23,143;24,142;24,143
26,-84
26,8;26,9;27,8;27,9
26,105;26,106;26,107;26,108;26,109;26,110;27,105;27,106;27,107;27,108;27,109;27,110;28,105;28,106;28,107;28,108;28,109;28,110;29,105;29,106;29,107;29,108;29,109;29,110;30,105;30,106;30,107;30,108;30,109;30,110;31,105;31,106;31,107;31,108;31,109;31,110;32,105;32,106;32,107;32,108;32,109;32,110;33,105;33,106;33,107;33,108;33,109;33,110
28,-45
29,-55;29,-56;30,-55;30,-56
30,135;30,136;30,137;31,135;31,136;31,137;32,135;32,136;32,137
32,10
33,10
34,22
34,83
35,-28;35,-29;36,-29;36,-28
35,80;35,81;36,80;36,81
37,-114
38,-59
38,72;39,72
38,103
39,-32
39,67
40,-65
40,-62
40,-49;40,-48;40,-47;41,-49;41,-48;41,-47;42,-49;42,-48;42,-47
42,-55
42,12
43,-80
43,-2
44,-2
43,-3
44,-3
45,11;45,12;46,11;46,12
46,-122
46,-6
46,-5
46,-4
47,-6
47,-5
47,-4
48,-6
48,-5
48,-4
46,-3
46,-1
47,-46;48,-46;49,-46;47,-45;48,-45;49,-45;47,-44;48,-44;49,-44;47,-43;48,-43;49,-43
47,-12;48,-12;49,-12
47,-3
47,103
48,-85;48,-84;49,-85;49,-84;50,-85;50,-84
48,-53;48,-54;49,-54
49,-5
49,-3
51,-130
51,-121;51,-120;52,-121;52,-120
52,26;52,27;53,26;53,27;54,26;54,27;55,26;55,27
54,103;55,103
54,104
56,118
57,43
58,-24
59,132
61,-123
61,-27;61,-26;62,-27;62,-26
64,-102
65,34
67,29
69,-148
74,-137;74,-138;75,-137;75,-138;76,-137;76,-138;77,-137;77,-138
74,40;74,41;74,42;74,43;74,44;74,45;74,46;75,46;78,46;78,45;79,46;79,45;80,46;80,45;75,40;75,41;75,42;75,43;75,44;75,45;76,40;76,41;76,42;76,43;76,44;76,45;76,46;77,40;77,41;77,42;77,43;77,44;77,45;77,46;78,40;78,41;78,42;78,43;78,44;79,40;79,41;79,42;79,43;79,44;80,40;80,41;80,42;80,43;80,44;81,40;81,41;81,42;81,43;81,44;81,45;81,46
74,48;75,48;76,50;74,50;75,50;74,49;75,49;76,49;76,48;77,48;77,49;77,50;78,50;78,49;78,48;74,47;75,47;76,47;77,47;78,47;81,47;80,47;79,47;81,51;79,50;79,49;79,48;80,51;81,50;81,49;81,48;80,50;80,49;80,48;80,52;80,53;81,53;81,52;80,54;81,56;80,55;81,55;80,56;81,54
74,51;75,56;75,55;75,54;75,53;75,52;75,51;74,56;74,55;74,54;74,53;74,52;76,56;76,55;76,54;76,53;76,52;76,51;77,56;77,55;77,54;77,53;77,52;77,51;78,56;78,55;78,54;78,53;78,52;78,51;79,56;79,55;79,54;79,53;79,52;79,51
77,-102
77,-101
78,-105
79,-137
83,46;84,46;82,40;82,41;82,42;82,43;82,44;82,45;82,46;83,41;83,42;83,43;83,44;83,45;84,41;84,42;84,43;84,44;84,45;83,40;84,40;85,40;85,41;85,42;85,43;86,41;86,42;86,43;87,41;87,42;87,43;88,41;88,42;88,43;89,41;89,42;89,43;90,41;90,42;90,43;85,44;86,44;87,44;88,44;89,44;90,44;85,45;86,45;87,45;88,45;89,45;90,45;85,46;86,46;86,40;87,40;87,46;88,46;89,46;90,46;88,40;89,40;90,40
80,-138
81,-138
83,-16
85,-148;86,-148
90,-111;90,-110
93,-129
94,-32;94,-31;94,-30;94,-29;94,-28;95,-32;95,-31;95,-30;95,-29;95,-28;96,-32;96,-31;96,-30;96,-29;96,-28;97,-32;97,-31;97,-30;97,-29;97,-28;98,-32;98,-31;98,-30;98,-29;98,-28;99,-32;99,-31;99,-30;99,-29;99,-28
95,84;95,85;95,86;95,87;95,88;96,86;96,87;96,88;97,86;97,87;97,88;96,84;96,85;97,84;97,85;98,84;98,85;98,86;98,87;98,88;99,84;99,85;99,86;99,87;99,88
99,-131;99,-130;100,-131;100,-130
99,82
100,83;100,84;100,85;100,86;101,83;101,84;101,85;101,86;102,83;102,84;102,85;102,86;103,83;103,84;103,85;103,86
101,-108;101,-109;101,-110;102,-110;102,-109;102,-108;103,-110;103,-109;103,-108
101,-101
101,-28
108,-103
108,-102
109,-149;109,-148;109,-147;109,-146;110,-149;110,-148;110,-147;110,-146;111,-149;111,-148;111,-147;111,-146;112,-149;112,-148;112,-147;112,-146;113,-149;113,-148;113,-147;113,-146;114,-149;114,-148;114,-147;114,-146;115,-149;115,-148;115,-147;115,-146;116,-149;116,-148
109,-103;109,-102;110,-103;110,-102
110,-118
110,-26;111,-26
114,-22
116,-12;116,-11
117,34
117,55
118,-123;118,-122;119,-123;119,-122
119,-12;120,-12;119,-11;120,-11
120,-4
122,-24
123,130;123,131;124,130;124,131;125,130;125,131;126,130;126,131;127,130;127,131
126,-16;127,-16
126,44;126,45;126,46;126,47;126,48;126,49;126,50;127,44;127,45;127,46;127,47;127,48;127,49;127,50;128,44;128,45;128,46;128,47;128,48;128,49;128,50;129,44;129,45;129,46;129,47;129,48;129,49;129,50;130,44;130,45;130,46;130,47;130,48;130,49;130,50;131,44;131,45;131,46;131,47;131,48;131,49;131,50;132,44;132,45;132,46;132,47;132,48;132,49;132,50
127,-119;127,-118
128,32;128,33
129,-4;129,-3;129,-2;130,-4;130,-3;130,-2
131,-140;131,-139;132,-140;132,-139
131,-4;131,-3;131,-2
134,-98
134,-97
134,37
137,-21
137,-6;138,-6
137,-4
139,-118;139,-117;139,-116;140,-118;140,-117;140,-116;141,-118;141,-117;141,-116
139,-42
142,-146;143,-146;142,-145;143,-145;142,-144;143,-144
145,-148;144,-148
145,-51;145,-50;145,-49;145,-48;146,-51;146,-50;146,-49;146,-48;147,-51;147,-50;147,-49;147,-48;148,-51;148,-50;148,-49;148,-48
145,-37;146,-37;147,-37;148,-37
145,60;145,61;145,62;145,63;145,64;145,65;146,60;146,61;146,62;146,63;146,64;146,65;147,60;147,61;147,62;147,63;147,64;148,60;147,65;148,61;148,62;148,63;148,64;148,65;149,60;149,61;149,62;149,63;149,64;149,65
148,-34;148,-33
148,91
148,92
148,93
148,94
149,91;149,92;150,91;150,92
149,93
149,94
149,-92
149,-72
149,-51
149,-50
149,-41
150,64;150,63;150,65;150,66;150,67;150,68;150,69;150,70;150,71;150,72;150,73;151,63;151,64;151,65;151,66;151,67;151,68;151,69;151,70;151,71;151,72;151,73;152,63;152,64;152,65;152,66;152,67;152,68;152,69;152,70;152,71;152,72;152,73;153,63;153,64;153,65;153,66;153,67;153,68;153,69;153,70;153,71;153,72;153,73;154,63;154,64;154,65;154,66;154,67;154,68;154,69;154,70;154,71;154,72;154,73;155,63;155,64;155,65;155,66;155,67;155,68;155,69;155,70;155,71;155,72;155,73;156,63;156,64;156,65;156,66;156,67;156,68;156,69;156,70;156,71;156,72;156,73;157,63;157,64;157,65;157,66;157,67;157,68;157,69;157,70;157,71;157,72;157,73;158,63;158,64;158,65;158,66;158,67;158,68;158,69;158,70;158,71;158,72;158,73;159,63;159,64;159,65;159,66;159,67;159,68;159,69;159,70;159,71;159,72;159,73;160,63;160,64;160,65;160,66;160,67;160,68;160,69;160,70;160,71;160,72;160,73